osgb4000000074566736,http://data.ordnancesurvey.co.uk/id/4000000074566736,Folkestone,,,,populatedPlace,Town,622846,136189,37000,2000000,618402,134887,624125,137977,CT20,http://data.ordnancesurvey.co.uk/id/postcodedistrict/CT20,,,,Folkestone and Hythe,http://data.ordnancesurvey.co.uk/id/7000000000018085,http://data.ordnancesurvey.co.uk/ontology/admingeo/District,Kent,http://data.ordnancesurvey.co.uk/id/7000000000018210,http://data.ordnancesurvey.co.uk/ontology/admingeo/County,South East,http://data.ordnancesurvey.co.uk/id/7000000000041421,England,http://data.ordnancesurvey.co.uk/id/country/england,,http://dbpedia.org/resource/Folkestone,http://sws.geonames.org/2649258
osgb4000000074568134,http://data.ordnancesurvey.co.uk/id/4000000074568134,Cheriton,,,,populatedPlace,Suburban Area,620077,136751,10000,25000,619151,136566,620719,137500,CT19,http://data.ordnancesurvey.co.uk/id/postcodedistrict/CT19,,,,Folkestone and Hythe,http://data.ordnancesurvey.co.uk/id/7000000000018085,http://data.ordnancesurvey.co.uk/ontology/admingeo/District,Kent,http://data.ordnancesurvey.co.uk/id/7000000000018210,http://data.ordnancesurvey.co.uk/ontology/admingeo/County,South East,http://data.ordnancesurvey.co.uk/id/7000000000041421,England,http://data.ordnancesurvey.co.uk/id/country/england,,"http://dbpedia.org/resource/Cheriton,_Kent",
osgb4000000074568384,http://data.ordnancesurvey.co.uk/id/4000000074568384,Capel-le-Ferne,,,,populatedPlace,Village,624760,138442,14000,250000,624011,137789,626144,139662,CT18,http://data.ordnancesurvey.co.uk/id/postcodedistrict/CT18,,,,Dover,http://data.ordnancesurvey.co.uk/id/7000000000017977,http://data.ordnancesurvey.co.uk/ontology/admingeo/District,Kent,http://data.ordnancesurvey.co.uk/id/7000000000018210,http://data.ordnancesurvey.co.uk/ontology/admingeo/County,South East,http://data.ordnancesurvey.co.uk/id/7000000000041421,England,http://data.ordnancesurvey.co.uk/id/country/england,,http://dbpedia.org/resource/Capel-le-Ferne,
osgb4000000074568132,http://data.ordnancesurvey.co.uk/id/4000000074568132,Coolinge,,,,populatedPlace,Suburban Area,620882,135988,3000,25000,620537,135715,621037,136230,CT20,http://data.ordnancesurvey.co.uk/id/postcodedistrict/CT20,,,,Folkestone and Hythe,http://data.ordnancesurvey.co.uk/id/7000000000018085,http://data.ordnancesurvey.co.uk/ontology/admingeo/District,Kent,http://data.ordnancesurvey.co.uk/id/7000000000018210,http://data.ordnancesurvey.co.uk/ontology/admingeo/County,South East,http://data.ordnancesurvey.co.uk/id/7000000000041421,England,http://data.ordnancesurvey.co.uk/id/country/england,,,
osgb4000000074568381,http://data.ordnancesurvey.co.uk/id/4000000074568381,Church Hougham,,,,populatedPlace,Hamlet,627936,139997,5000,25000,627704,139752,628204,140252,CT15,http://data.ordnancesurvey.co.uk/id/postcodedistrict/CT15,,,,Dover,http://data.ordnancesurvey.co.uk/id/7000000000017977,http://data.ordnancesurvey.co.uk/ontology/admingeo/District,Kent,http://data.ordnancesurvey.co.uk/id/7000000000018210,http://data.ordnancesurvey.co.uk/ontology/admingeo/County,South East,http://data.ordnancesurvey.co.uk/id/7000000000041421,England,http://data.ordnancesurvey.co.uk/id/country/england,,,
osgb4000000074566745,http://data.ordnancesurvey.co.uk/id/4000000074566745,Gibraltar,,,,populatedPlace,Hamlet,620750,139004,5000,25000,620439,138714,620939,139214,CT18,http://data.ordnancesurvey.co.uk/id/postcodedistrict/CT18,,,,Folkestone and Hythe,http://data.ordnancesurvey.co.uk/id/7000000000018085,http://data.ordnancesurvey.co.uk/ontology/admingeo/District,Kent,http://data.ordnancesurvey.co.uk/id/7000000000018210,http://data.ordnancesurvey.co.uk/ontology/admingeo/County,South East,http://data.ordnancesurvey.co.uk/id/7000000000041421,England,http://data.ordnancesurvey.co.uk/id/country/england,,,
osgb4000000074566747,http://data.ordnancesurvey.co.uk/id/4000000074566747,Hawkinge,,,,populatedPlace,Village,621535,139999,13000,250000,620352,138854,622400,140856,CT18,http://data.ordnancesurvey.co.uk/id/postcodedistrict/CT18,,,,Folkestone and Hythe,http://data.ordnancesurvey.co.uk/id/7000000000018085,http://data.ordnancesurvey.co.uk/ontology/admingeo/District,Kent,http://data.ordnancesurvey.co.uk/id/7000000000018210,http://data.ordnancesurvey.co.uk/ontology/admingeo/County,South East,http://data.ordnancesurvey.co.uk/id/7000000000041421,England,http://data.ordnancesurvey.co.uk/id/country/england,,http://dbpedia.org/resource/Hawkinge,http://sws.geonames.org/2647289
osgb4000000074566746,http://data.ordnancesurvey.co.uk/id/4000000074566746,Elvington,,,,populatedPlace,Hamlet,620299,138428,5000,25000,620002,138275,620502,139050,CT18,http://data.ordnancesurvey.co.uk/id/postcodedistrict/CT18,,,,Folkestone and Hythe,http://data.ordnancesurvey.co.uk/id/7000000000018085,http://data.ordnancesurvey.co.uk/ontology/admingeo/District,Kent,http://data.ordnancesurvey.co.uk/id/7000000000018210,http://data.ordnancesurvey.co.uk/ontology/admingeo/County,South East,http://data.ordnancesurvey.co.uk/id/7000000000041421,England,http://data.ordnancesurvey.co.uk/id/country/england,,,
osgb4000000074568382,http://data.ordnancesurvey.co.uk/id/4000000074568382,Satmar,,,,populatedPlace,Hamlet,625676,139335,5000,25000,625383,139060,625883,139560,CT18,http://data.ordnancesurvey.co.uk/id/postcodedistrict/CT18,,,,Dover,http://data.ordnancesurvey.co.uk/id/7000000000017977,http://data.ordnancesurvey.co.uk/ontology/admingeo/District,Kent,http://data.ordnancesurvey.co.uk/id/7000000000018210,http://data.ordnancesurvey.co.uk/ontology/admingeo/County,South East,http://data.ordnancesurvey.co.uk/id/7000000000041421,England,http://data.ordnancesurvey.co.uk/id/country/england,,,
osgb4000000074566737,http://data.ordnancesurvey.co.uk/id/4000000074566737,Foord,,,,populatedPlace,Suburban Area,623050,136928,4000,25000,622614,136392,623283,137031,CT19,http://data.ordnancesurvey.co.uk/id/postcodedistrict/CT19,,,,Folkestone and Hythe,http://data.ordnancesurvey.co.uk/id/7000000000018085,http://data.ordnancesurvey.co.uk/ontology/admingeo/District,Kent,http://data.ordnancesurvey.co.uk/id/7000000000018210,http://data.ordnancesurvey.co.uk/ontology/admingeo/County,South East,http://data.ordnancesurvey.co.uk/id/7000000000041421,England,http://data.ordnancesurvey.co.uk/id/country/england,,,
osgb4000000074568137,http://data.ordnancesurvey.co.uk/id/4000000074568137,Sandgate,,,,populatedPlace,Suburban Area,620321,135514,16000,25000,618993,134887,621494,135666,CT20,http://data.ordnancesurvey.co.uk/id/postcodedistrict/CT20,,,,Folkestone and Hythe,http://data.ordnancesurvey.co.uk/id/7000000000018085,http://data.ordnancesurvey.co.uk/ontology/admingeo/District,Kent,http://data.ordnancesurvey.co.uk/id/7000000000018210,http://data.ordnancesurvey.co.uk/ontology/admingeo/County,South East,http://data.ordnancesurvey.co.uk/id/7000000000041421,England,http://data.ordnancesurvey.co.uk/id/country/england,,"http://dbpedia.org/resource/Sandgate,_Kent",http://sws.geonames.org/2638588
CT202RY,http://data.ordnancesurvey.co.uk/id/postcodeunit/CT202RY,CT20 2RY,,,,other,Postcode,622016,135951,3500,18000,,,,,,,Folkestone,http://data.ordnancesurvey.co.uk/id/4000000074566736,http://www.ordnancesurvey.co.uk/xml/codelists/localtype.xml#town,Folkestone and Hythe,http://data.ordnancesurvey.co.uk/id/7000000000018085,http://data.ordnancesurvey.co.uk/ontology/admingeo/District,Kent,http://data.ordnancesurvey.co.uk/id/7000000000018210,http://data.ordnancesurvey.co.uk/ontology/admingeo/County,South East,http://data.ordnancesurvey.co.uk/id/7000000000041421,England,http://data.ordnancesurvey.co.uk/id/country/england,,,
CT202TP,http://data.ordnancesurvey.co.uk/id/postcodeunit/CT202TP,CT20 2TP,,,,other,Postcode,621961,135855,3500,18000,,,,,,,Folkestone,http://data.ordnancesurvey.co.uk/id/4000000074566736,http://www.ordnancesurvey.co.uk/xml/codelists/localtype.xml#town,Folkestone and Hythe,http://data.ordnancesurvey.co.uk/id/7000000000018085,http://data.ordnancesurvey.co.uk/ontology/admingeo/District,Kent,http://data.ordnancesurvey.co.uk/id/7000000000018210,http://data.ordnancesurvey.co.uk/ontology/admingeo/County,South East,http://data.ordnancesurvey.co.uk/id/7000000000041421,England,http://data.ordnancesurvey.co.uk/id/country/england,,,
CT194EA,http://data.ordnancesurvey.co.uk/id/postcodeunit/CT194EA,CT19 4EA,,,,other,Postcode,620670,136863,3500,18000,,,,,,,Folkestone,http://data.ordnancesurvey.co.uk/id/4000000074566736,http://www.ordnancesurvey.co.uk/xml/codelists/localtype.xml#town,Folkestone and Hythe,http://data.ordnancesurvey.co.uk/id/7000000000018085,http://data.ordnancesurvey.co.uk/ontology/admingeo/District,Kent,http://data.ordnancesurvey.co.uk/id/7000000000018210,http://data.ordnancesurvey.co.uk/ontology/admingeo/County,South East,http://data.ordnancesurvey.co.uk/id/7000000000041421,England,http://data.ordnancesurvey.co.uk/id/country/england,,,
CT203AB,http://data.ordnancesurvey.co.uk/id/postcodeunit/CT203AB,CT20 3AB,,,,other,Postcode,621044,135213,3500,18000,,,,,,,Folkestone,http://data.ordnancesurvey.co.uk/id/4000000074566736,http://www.ordnancesurvey.co.uk/xml/codelists/localtype.xml#town,Folkestone and Hythe,http://data.ordnancesurvey.co.uk/id/7000000000018085,http://data.ordnancesurvey.co.uk/ontology/admingeo/District,Kent,http://data.ordnancesurvey.co.uk/id/7000000000018210,http://data.ordnancesurvey.co.uk/ontology/admingeo/County,South East,http://data.ordnancesurvey.co.uk/id/7000000000041421,England,http://data.ordnancesurvey.co.uk/id/country/england,,,
CT195LG,http://data.ordnancesurvey.co.uk/id/postcodeunit/CT195LG,CT19 5LG,,,,other,Postcode,621325,137059,3500,18000,,,,,,,Folkestone,http://data.ordnancesurvey.co.uk/id/4000000074566736,http://www.ordnancesurvey.co.uk/xml/codelists/localtype.xml#town,Folkestone and Hythe,http://data.ordnancesurvey.co.uk/id/7000000000018085,http://data.ordnancesurvey.co.uk/ontology/admingeo/District,Kent,http://data.ordnancesurvey.co.uk/id/7000000000018210,http://data.ordnancesurvey.co.uk/ontology/admingeo/County,South East,http://data.ordnancesurvey.co.uk/id/7000000000041421,England,http://data.ordnancesurvey.co.uk/id/country/england,,,
CT194BB,http://data.ordnancesurvey.co.uk/id/postcodeunit/CT194BB,CT19 4BB,,,,other,Postcode,620712,136553,3500,18000,,,,,,,Folkestone,http://data.ordnancesurvey.co.uk/id/4000000074566736,http://www.ordnancesurvey.co.uk/xml/codelists/localtype.xml#town,Folkestone and Hythe,http://data.ordnancesurvey.co.uk/id/7000000000018085,http://data.ordnancesurvey.co.uk/ontology/admingeo/District,Kent,http://data.ordnancesurvey.co.uk/id/7000000000018210,http://data.ordnancesurvey.co.uk/ontology/admingeo/County,South East,http://data.ordnancesurvey.co.uk/id/7000000000041421,England,http://data.ordnancesurvey.co.uk/id/country/england,,,
CT187HY,http://data.ordnancesurvey.co.uk/id/postcodeunit/CT187HY,CT18 7HY,,,,other,Postcode,626351,138705,3500,18000,,,,,,,,,,Dover,http://data.ordnancesurvey.co.uk/id/7000000000017977,http://data.ordnancesurvey.co.uk/ontology/admingeo/District,Kent,http://data.ordnancesurvey.co.uk/id/7000000000018210,http://data.ordnancesurvey.co.uk/ontology/admingeo/County,South East,http://data.ordnancesurvey.co.uk/id/7000000000041421,England,http://data.ordnancesurvey.co.uk/id/country/england,,,
CT201HZ,http://data.ordnancesurvey.co.uk/id/postcodeunit/CT201HZ,CT20 1HZ,,,,other,Postcode,622935,136408,3500,18000,,,,,,,Folkestone,http://data.ordnancesurvey.co.uk/id/4000000074566736,http://www.ordnancesurvey.co.uk/xml/codelists/localtype.xml#town,Folkestone and Hythe,http://data.ordnancesurvey.co.uk/id/7000000000018085,http://data.ordnancesurvey.co.uk/ontology/admingeo/District,Kent,http://data.ordnancesurvey.co.uk/id/7000000000018210,http://data.ordnancesurvey.co.uk/ontology/admingeo/County,South East,http://data.ordnancesurvey.co.uk/id/7000000000041421,England,http://data.ordnancesurvey.co.uk/id/country/england,,,
CT187EJ,http://data.ordnancesurvey.co.uk/id/postcodeunit/CT187EJ,CT18 7EJ,,,,other,Postcode,623026,139437,3500,18000,,,,,,,,,,Folkestone and Hythe,http://data.ordnancesurvey.co.uk/id/7000000000018085,http://data.ordnancesurvey.co.uk/ontology/admingeo/District,Kent,http://data.ordnancesurvey.co.uk/id/7000000000018210,http://data.ordnancesurvey.co.uk/ontology/admingeo/County,South East,http://data.ordnancesurvey.co.uk/id/7000000000041421,England,http://data.ordnancesurvey.co.uk/id/country/england,,,
CT201QJ,http://data.ordnancesurvey.co.uk/id/postcodeunit/CT201QJ,CT20 1QJ,,,,other,Postcode,623131,135912,3500,18000,,,,,,,Folkestone,http://data.ordnancesurvey.co.uk/id/4000000074566736,http://www.ordnancesurvey.co.uk/xml/codelists/localtype.xml#town,Folkestone and Hythe,http://data.ordnancesurvey.co.uk/id/7000000000018085,http://data.ordnancesurvey.co.uk/ontology/admingeo/District,Kent,http://data.ordnancesurvey.co.uk/id/7000000000018210,http://data.ordnancesurvey.co.uk/ontology/admingeo/County,South East,http://data.ordnancesurvey.co.uk/id/7000000000041421,England,http://data.ordnancesurvey.co.uk/id/country/england,,,
CT203PA,http://data.ordnancesurvey.co.uk/id/postcodeunit/CT203PA,CT20 3PA,,,,other,Postcode,620988,136430,3500,18000,,,,,,,Folkestone,http://data.ordnancesurvey.co.uk/id/4000000074566736,http://www.ordnancesurvey.co.uk/xml/codelists/localtype.xml#town,Folkestone and Hythe,http://data.ordnancesurvey.co.uk/id/7000000000018085,http://data.ordnancesurvey.co.uk/ontology/admingeo/District,Kent,http://data.ordnancesurvey.co.uk/id/7000000000018210,http://data.ordnancesurvey.co.uk/ontology/admingeo/County,South East,http://data.ordnancesurvey.co.uk/id/7000000000041421,England,http://data.ordnancesurvey.co.uk/id/country/england,,,
CT195DH,http://data.ordnancesurvey.co.uk/id/postcodeunit/CT195DH,CT19 5DH,,,,other,Postcode,622435,136977,3500,18000,,,,,,,Folkestone,http://data.ordnancesurvey.co.uk/id/4000000074566736,http://www.ordnancesurvey.co.uk/xml/codelists/localtype.xml#town,Folkestone and Hythe,http://data.ordnancesurvey.co.uk/id/7000000000018085,http://data.ordnancesurvey.co.uk/ontology/admingeo/District,Kent,http://data.ordnancesurvey.co.uk/id/7000000000018210,http://data.ordnancesurvey.co.uk/ontology/admingeo/County,South East,http://data.ordnancesurvey.co.uk/id/7000000000041421,England,http://data.ordnancesurvey.co.uk/id/country/england,,,
CT202TQ,http://data.ordnancesurvey.co.uk/id/postcodeunit/CT202TQ,CT20 2TQ,,,,other,Postcode,622308,135716,3500,18000,,,,,,,Folkestone,http://data.ordnancesurvey.co.uk/id/4000000074566736,http://www.ordnancesurvey.co.uk/xml/codelists/localtype.xml#town,Folkestone and Hythe,http://data.ordnancesurvey.co.uk/id/7000000000018085,http://data.ordnancesurvey.co.uk/ontology/admingeo/District,Kent,http://data.ordnancesurvey.co.uk/id/7000000000018210,http://data.ordnancesurvey.co.uk/ontology/admingeo/County,South East,http://data.ordnancesurvey.co.uk/id/7000000000041421,England,http://data.ordnancesurvey.co.uk/id/country/england,,,
CT202TS,http://data.ordnancesurvey.co.uk/id/postcodeunit/CT202TS,CT20 2TS,,,,other,Postcode,621962,135856,3500,18000,,,,,,,Folkestone,http://data.ordnancesurvey.co.uk/id/4000000074566736,http://www.ordnancesurvey.co.uk/xml/codelists/localtype.xml#town,Folkestone and Hythe,http://data.ordnancesurvey.co.uk/id/7000000000018085,http://data.ordnancesurvey.co.uk/ontology/admingeo/District,Kent,http://data.ordnancesurvey.co.uk/id/7000000000018210,http://data.ordnancesurvey.co.uk/ontology/admingeo/County,South East,http://data.ordnancesurvey.co.uk/id/7000000000041421,England,http://data.ordnancesurvey.co.uk/id/country/england,,,
CT202JY,http://data.ordnancesurvey.co.uk/id/postcodeunit/CT202JY,CT20 2JY,,,,other,Postcode,621413,135980,3500,18000,,,,,,,Folkestone,http://data.ordnancesurvey.co.uk/id/4000000074566736,http://www.ordnancesurvey.co.uk/xml/codelists/localtype.xml#town,Folkestone and Hythe,http://data.ordnancesurvey.co.uk/id/7000000000018085,http://data.ordnancesurvey.co.uk/ontology/admingeo/District,Kent,http://data.ordnancesurvey.co.uk/id/7000000000018210,http://data.ordnancesurvey.co.uk/ontology/admingeo/County,South East,http://data.ordnancesurvey.co.uk/id/7000000000041421,England,http://data.ordnancesurvey.co.uk/id/country/england,,,
CT195QF,http://data.ordnancesurvey.co.uk/id/postcodeunit/CT195QF,CT19 5QF,,,,other,Postcode,622397,137582,3500,18000,,,,,,,Folkestone,http://data.ordnancesurvey.co.uk/id/4000000074566736,http://www.ordnancesurvey.co.uk/xml/codelists/localtype.xml#town,Folkestone and Hythe,http://data.ordnancesurvey.co.uk/id/7000000000018085,http://data.ordnancesurvey.co.uk/ontology/admingeo/District,Kent,http://data.ordnancesurvey.co.uk/id/7000000000018210,http://data.ordnancesurvey.co.uk/ontology/admingeo/County,South East,http://data.ordnancesurvey.co.uk/id/7000000000041421,England,http://data.ordnancesurvey.co.uk/id/country/england,,,
CT196JF,http://data.ordnancesurvey.co.uk/id/postcodeunit/CT196JF,CT19 6JF,,,,other,Postcode,623180,137434,3500,18000,,,,,,,Folkestone,http://data.ordnancesurvey.co.uk/id/4000000074566736,http://www.ordnancesurvey.co.uk/xml/codelists/localtype.xml#town,Folkestone and Hythe,http://data.ordnancesurvey.co.uk/id/7000000000018085,http://data.ordnancesurvey.co.uk/ontology/admingeo/District,Kent,http://data.ordnancesurvey.co.uk/id/7000000000018210,http://data.ordnancesurvey.co.uk/ontology/admingeo/County,South East,http://data.ordnancesurvey.co.uk/id/7000000000041421,England,http://data.ordnancesurvey.co.uk/id/country/england,,,
CT202PJ,http://data.ordnancesurvey.co.uk/id/postcodeunit/CT202PJ,CT20 2PJ,,,,other,Postcode,621103,136240,3500,18000,,,,,,,Folkestone,http://data.ordnancesurvey.co.uk/id/4000000074566736,http://www.ordnancesurvey.co.uk/xml/codelists/localtype.xml#town,Folkestone and Hythe,http://data.ordnancesurvey.co.uk/id/7000000000018085,http://data.ordnancesurvey.co.uk/ontology/admingeo/District,Kent,http://data.ordnancesurvey.co.uk/id/7000000000018210,http://data.ordnancesurvey.co.uk/ontology/admingeo/County,South East,http://data.ordnancesurvey.co.uk/id/7000000000041421,England,http://data.ordnancesurvey.co.uk/id/country/england,,,
CT196EE,http://data.ordnancesurvey.co.uk/id/postcodeunit/CT196EE,CT19 6EE,,,,other,Postcode,623289,136910,3500,18000,,,,,,,Folkestone,http://data.ordnancesurvey.co.uk/id/4000000074566736,http://www.ordnancesurvey.co.uk/xml/codelists/localtype.xml#town,Folkestone and Hythe,http://data.ordnancesurvey.co.uk/id/7000000000018085,http://data.ordnancesurvey.co.uk/ontology/admingeo/District,Kent,http://data.ordnancesurvey.co.uk/id/7000000000018210,http://data.ordnancesurvey.co.uk/ontology/admingeo/County,South East,http://data.ordnancesurvey.co.uk/id/7000000000041421,England,http://data.ordnancesurvey.co.uk/id/country/england,,,
CT187LB,http://data.ordnancesurvey.co.uk/id/postcodeunit/CT187LB,CT18 7LB,,,,other,Postcode,625214,138474,3500,18000,,,,,,,Capel-le-Ferne,http://data.ordnancesurvey.co.uk/id/4000000074568384,http://www.ordnancesurvey.co.uk/xml/codelists/localtype.xml#village,Dover,http://data.ordnancesurvey.co.uk/id/7000000000017977,http://data.ordnancesurvey.co.uk/ontology/admingeo/District,Kent,http://data.ordnancesurvey.co.uk/id/7000000000018210,http://data.ordnancesurvey.co.uk/ontology/admingeo/County,South East,http://data.ordnancesurvey.co.uk/id/7000000000041421,England,http://data.ordnancesurvey.co.uk/id/country/england,,,
CT209TN,http://data.ordnancesurvey.co.uk/id/postcodeunit/CT209TN,CT20 9TN,,,,other,Postcode,622119,135914,3500,18000,,,,,,,Folkestone,http://data.ordnancesurvey.co.uk/id/4000000074566736,http://www.ordnancesurvey.co.uk/xml/codelists/localtype.xml#town,Folkestone and Hythe,http://data.ordnancesurvey.co.uk/id/7000000000018085,http://data.ordnancesurvey.co.uk/ontology/admingeo/District,Kent,http://data.ordnancesurvey.co.uk/id/7000000000018210,http://data.ordnancesurvey.co.uk/ontology/admingeo/County,South East,http://data.ordnancesurvey.co.uk/id/7000000000041421,England,http://data.ordnancesurvey.co.uk/id/country/england,,,
CT187WD,http://data.ordnancesurvey.co.uk/id/postcodeunit/CT187WD,CT18 7WD,,,,other,Postcode,622641,135834,3500,18000,,,,,,,Folkestone,http://data.ordnancesurvey.co.uk/id/4000000074566736,http://www.ordnancesurvey.co.uk/xml/codelists/localtype.xml#town,Folkestone and Hythe,http://data.ordnancesurvey.co.uk/id/7000000000018085,http://data.ordnancesurvey.co.uk/ontology/admingeo/District,Kent,http://data.ordnancesurvey.co.uk/id/7000000000018210,http://data.ordnancesurvey.co.uk/ontology/admingeo/County,South East,http://data.ordnancesurvey.co.uk/id/7000000000041421,England,http://data.ordnancesurvey.co.uk/id/country/england,,,
CT194NJ,http://data.ordnancesurvey.co.uk/id/postcodeunit/CT194NJ,CT19 4NJ,,,,other,Postcode,620370,137338,3500,18000,,,,,,,Folkestone,http://data.ordnancesurvey.co.uk/id/4000000074566736,http://www.ordnancesurvey.co.uk/xml/codelists/localtype.xml#town,Folkestone and Hythe,http://data.ordnancesurvey.co.uk/id/7000000000018085,http://data.ordnancesurvey.co.uk/ontology/admingeo/District,Kent,http://data.ordnancesurvey.co.uk/id/7000000000018210,http://data.ordnancesurvey.co.uk/ontology/admingeo/County,South East,http://data.ordnancesurvey.co.uk/id/7000000000041421,England,http://data.ordnancesurvey.co.uk/id/country/england,,,
CT203PF,http://data.ordnancesurvey.co.uk/id/postcodeunit/CT203PF,CT20 3PF,,,,other,Postcode,620570,136278,3500,18000,,,,,,,Folkestone,http://data.ordnancesurvey.co.uk/id/4000000074566736,http://www.ordnancesurvey.co.uk/xml/codelists/localtype.xml#town,Folkestone and Hythe,http://data.ordnancesurvey.co.uk/id/7000000000018085,http://data.ordnancesurvey.co.uk/ontology/admingeo/District,Kent,http://data.ordnancesurvey.co.uk/id/7000000000018210,http://data.ordnancesurvey.co.uk/ontology/admingeo/County,South East,http://data.ordnancesurvey.co.uk/id/7000000000041421,England,http://data.ordnancesurvey.co.uk/id/country/england,,,
CT187PB,http://data.ordnancesurvey.co.uk/id/postcodeunit/CT187PB,CT18 7PB,,,,other,Postcode,621083,139695,3500,18000,,,,,,,Hawkinge,http://data.ordnancesurvey.co.uk/id/4000000074566747,http://www.ordnancesurvey.co.uk/xml/codelists/localtype.xml#village,Folkestone and Hythe,http://data.ordnancesurvey.co.uk/id/7000000000018085,http://data.ordnancesurvey.co.uk/ontology/admingeo/District,Kent,http://data.ordnancesurvey.co.uk/id/7000000000018210,http://data.ordnancesurvey.co.uk/ontology/admingeo/County,South East,http://data.ordnancesurvey.co.uk/id/7000000000041421,England,http://data.ordnancesurvey.co.uk/id/country/england,,,
CT194EH,http://data.ordnancesurvey.co.uk/id/postcodeunit/CT194EH,CT19 4EH,,,,other,Postcode,620836,136665,3500,18000,,,,,,,Folkestone,http://data.ordnancesurvey.co.uk/id/4000000074566736,http://www.ordnancesurvey.co.uk/xml/codelists/localtype.xml#town,Folkestone and Hythe,http://data.ordnancesurvey.co.uk/id/7000000000018085,http://data.ordnancesurvey.co.uk/ontology/admingeo/District,Kent,http://data.ordnancesurvey.co.uk/id/7000000000018210,http://data.ordnancesurvey.co.uk/ontology/admingeo/County,South East,http://data.ordnancesurvey.co.uk/id/7000000000041421,England,http://data.ordnancesurvey.co.uk/id/country/england,,,
CT194NR,http://data.ordnancesurvey.co.uk/id/postcodeunit/CT194NR,CT19 4NR,,,,other,Postcode,620179,137106,3500,18000,,,,,,,Folkestone,http://data.ordnancesurvey.co.uk/id/4000000074566736,http://www.ordnancesurvey.co.uk/xml/codelists/localtype.xml#town,Folkestone and Hythe,http://data.ordnancesurvey.co.uk/id/7000000000018085,http://data.ordnancesurvey.co.uk/ontology/admingeo/District,Kent,http://data.ordnancesurvey.co.uk/id/7000000000018210,http://data.ordnancesurvey.co.uk/ontology/admingeo/County,South East,http://data.ordnancesurvey.co.uk/id/7000000000041421,England,http://data.ordnancesurvey.co.uk/id/country/england,,,
CT194EX,http://data.ordnancesurvey.co.uk/id/postcodeunit/CT194EX,CT19 4EX,,,,other,Postcode,620321,136789,3500,18000,,,,,,,Folkestone,http://data.ordnancesurvey.co.uk/id/4000000074566736,http://www.ordnancesurvey.co.uk/xml/codelists/localtype.xml#town,Folkestone and Hythe,http://data.ordnancesurvey.co.uk/id/7000000000018085,http://data.ordnancesurvey.co.uk/ontology/admingeo/District,Kent,http://data.ordnancesurvey.co.uk/id/7000000000018210,http://data.ordnancesurvey.co.uk/ontology/admingeo/County,South East,http://data.ordnancesurvey.co.uk/id/7000000000041421,England,http://data.ordnancesurvey.co.uk/id/country/england,,,
CT202SY,http://data.ordnancesurvey.co.uk/id/postcodeunit/CT202SY,CT20 2SY,,,,other,Postcode,622364,135826,3500,18000,,,,,,,Folkestone,http://data.ordnancesurvey.co.uk/id/4000000074566736,http://www.ordnancesurvey.co.uk/xml/codelists/localtype.xml#town,Folkestone and Hythe,http://data.ordnancesurvey.co.uk/id/7000000000018085,http://data.ordnancesurvey.co.uk/ontology/admingeo/District,Kent,http://data.ordnancesurvey.co.uk/id/7000000000018210,http://data.ordnancesurvey.co.uk/ontology/admingeo/County,South East,http://data.ordnancesurvey.co.uk/id/7000000000041421,England,http://data.ordnancesurvey.co.uk/id/country/england,,,
CT202SX,http://data.ordnancesurvey.co.uk/id/postcodeunit/CT202SX,CT20 2SX,,,,other,Postcode,622352,135749,3500,18000,,,,,,,Folkestone,http://data.ordnancesurvey.co.uk/id/4000000074566736,http://www.ordnancesurvey.co.uk/xml/codelists/localtype.xml#town,Folkestone and Hythe,http://data.ordnancesurvey.co.uk/id/7000000000018085,http://data.ordnancesurvey.co.uk/ontology/admingeo/District,Kent,http://data.ordnancesurvey.co.uk/id/7000000000018210,http://data.ordnancesurvey.co.uk/ontology/admingeo/County,South East,http://data.ordnancesurvey.co.uk/id/7000000000041421,England,http://data.ordnancesurvey.co.uk/id/country/england,,,
CT194RG,http://data.ordnancesurvey.co.uk/id/postcodeunit/CT194RG,CT19 4RG,,,,other,Postcode,620726,137474,3500,18000,,,,,,,Folkestone,http://data.ordnancesurvey.co.uk/id/4000000074566736,http://www.ordnancesurvey.co.uk/xml/codelists/localtype.xml#town,Folkestone and Hythe,http://data.ordnancesurvey.co.uk/id/7000000000018085,http://data.ordnancesurvey.co.uk/ontology/admingeo/District,Kent,http://data.ordnancesurvey.co.uk/id/7000000000018210,http://data.ordnancesurvey.co.uk/ontology/admingeo/County,South East,http://data.ordnancesurvey.co.uk/id/7000000000041421,England,http://data.ordnancesurvey.co.uk/id/country/england,,,
CT195JP,http://data.ordnancesurvey.co.uk/id/postcodeunit/CT195JP,CT19 5JP,,,,other,Postcode,621685,136360,3500,18000,,,,,,,Folkestone,http://data.ordnancesurvey.co.uk/id/4000000074566736,http://www.ordnancesurvey.co.uk/xml/codelists/localtype.xml#town,Folkestone and Hythe,http://data.ordnancesurvey.co.uk/id/7000000000018085,http://data.ordnancesurvey.co.uk/ontology/admingeo/District,Kent,http://data.ordnancesurvey.co.uk/id/7000000000018210,http://data.ordnancesurvey.co.uk/ontology/admingeo/County,South East,http://data.ordnancesurvey.co.uk/id/7000000000041421,England,http://data.ordnancesurvey.co.uk/id/country/england,,,
CT187FN,http://data.ordnancesurvey.co.uk/id/postcodeunit/CT187FN,CT18 7FN,,,,other,Postcode,621518,139481,3500,18000,,,,,,,Hawkinge,http://data.ordnancesurvey.co.uk/id/4000000074566747,http://www.ordnancesurvey.co.uk/xml/codelists/localtype.xml#village,Folkestone and Hythe,http://data.ordnancesurvey.co.uk/id/7000000000018085,http://data.ordnancesurvey.co.uk/ontology/admingeo/District,Kent,http://data.ordnancesurvey.co.uk/id/7000000000018210,http://data.ordnancesurvey.co.uk/ontology/admingeo/County,South East,http://data.ordnancesurvey.co.uk/id/7000000000041421,England,http://data.ordnancesurvey.co.uk/id/country/england,,,
CT196DW,http://data.ordnancesurvey.co.uk/id/postcodeunit/CT196DW,CT19 6DW,,,,other,Postcode,623770,136694,3500,18000,,,,,,,Folkestone,http://data.ordnancesurvey.co.uk/id/4000000074566736,http://www.ordnancesurvey.co.uk/xml/codelists/localtype.xml#town,Folkestone and Hythe,http://data.ordnancesurvey.co.uk/id/7000000000018085,http://data.ordnancesurvey.co.uk/ontology/admingeo/District,Kent,http://data.ordnancesurvey.co.uk/id/7000000000018210,http://data.ordnancesurvey.co.uk/ontology/admingeo/County,South East,http://data.ordnancesurvey.co.uk/id/7000000000041421,England,http://data.ordnancesurvey.co.uk/id/country/england,,,
CT194DY,http://data.ordnancesurvey.co.uk/id/postcodeunit/CT194DY,CT19 4DY,,,,other,Postcode,620605,136742,3500,18000,,,,,,,Folkestone,http://data.ordnancesurvey.co.uk/id/4000000074566736,http://www.ordnancesurvey.co.uk/xml/codelists/localtype.xml#town,Folkestone and Hythe,http://data.ordnancesurvey.co.uk/id/7000000000018085,http://data.ordnancesurvey.co.uk/ontology/admingeo/District,Kent,http://data.ordnancesurvey.co.uk/id/7000000000018210,http://data.ordnancesurvey.co.uk/ontology/admingeo/County,South East,http://data.ordnancesurvey.co.uk/id/7000000000041421,England,http://data.ordnancesurvey.co.uk/id/country/england,,,
CT203NX,http://data.ordnancesurvey.co.uk/id/postcodeunit/CT203NX,CT20 3NX,,,,other,Postcode,620475,135740,3500,18000,,,,,,,Folkestone,http://data.ordnancesurvey.co.uk/id/4000000074566736,http://www.ordnancesurvey.co.uk/xml/codelists/localtype.xml#town,Folkestone and Hythe,http://data.ordnancesurvey.co.uk/id/7000000000018085,http://data.ordnancesurvey.co.uk/ontology/admingeo/District,Kent,http://data.ordnancesurvey.co.uk/id/7000000000018210,http://data.ordnancesurvey.co.uk/ontology/admingeo/County,South East,http://data.ordnancesurvey.co.uk/id/7000000000041421,England,http://data.ordnancesurvey.co.uk/id/country/england,,,
CT209TA,http://data.ordnancesurvey.co.uk/id/postcodeunit/CT209TA,CT20 9TA,,,,other,Postcode,622119,135914,3500,18000,,,,,,,Folkestone,http://data.ordnancesurvey.co.uk/id/4000000074566736,http://www.ordnancesurvey.co.uk/xml/codelists/localtype.xml#town,Folkestone and Hythe,http://data.ordnancesurvey.co.uk/id/7000000000018085,http://data.ordnancesurvey.co.uk/ontology/admingeo/District,Kent,http://data.ordnancesurvey.co.uk/id/7000000000018210,http://data.ordnancesurvey.co.uk/ontology/admingeo/County,South East,http://data.ordnancesurvey.co.uk/id/7000000000041421,England,http://data.ordnancesurvey.co.uk/id/country/england,,,
CT202PL,http://data.ordnancesurvey.co.uk/id/postcodeunit/CT202PL,CT20 2PL,,,,other,Postcode,621003,136344,3500,18000,,,,,,,Folkestone,http://data.ordnancesurvey.co.uk/id/4000000074566736,http://www.ordnancesurvey.co.uk/xml/codelists/localtype.xml#town,Folkestone and Hythe,http://data.ordnancesurvey.co.uk/id/7000000000018085,http://data.ordnancesurvey.co.uk/ontology/admingeo/District,Kent,http://data.ordnancesurvey.co.uk/id/7000000000018210,http://data.ordnancesurvey.co.uk/ontology/admingeo/County,South East,http://data.ordnancesurvey.co.uk/id/7000000000041421,England,http://data.ordnancesurvey.co.uk/id/country/england,,,
CT195AT,http://data.ordnancesurvey.co.uk/id/postcodeunit/CT195AT,CT19 5AT,,,,other,Postcode,622419,136441,3500,18000,,,,,,,Folkestone,http://data.ordnancesurvey.co.uk/id/4000000074566736,http://www.ordnancesurvey.co.uk/xml/codelists/localtype.xml#town,Folkestone and Hythe,http://data.ordnancesurvey.co.uk/id/7000000000018085,http://data.ordnancesurvey.co.uk/ontology/admingeo/District,Kent,http://data.ordnancesurvey.co.uk/id/7000000000018210,http://data.ordnancesurvey.co.uk/ontology/admingeo/County,South East,http://data.ordnancesurvey.co.uk/id/7000000000041421,England,http://data.ordnancesurvey.co.uk/id/country/england,,,
CT209SL,http://data.ordnancesurvey.co.uk/id/postcodeunit/CT209SL,CT20 9SL,,,,other,Postcode,622119,135914,3500,18000,,,,,,,Folkestone,http://data.ordnancesurvey.co.uk/id/4000000074566736,http://www.ordnancesurvey.co.uk/xml/codelists/localtype.xml#town,Folkestone and Hythe,http://data.ordnancesurvey.co.uk/id/7000000000018085,http://data.ordnancesurvey.co.uk/ontology/admingeo/District,Kent,http://data.ordnancesurvey.co.uk/id/7000000000018210,http://data.ordnancesurvey.co.uk/ontology/admingeo/County,South East,http://data.ordnancesurvey.co.uk/id/7000000000041421,England,http://data.ordnancesurvey.co.uk/id/country/england,,,
CT195AX,http://data.ordnancesurvey.co.uk/id/postcodeunit/CT195AX,CT19 5AX,,,,other,Postcode,622329,136404,3500,18000,,,,,,,Folkestone,http://data.ordnancesurvey.co.uk/id/4000000074566736,http://www.ordnancesurvey.co.uk/xml/codelists/localtype.xml#town,Folkestone and Hythe,http://data.ordnancesurvey.co.uk/id/7000000000018085,http://data.ordnancesurvey.co.uk/ontology/admingeo/District,Kent,http://data.ordnancesurvey.co.uk/id/7000000000018210,http://data.ordnancesurvey.co.uk/ontology/admingeo/County,South East,http://data.ordnancesurvey.co.uk/id/7000000000041421,England,http://data.ordnancesurvey.co.uk/id/country/england,,,
CT203NR,http://data.ordnancesurvey.co.uk/id/postcodeunit/CT203NR,CT20 3NR,,,,other,Postcode,620566,135864,3500,18000,,,,,,,Folkestone,http://data.ordnancesurvey.co.uk/id/4000000074566736,http://www.ordnancesurvey.co.uk/xml/codelists/localtype.xml#town,Folkestone and Hythe,http://data.ordnancesurvey.co.uk/id/7000000000018085,http://data.ordnancesurvey.co.uk/ontology/admingeo/District,Kent,http://data.ordnancesurvey.co.uk/id/7000000000018210,http://data.ordnancesurvey.co.uk/ontology/admingeo/County,South East,http://data.ordnancesurvey.co.uk/id/7000000000041421,England,http://data.ordnancesurvey.co.uk/id/country/england,,,
CT202XD,http://data.ordnancesurvey.co.uk/id/postcodeunit/CT202XD,CT20 2XD,,,,other,Postcode,622206,135568,3500,18000,,,,,,,Folkestone,http://data.ordnancesurvey.co.uk/id/4000000074566736,http://www.ordnancesurvey.co.uk/xml/codelists/localtype.xml#town,Folkestone and Hythe,http://data.ordnancesurvey.co.uk/id/7000000000018085,http://data.ordnancesurvey.co.uk/ontology/admingeo/District,Kent,http://data.ordnancesurvey.co.uk/id/7000000000018210,http://data.ordnancesurvey.co.uk/ontology/admingeo/County,South East,http://data.ordnancesurvey.co.uk/id/7000000000041421,England,http://data.ordnancesurvey.co.uk/id/country/england,,,
CT187QS,http://data.ordnancesurvey.co.uk/id/postcodeunit/CT187QS,CT18 7QS,,,,other,Postcode,620892,139639,3500,18000,,,,,,,Hawkinge,http://data.ordnancesurvey.co.uk/id/4000000074566747,http://www.ordnancesurvey.co.uk/xml/codelists/localtype.xml#village,Folkestone and Hythe,http://data.ordnancesurvey.co.uk/id/7000000000018085,http://data.ordnancesurvey.co.uk/ontology/admingeo/District,Kent,http://data.ordnancesurvey.co.uk/id/7000000000018210,http://data.ordnancesurvey.co.uk/ontology/admingeo/County,South East,http://data.ordnancesurvey.co.uk/id/7000000000041421,England,http://data.ordnancesurvey.co.uk/id/country/england,,,
CT209SA,http://data.ordnancesurvey.co.uk/id/postcodeunit/CT209SA,CT20 9SA,,,,other,Postcode,622119,135914,3500,18000,,,,,,,Folkestone,http://data.ordnancesurvey.co.uk/id/4000000074566736,http://www.ordnancesurvey.co.uk/xml/codelists/localtype.xml#town,Folkestone and Hythe,http://data.ordnancesurvey.co.uk/id/7000000000018085,http://data.ordnancesurvey.co.uk/ontology/admingeo/District,Kent,http://data.ordnancesurvey.co.uk/id/7000000000018210,http://data.ordnancesurvey.co.uk/ontology/admingeo/County,South East,http://data.ordnancesurvey.co.uk/id/7000000000041421,England,http://data.ordnancesurvey.co.uk/id/country/england,,,
CT196ED,http://data.ordnancesurvey.co.uk/id/postcodeunit/CT196ED,CT19 6ED,,,,other,Postcode,623275,136872,3500,18000,,,,,,,Folkestone,http://data.ordnancesurvey.co.uk/id/4000000074566736,http://www.ordnancesurvey.co.uk/xml/codelists/localtype.xml#town,Folkestone and Hythe,http://data.ordnancesurvey.co.uk/id/7000000000018085,http://data.ordnancesurvey.co.uk/ontology/admingeo/District,Kent,http://data.ordnancesurvey.co.uk/id/7000000000018210,http://data.ordnancesurvey.co.uk/ontology/admingeo/County,South East,http://data.ordnancesurvey.co.uk/id/7000000000041421,England,http://data.ordnancesurvey.co.uk/id/country/england,,,
CT202QR,http://data.ordnancesurvey.co.uk/id/postcodeunit/CT202QR,CT20 2QR,,,,other,Postcode,622189,136162,3500,18000,,,,,,,Folkestone,http://data.ordnancesurvey.co.uk/id/4000000074566736,http://www.ordnancesurvey.co.uk/xml/codelists/localtype.xml#town,Folkestone and Hythe,http://data.ordnancesurvey.co.uk/id/7000000000018085,http://data.ordnancesurvey.co.uk/ontology/admingeo/District,Kent,http://data.ordnancesurvey.co.uk/id/7000000000018210,http://data.ordnancesurvey.co.uk/ontology/admingeo/County,South East,http://data.ordnancesurvey.co.uk/id/7000000000041421,England,http://data.ordnancesurvey.co.uk/id/country/england,,,
CT203ZF,http://data.ordnancesurvey.co.uk/id/postcodeunit/CT203ZF,CT20 3ZF,,,,other,Postcode,620691,135426,3500,18000,,,,,,,Folkestone,http://data.ordnancesurvey.co.uk/id/4000000074566736,http://www.ordnancesurvey.co.uk/xml/codelists/localtype.xml#town,Folkestone and Hythe,http://data.ordnancesurvey.co.uk/id/7000000000018085,http://data.ordnancesurvey.co.uk/ontology/admingeo/District,Kent,http://data.ordnancesurvey.co.uk/id/7000000000018210,http://data.ordnancesurvey.co.uk/ontology/admingeo/County,South East,http://data.ordnancesurvey.co.uk/id/7000000000041421,England,http://data.ordnancesurvey.co.uk/id/country/england,,,
CT187UN,http://data.ordnancesurvey.co.uk/id/postcodeunit/CT187UN,CT18 7UN,,,,other,Postcode,621958,139650,3500,18000,,,,,,,Hawkinge,http://data.ordnancesurvey.co.uk/id/4000000074566747,http://www.ordnancesurvey.co.uk/xml/codelists/localtype.xml#village,Folkestone and Hythe,http://data.ordnancesurvey.co.uk/id/7000000000018085,http://data.ordnancesurvey.co.uk/ontology/admingeo/District,Kent,http://data.ordnancesurvey.co.uk/id/7000000000018210,http://data.ordnancesurvey.co.uk/ontology/admingeo/County,South East,http://data.ordnancesurvey.co.uk/id/7000000000041421,England,http://data.ordnancesurvey.co.uk/id/country/england,,,
CT501AL,http://data.ordnancesurvey.co.uk/id/postcodeunit/CT501AL,CT50 1AL,,,,other,Postcode,620132,135989,3500,18000,,,,,,,Folkestone,http://data.ordnancesurvey.co.uk/id/4000000074566736,http://www.ordnancesurvey.co.uk/xml/codelists/localtype.xml#town,Folkestone and Hythe,http://data.ordnancesurvey.co.uk/id/7000000000018085,http://data.ordnancesurvey.co.uk/ontology/admingeo/District,Kent,http://data.ordnancesurvey.co.uk/id/7000000000018210,http://data.ordnancesurvey.co.uk/ontology/admingeo/County,South East,http://data.ordnancesurvey.co.uk/id/7000000000041421,England,http://data.ordnancesurvey.co.uk/id/country/england,,,
CT196EB,http://data.ordnancesurvey.co.uk/id/postcodeunit/CT196EB,CT19 6EB,,,,other,Postcode,623257,136878,3500,18000,,,,,,,Folkestone,http://data.ordnancesurvey.co.uk/id/4000000074566736,http://www.ordnancesurvey.co.uk/xml/codelists/localtype.xml#town,Folkestone and Hythe,http://data.ordnancesurvey.co.uk/id/7000000000018085,http://data.ordnancesurvey.co.uk/ontology/admingeo/District,Kent,http://data.ordnancesurvey.co.uk/id/7000000000018210,http://data.ordnancesurvey.co.uk/ontology/admingeo/County,South East,http://data.ordnancesurvey.co.uk/id/7000000000041421,England,http://data.ordnancesurvey.co.uk/id/country/england,,,
CT203RB,http://data.ordnancesurvey.co.uk/id/postcodeunit/CT203RB,CT20 3RB,,,,other,Postcode,620830,135550,3500,18000,,,,,,,Folkestone,http://data.ordnancesurvey.co.uk/id/4000000074566736,http://www.ordnancesurvey.co.uk/xml/codelists/localtype.xml#town,Folkestone and Hythe,http://data.ordnancesurvey.co.uk/id/7000000000018085,http://data.ordnancesurvey.co.uk/ontology/admingeo/District,Kent,http://data.ordnancesurvey.co.uk/id/7000000000018210,http://data.ordnancesurvey.co.uk/ontology/admingeo/County,South East,http://data.ordnancesurvey.co.uk/id/7000000000041421,England,http://data.ordnancesurvey.co.uk/id/country/england,,,
CT209NN,http://data.ordnancesurvey.co.uk/id/postcodeunit/CT209NN,CT20 9NN,,,,other,Postcode,622641,135834,3500,18000,,,,,,,Folkestone,http://data.ordnancesurvey.co.uk/id/4000000074566736,http://www.ordnancesurvey.co.uk/xml/codelists/localtype.xml#town,Folkestone and Hythe,http://data.ordnancesurvey.co.uk/id/7000000000018085,http://data.ordnancesurvey.co.uk/ontology/admingeo/District,Kent,http://data.ordnancesurvey.co.uk/id/7000000000018210,http://data.ordnancesurvey.co.uk/ontology/admingeo/County,South East,http://data.ordnancesurvey.co.uk/id/7000000000041421,England,http://data.ordnancesurvey.co.uk/id/country/england,,,
CT196BT,http://data.ordnancesurvey.co.uk/id/postcodeunit/CT196BT,CT19 6BT,,,,other,Postcode,623341,136292,3500,18000,,,,,,,Folkestone,http://data.ordnancesurvey.co.uk/id/4000000074566736,http://www.ordnancesurvey.co.uk/xml/codelists/localtype.xml#town,Folkestone and Hythe,http://data.ordnancesurvey.co.uk/id/7000000000018085,http://data.ordnancesurvey.co.uk/ontology/admingeo/District,Kent,http://data.ordnancesurvey.co.uk/id/7000000000018210,http://data.ordnancesurvey.co.uk/ontology/admingeo/County,South East,http://data.ordnancesurvey.co.uk/id/7000000000041421,England,http://data.ordnancesurvey.co.uk/id/country/england,,,
CT202RG,http://data.ordnancesurvey.co.uk/id/postcodeunit/CT202RG,CT20 2RG,,,,other,Postcode,621833,135910,3500,18000,,,,,,,Folkestone,http://data.ordnancesurvey.co.uk/id/4000000074566736,http://www.ordnancesurvey.co.uk/xml/codelists/localtype.xml#town,Folkestone and Hythe,http://data.ordnancesurvey.co.uk/id/7000000000018085,http://data.ordnancesurvey.co.uk/ontology/admingeo/District,Kent,http://data.ordnancesurvey.co.uk/id/7000000000018210,http://data.ordnancesurvey.co.uk/ontology/admingeo/County,South East,http://data.ordnancesurvey.co.uk/id/7000000000041421,England,http://data.ordnancesurvey.co.uk/id/country/england,,,
CT202RL,http://data.ordnancesurvey.co.uk/id/postcodeunit/CT202RL,CT20 2RL,,,,other,Postcode,621882,135697,3500,18000,,,,,,,Folkestone,http://data.ordnancesurvey.co.uk/id/4000000074566736,http://www.ordnancesurvey.co.uk/xml/codelists/localtype.xml#town,Folkestone and Hythe,http://data.ordnancesurvey.co.uk/id/7000000000018085,http://data.ordnancesurvey.co.uk/ontology/admingeo/District,Kent,http://data.ordnancesurvey.co.uk/id/7000000000018210,http://data.ordnancesurvey.co.uk/ontology/admingeo/County,South East,http://data.ordnancesurvey.co.uk/id/7000000000041421,England,http://data.ordnancesurvey.co.uk/id/country/england,,,
CT195NU,http://data.ordnancesurvey.co.uk/id/postcodeunit/CT195NU,CT19 5NU,,,,other,Postcode,622802,136980,3500,18000,,,,,,,Folkestone,http://data.ordnancesurvey.co.uk/id/4000000074566736,http://www.ordnancesurvey.co.uk/xml/codelists/localtype.xml#town,Folkestone and Hythe,http://data.ordnancesurvey.co.uk/id/7000000000018085,http://data.ordnancesurvey.co.uk/ontology/admingeo/District,Kent,http://data.ordnancesurvey.co.uk/id/7000000000018210,http://data.ordnancesurvey.co.uk/ontology/admingeo/County,South East,http://data.ordnancesurvey.co.uk/id/7000000000041421,England,http://data.ordnancesurvey.co.uk/id/country/england,,,
CT195HS,http://data.ordnancesurvey.co.uk/id/postcodeunit/CT195HS,CT19 5HS,,,,other,Postcode,621776,136603,3500,18000,,,,,,,Folkestone,http://data.ordnancesurvey.co.uk/id/4000000074566736,http://www.ordnancesurvey.co.uk/xml/codelists/localtype.xml#town,Folkestone and Hythe,http://data.ordnancesurvey.co.uk/id/7000000000018085,http://data.ordnancesurvey.co.uk/ontology/admingeo/District,Kent,http://data.ordnancesurvey.co.uk/id/7000000000018210,http://data.ordnancesurvey.co.uk/ontology/admingeo/County,South East,http://data.ordnancesurvey.co.uk/id/7000000000041421,England,http://data.ordnancesurvey.co.uk/id/country/england,,,
CT195TU,http://data.ordnancesurvey.co.uk/id/postcodeunit/CT195TU,CT19 5TU,,,,other,Postcode,621397,137186,3500,18000,,,,,,,Folkestone,http://data.ordnancesurvey.co.uk/id/4000000074566736,http://www.ordnancesurvey.co.uk/xml/codelists/localtype.xml#town,Folkestone and Hythe,http://data.ordnancesurvey.co.uk/id/7000000000018085,http://data.ordnancesurvey.co.uk/ontology/admingeo/District,Kent,http://data.ordnancesurvey.co.uk/id/7000000000018210,http://data.ordnancesurvey.co.uk/ontology/admingeo/County,South East,http://data.ordnancesurvey.co.uk/id/7000000000041421,England,http://data.ordnancesurvey.co.uk/id/country/england,,,
CT194PT,http://data.ordnancesurvey.co.uk/id/postcodeunit/CT194PT,CT19 4PT,,,,other,Postcode,620292,136888,3500,18000,,,,,,,Folkestone,http://data.ordnancesurvey.co.uk/id/4000000074566736,http://www.ordnancesurvey.co.uk/xml/codelists/localtype.xml#town,Folkestone and Hythe,http://data.ordnancesurvey.co.uk/id/7000000000018085,http://data.ordnancesurvey.co.uk/ontology/admingeo/District,Kent,http://data.ordnancesurvey.co.uk/id/7000000000018210,http://data.ordnancesurvey.co.uk/ontology/admingeo/County,South East,http://data.ordnancesurvey.co.uk/id/7000000000041421,England,http://data.ordnancesurvey.co.uk/id/country/england,,,
CT201QN,http://data.ordnancesurvey.co.uk/id/postcodeunit/CT201QN,CT20 1QN,,,,other,Postcode,623214,135976,3500,18000,,,,,,,Folkestone,http://data.ordnancesurvey.co.uk/id/4000000074566736,http://www.ordnancesurvey.co.uk/xml/codelists/localtype.xml#town,Folkestone and Hythe,http://data.ordnancesurvey.co.uk/id/7000000000018085,http://data.ordnancesurvey.co.uk/ontology/admingeo/District,Kent,http://data.ordnancesurvey.co.uk/id/7000000000018210,http://data.ordnancesurvey.co.uk/ontology/admingeo/County,South East,http://data.ordnancesurvey.co.uk/id/7000000000041421,England,http://data.ordnancesurvey.co.uk/id/country/england,,,
CT196EP,http://data.ordnancesurvey.co.uk/id/postcodeunit/CT196EP,CT19 6EP,,,,other,Postcode,623061,137027,3500,18000,,,,,,,Folkestone,http://data.ordnancesurvey.co.uk/id/4000000074566736,http://www.ordnancesurvey.co.uk/xml/codelists/localtype.xml#town,Folkestone and Hythe,http://data.ordnancesurvey.co.uk/id/7000000000018085,http://data.ordnancesurvey.co.uk/ontology/admingeo/District,Kent,http://data.ordnancesurvey.co.uk/id/7000000000018210,http://data.ordnancesurvey.co.uk/ontology/admingeo/County,South East,http://data.ordnancesurvey.co.uk/id/7000000000041421,England,http://data.ordnancesurvey.co.uk/id/country/england,,,
CT202SB,http://data.ordnancesurvey.co.uk/id/postcodeunit/CT202SB,CT20 2SB,,,,other,Postcode,622478,135809,3500,18000,,,,,,,Folkestone,http://data.ordnancesurvey.co.uk/id/4000000074566736,http://www.ordnancesurvey.co.uk/xml/codelists/localtype.xml#town,Folkestone and Hythe,http://data.ordnancesurvey.co.uk/id/7000000000018085,http://data.ordnancesurvey.co.uk/ontology/admingeo/District,Kent,http://data.ordnancesurvey.co.uk/id/7000000000018210,http://data.ordnancesurvey.co.uk/ontology/admingeo/County,South East,http://data.ordnancesurvey.co.uk/id/7000000000041421,England,http://data.ordnancesurvey.co.uk/id/country/england,,,
CT196HB,http://data.ordnancesurvey.co.uk/id/postcodeunit/CT196HB,CT19 6HB,,,,other,Postcode,623153,137013,3500,18000,,,,,,,Folkestone,http://data.ordnancesurvey.co.uk/id/4000000074566736,http://www.ordnancesurvey.co.uk/xml/codelists/localtype.xml#town,Folkestone and Hythe,http://data.ordnancesurvey.co.uk/id/7000000000018085,http://data.ordnancesurvey.co.uk/ontology/admingeo/District,Kent,http://data.ordnancesurvey.co.uk/id/7000000000018210,http://data.ordnancesurvey.co.uk/ontology/admingeo/County,South East,http://data.ordnancesurvey.co.uk/id/7000000000041421,England,http://data.ordnancesurvey.co.uk/id/country/england,,,
CT203ND,http://data.ordnancesurvey.co.uk/id/postcodeunit/CT203ND,CT20 3ND,,,,other,Postcode,620329,136139,3500,18000,,,,,,,Folkestone,http://data.ordnancesurvey.co.uk/id/4000000074566736,http://www.ordnancesurvey.co.uk/xml/codelists/localtype.xml#town,Folkestone and Hythe,http://data.ordnancesurvey.co.uk/id/7000000000018085,http://data.ordnancesurvey.co.uk/ontology/admingeo/District,Kent,http://data.ordnancesurvey.co.uk/id/7000000000018210,http://data.ordnancesurvey.co.uk/ontology/admingeo/County,South East,http://data.ordnancesurvey.co.uk/id/7000000000041421,England,http://data.ordnancesurvey.co.uk/id/country/england,,,
CT202TX,http://data.ordnancesurvey.co.uk/id/postcodeunit/CT202TX,CT20 2TX,,,,other,Postcode,621512,135216,3500,18000,,,,,,,Folkestone,http://data.ordnancesurvey.co.uk/id/4000000074566736,http://www.ordnancesurvey.co.uk/xml/codelists/localtype.xml#town,Folkestone and Hythe,http://data.ordnancesurvey.co.uk/id/7000000000018085,http://data.ordnancesurvey.co.uk/ontology/admingeo/District,Kent,http://data.ordnancesurvey.co.uk/id/7000000000018210,http://data.ordnancesurvey.co.uk/ontology/admingeo/County,South East,http://data.ordnancesurvey.co.uk/id/7000000000041421,England,http://data.ordnancesurvey.co.uk/id/country/england,,,
CT195JD,http://data.ordnancesurvey.co.uk/id/postcodeunit/CT195JD,CT19 5JD,,,,other,Postcode,621766,136767,3500,18000,,,,,,,Folkestone,http://data.ordnancesurvey.co.uk/id/4000000074566736,http://www.ordnancesurvey.co.uk/xml/codelists/localtype.xml#town,Folkestone and Hythe,http://data.ordnancesurvey.co.uk/id/7000000000018085,http://data.ordnancesurvey.co.uk/ontology/admingeo/District,Kent,http://data.ordnancesurvey.co.uk/id/7000000000018210,http://data.ordnancesurvey.co.uk/ontology/admingeo/County,South East,http://data.ordnancesurvey.co.uk/id/7000000000041421,England,http://data.ordnancesurvey.co.uk/id/country/england,,,
CT201HY,http://data.ordnancesurvey.co.uk/id/postcodeunit/CT201HY,CT20 1HY,,,,other,Postcode,622896,136375,3500,18000,,,,,,,Folkestone,http://data.ordnancesurvey.co.uk/id/4000000074566736,http://www.ordnancesurvey.co.uk/xml/codelists/localtype.xml#town,Folkestone and Hythe,http://data.ordnancesurvey.co.uk/id/7000000000018085,http://data.ordnancesurvey.co.uk/ontology/admingeo/District,Kent,http://data.ordnancesurvey.co.uk/id/7000000000018210,http://data.ordnancesurvey.co.uk/ontology/admingeo/County,South East,http://data.ordnancesurvey.co.uk/id/7000000000041421,England,http://data.ordnancesurvey.co.uk/id/country/england,,,
CT187TD,http://data.ordnancesurvey.co.uk/id/postcodeunit/CT187TD,CT18 7TD,,,,other,Postcode,621078,139416,3500,18000,,,,,,,Hawkinge,http://data.ordnancesurvey.co.uk/id/4000000074566747,http://www.ordnancesurvey.co.uk/xml/codelists/localtype.xml#village,Folkestone and Hythe,http://data.ordnancesurvey.co.uk/id/7000000000018085,http://data.ordnancesurvey.co.uk/ontology/admingeo/District,Kent,http://data.ordnancesurvey.co.uk/id/7000000000018210,http://data.ordnancesurvey.co.uk/ontology/admingeo/County,South East,http://data.ordnancesurvey.co.uk/id/7000000000041421,England,http://data.ordnancesurvey.co.uk/id/country/england,,,
CT195QN,http://data.ordnancesurvey.co.uk/id/postcodeunit/CT195QN,CT19 5QN,,,,other,Postcode,622665,136674,3500,18000,,,,,,,Folkestone,http://data.ordnancesurvey.co.uk/id/4000000074566736,http://www.ordnancesurvey.co.uk/xml/codelists/localtype.xml#town,Folkestone and Hythe,http://data.ordnancesurvey.co.uk/id/7000000000018085,http://data.ordnancesurvey.co.uk/ontology/admingeo/District,Kent,http://data.ordnancesurvey.co.uk/id/7000000000018210,http://data.ordnancesurvey.co.uk/ontology/admingeo/County,South East,http://data.ordnancesurvey.co.uk/id/7000000000041421,England,http://data.ordnancesurvey.co.uk/id/country/england,,,
CT195AF,http://data.ordnancesurvey.co.uk/id/postcodeunit/CT195AF,CT19 5AF,,,,other,Postcode,622681,136551,3500,18000,,,,,,,Folkestone,http://data.ordnancesurvey.co.uk/id/4000000074566736,http://www.ordnancesurvey.co.uk/xml/codelists/localtype.xml#town,Folkestone and Hythe,http://data.ordnancesurvey.co.uk/id/7000000000018085,http://data.ordnancesurvey.co.uk/ontology/admingeo/District,Kent,http://data.ordnancesurvey.co.uk/id/7000000000018210,http://data.ordnancesurvey.co.uk/ontology/admingeo/County,South East,http://data.ordnancesurvey.co.uk/id/7000000000041421,England,http://data.ordnancesurvey.co.uk/id/country/england,,,
CT209GX,http://data.ordnancesurvey.co.uk/id/postcodeunit/CT209GX,CT20 9GX,,,,other,Postcode,622641,135834,3500,18000,,,,,,,Folkestone,http://data.ordnancesurvey.co.uk/id/4000000074566736,http://www.ordnancesurvey.co.uk/xml/codelists/localtype.xml#town,Folkestone and Hythe,http://data.ordnancesurvey.co.uk/id/7000000000018085,http://data.ordnancesurvey.co.uk/ontology/admingeo/District,Kent,http://data.ordnancesurvey.co.uk/id/7000000000018210,http://data.ordnancesurvey.co.uk/ontology/admingeo/County,South East,http://data.ordnancesurvey.co.uk/id/7000000000041421,England,http://data.ordnancesurvey.co.uk/id/country/england,,,
CT201JJ,http://data.ordnancesurvey.co.uk/id/postcodeunit/CT201JJ,CT20 1JJ,,,,other,Postcode,622892,136251,3500,18000,,,,,,,Folkestone,http://data.ordnancesurvey.co.uk/id/4000000074566736,http://www.ordnancesurvey.co.uk/xml/codelists/localtype.xml#town,Folkestone and Hythe,http://data.ordnancesurvey.co.uk/id/7000000000018085,http://data.ordnancesurvey.co.uk/ontology/admingeo/District,Kent,http://data.ordnancesurvey.co.uk/id/7000000000018210,http://data.ordnancesurvey.co.uk/ontology/admingeo/County,South East,http://data.ordnancesurvey.co.uk/id/7000000000041421,England,http://data.ordnancesurvey.co.uk/id/country/england,,,
CT202PD,http://data.ordnancesurvey.co.uk/id/postcodeunit/CT202PD,CT20 2PD,,,,other,Postcode,621492,136113,3500,18000,,,,,,,Folkestone,http://data.ordnancesurvey.co.uk/id/4000000074566736,http://www.ordnancesurvey.co.uk/xml/codelists/localtype.xml#town,Folkestone and Hythe,http://data.ordnancesurvey.co.uk/id/7000000000018085,http://data.ordnancesurvey.co.uk/ontology/admingeo/District,Kent,http://data.ordnancesurvey.co.uk/id/7000000000018210,http://data.ordnancesurvey.co.uk/ontology/admingeo/County,South East,http://data.ordnancesurvey.co.uk/id/7000000000041421,England,http://data.ordnancesurvey.co.uk/id/country/england,,,
CT196EU,http://data.ordnancesurvey.co.uk/id/postcodeunit/CT196EU,CT19 6EU,,,,other,Postcode,622987,137244,3500,18000,,,,,,,Folkestone,http://data.ordnancesurvey.co.uk/id/4000000074566736,http://www.ordnancesurvey.co.uk/xml/codelists/localtype.xml#town,Folkestone and Hythe,http://data.ordnancesurvey.co.uk/id/7000000000018085,http://data.ordnancesurvey.co.uk/ontology/admingeo/District,Kent,http://data.ordnancesurvey.co.uk/id/7000000000018210,http://data.ordnancesurvey.co.uk/ontology/admingeo/County,South East,http://data.ordnancesurvey.co.uk/id/7000000000041421,England,http://data.ordnancesurvey.co.uk/id/country/england,,,
CT187RR,http://data.ordnancesurvey.co.uk/id/postcodeunit/CT187RR,CT18 7RR,,,,other,Postcode,621132,139039,3500,18000,,,,,,,Hawkinge,http://data.ordnancesurvey.co.uk/id/4000000074566747,http://www.ordnancesurvey.co.uk/xml/codelists/localtype.xml#village,Folkestone and Hythe,http://data.ordnancesurvey.co.uk/id/7000000000018085,http://data.ordnancesurvey.co.uk/ontology/admingeo/District,Kent,http://data.ordnancesurvey.co.uk/id/7000000000018210,http://data.ordnancesurvey.co.uk/ontology/admingeo/County,South East,http://data.ordnancesurvey.co.uk/id/7000000000041421,England,http://data.ordnancesurvey.co.uk/id/country/england,,,
CT194NF,http://data.ordnancesurvey.co.uk/id/postcodeunit/CT194NF,CT19 4NF,,,,other,Postcode,620143,137348,3500,18000,,,,,,,Folkestone,http://data.ordnancesurvey.co.uk/id/4000000074566736,http://www.ordnancesurvey.co.uk/xml/codelists/localtype.xml#town,Folkestone and Hythe,http://data.ordnancesurvey.co.uk/id/7000000000018085,http://data.ordnancesurvey.co.uk/ontology/admingeo/District,Kent,http://data.ordnancesurvey.co.uk/id/7000000000018210,http://data.ordnancesurvey.co.uk/ontology/admingeo/County,South East,http://data.ordnancesurvey.co.uk/id/7000000000041421,England,http://data.ordnancesurvey.co.uk/id/country/england,,,
CT195NS,http://data.ordnancesurvey.co.uk/id/postcodeunit/CT195NS,CT19 5NS,,,,other,Postcode,622828,136958,3500,18000,,,,,,,Folkestone,http://data.ordnancesurvey.co.uk/id/4000000074566736,http://www.ordnancesurvey.co.uk/xml/codelists/localtype.xml#town,Folkestone and Hythe,http://data.ordnancesurvey.co.uk/id/7000000000018085,http://data.ordnancesurvey.co.uk/ontology/admingeo/District,Kent,http://data.ordnancesurvey.co.uk/id/7000000000018210,http://data.ordnancesurvey.co.uk/ontology/admingeo/County,South East,http://data.ordnancesurvey.co.uk/id/7000000000041421,England,http://data.ordnancesurvey.co.uk/id/country/england,,,
CT196PR,http://data.ordnancesurvey.co.uk/id/postcodeunit/CT196PR,CT19 6PR,,,,other,Postcode,624011,137219,3500,18000,,,,,,,Folkestone,http://data.ordnancesurvey.co.uk/id/4000000074566736,http://www.ordnancesurvey.co.uk/xml/codelists/localtype.xml#town,Folkestone and Hythe,http://data.ordnancesurvey.co.uk/id/7000000000018085,http://data.ordnancesurvey.co.uk/ontology/admingeo/District,Kent,http://data.ordnancesurvey.co.uk/id/7000000000018210,http://data.ordnancesurvey.co.uk/ontology/admingeo/County,South East,http://data.ordnancesurvey.co.uk/id/7000000000041421,England,http://data.ordnancesurvey.co.uk/id/country/england,,,
CT202RR,http://data.ordnancesurvey.co.uk/id/postcodeunit/CT202RR,CT20 2RR,,,,other,Postcode,622077,135656,3500,18000,,,,,,,Folkestone,http://data.ordnancesurvey.co.uk/id/4000000074566736,http://www.ordnancesurvey.co.uk/xml/codelists/localtype.xml#town,Folkestone and Hythe,http://data.ordnancesurvey.co.uk/id/7000000000018085,http://data.ordnancesurvey.co.uk/ontology/admingeo/District,Kent,http://data.ordnancesurvey.co.uk/id/7000000000018210,http://data.ordnancesurvey.co.uk/ontology/admingeo/County,South East,http://data.ordnancesurvey.co.uk/id/7000000000041421,England,http://data.ordnancesurvey.co.uk/id/country/england,,,
CT195UL,http://data.ordnancesurvey.co.uk/id/postcodeunit/CT195UL,CT19 5UL,,,,other,Postcode,621547,137622,3500,18000,,,,,,,Folkestone,http://data.ordnancesurvey.co.uk/id/4000000074566736,http://www.ordnancesurvey.co.uk/xml/codelists/localtype.xml#town,Folkestone and Hythe,http://data.ordnancesurvey.co.uk/id/7000000000018085,http://data.ordnancesurvey.co.uk/ontology/admingeo/District,Kent,http://data.ordnancesurvey.co.uk/id/7000000000018210,http://data.ordnancesurvey.co.uk/ontology/admingeo/County,South East,http://data.ordnancesurvey.co.uk/id/7000000000041421,England,http://data.ordnancesurvey.co.uk/id/country/england,,,
CT209SN,http://data.ordnancesurvey.co.uk/id/postcodeunit/CT209SN,CT20 9SN,,,,other,Postcode,622119,135914,3500,18000,,,,,,,Folkestone,http://data.ordnancesurvey.co.uk/id/4000000074566736,http://www.ordnancesurvey.co.uk/xml/codelists/localtype.xml#town,Folkestone and Hythe,http://data.ordnancesurvey.co.uk/id/7000000000018085,http://data.ordnancesurvey.co.uk/ontology/admingeo/District,Kent,http://data.ordnancesurvey.co.uk/id/7000000000018210,http://data.ordnancesurvey.co.uk/ontology/admingeo/County,South East,http://data.ordnancesurvey.co.uk/id/7000000000041421,England,http://data.ordnancesurvey.co.uk/id/country/england,,,
CT194QU,http://data.ordnancesurvey.co.uk/id/postcodeunit/CT194QU,CT19 4QU,,,,other,Postcode,620519,137121,3500,18000,,,,,,,Folkestone,http://data.ordnancesurvey.co.uk/id/4000000074566736,http://www.ordnancesurvey.co.uk/xml/codelists/localtype.xml#town,Folkestone and Hythe,http://data.ordnancesurvey.co.uk/id/7000000000018085,http://data.ordnancesurvey.co.uk/ontology/admingeo/District,Kent,http://data.ordnancesurvey.co.uk/id/7000000000018210,http://data.ordnancesurvey.co.uk/ontology/admingeo/County,South East,http://data.ordnancesurvey.co.uk/id/7000000000041421,England,http://data.ordnancesurvey.co.uk/id/country/england,,,
CT194DF,http://data.ordnancesurvey.co.uk/id/postcodeunit/CT194DF,CT19 4DF,,,,other,Postcode,620381,136847,3500,18000,,,,,,,Folkestone,http://data.ordnancesurvey.co.uk/id/4000000074566736,http://www.ordnancesurvey.co.uk/xml/codelists/localtype.xml#town,Folkestone and Hythe,http://data.ordnancesurvey.co.uk/id/7000000000018085,http://data.ordnancesurvey.co.uk/ontology/admingeo/District,Kent,http://data.ordnancesurvey.co.uk/id/7000000000018210,http://data.ordnancesurvey.co.uk/ontology/admingeo/County,South East,http://data.ordnancesurvey.co.uk/id/7000000000041421,England,http://data.ordnancesurvey.co.uk/id/country/england,,,
CT501AP,http://data.ordnancesurvey.co.uk/id/postcodeunit/CT501AP,CT50 1AP,,,,other,Postcode,620132,135989,3500,18000,,,,,,,Folkestone,http://data.ordnancesurvey.co.uk/id/4000000074566736,http://www.ordnancesurvey.co.uk/xml/codelists/localtype.xml#town,Folkestone and Hythe,http://data.ordnancesurvey.co.uk/id/7000000000018085,http://data.ordnancesurvey.co.uk/ontology/admingeo/District,Kent,http://data.ordnancesurvey.co.uk/id/7000000000018210,http://data.ordnancesurvey.co.uk/ontology/admingeo/County,South East,http://data.ordnancesurvey.co.uk/id/7000000000041421,England,http://data.ordnancesurvey.co.uk/id/country/england,,,
CT196ET,http://data.ordnancesurvey.co.uk/id/postcodeunit/CT196ET,CT19 6ET,,,,other,Postcode,623058,137189,3500,18000,,,,,,,Folkestone,http://data.ordnancesurvey.co.uk/id/4000000074566736,http://www.ordnancesurvey.co.uk/xml/codelists/localtype.xml#town,Folkestone and Hythe,http://data.ordnancesurvey.co.uk/id/7000000000018085,http://data.ordnancesurvey.co.uk/ontology/admingeo/District,Kent,http://data.ordnancesurvey.co.uk/id/7000000000018210,http://data.ordnancesurvey.co.uk/ontology/admingeo/County,South East,http://data.ordnancesurvey.co.uk/id/7000000000041421,England,http://data.ordnancesurvey.co.uk/id/country/england,,,
CT201HF,http://data.ordnancesurvey.co.uk/id/postcodeunit/CT201HF,CT20 1HF,,,,other,Postcode,622758,136220,3500,18000,,,,,,,Folkestone,http://data.ordnancesurvey.co.uk/id/4000000074566736,http://www.ordnancesurvey.co.uk/xml/codelists/localtype.xml#town,Folkestone and Hythe,http://data.ordnancesurvey.co.uk/id/7000000000018085,http://data.ordnancesurvey.co.uk/ontology/admingeo/District,Kent,http://data.ordnancesurvey.co.uk/id/7000000000018210,http://data.ordnancesurvey.co.uk/ontology/admingeo/County,South East,http://data.ordnancesurvey.co.uk/id/7000000000041421,England,http://data.ordnancesurvey.co.uk/id/country/england,,,
CT203TH,http://data.ordnancesurvey.co.uk/id/postcodeunit/CT203TH,CT20 3TH,,,,other,Postcode,620450,135766,3500,18000,,,,,,,Folkestone,http://data.ordnancesurvey.co.uk/id/4000000074566736,http://www.ordnancesurvey.co.uk/xml/codelists/localtype.xml#town,Folkestone and Hythe,http://data.ordnancesurvey.co.uk/id/7000000000018085,http://data.ordnancesurvey.co.uk/ontology/admingeo/District,Kent,http://data.ordnancesurvey.co.uk/id/7000000000018210,http://data.ordnancesurvey.co.uk/ontology/admingeo/County,South East,http://data.ordnancesurvey.co.uk/id/7000000000041421,England,http://data.ordnancesurvey.co.uk/id/country/england,,,
CT195NQ,http://data.ordnancesurvey.co.uk/id/postcodeunit/CT195NQ,CT19 5NQ,,,,other,Postcode,623143,136776,3500,18000,,,,,,,Folkestone,http://data.ordnancesurvey.co.uk/id/4000000074566736,http://www.ordnancesurvey.co.uk/xml/codelists/localtype.xml#town,Folkestone and Hythe,http://data.ordnancesurvey.co.uk/id/7000000000018085,http://data.ordnancesurvey.co.uk/ontology/admingeo/District,Kent,http://data.ordnancesurvey.co.uk/id/7000000000018210,http://data.ordnancesurvey.co.uk/ontology/admingeo/County,South East,http://data.ordnancesurvey.co.uk/id/7000000000041421,England,http://data.ordnancesurvey.co.uk/id/country/england,,,
CT201PE,http://data.ordnancesurvey.co.uk/id/postcodeunit/CT201PE,CT20 1PE,,,,other,Postcode,623276,136522,3500,18000,,,,,,,Folkestone,http://data.ordnancesurvey.co.uk/id/4000000074566736,http://www.ordnancesurvey.co.uk/xml/codelists/localtype.xml#town,Folkestone and Hythe,http://data.ordnancesurvey.co.uk/id/7000000000018085,http://data.ordnancesurvey.co.uk/ontology/admingeo/District,Kent,http://data.ordnancesurvey.co.uk/id/7000000000018210,http://data.ordnancesurvey.co.uk/ontology/admingeo/County,South East,http://data.ordnancesurvey.co.uk/id/7000000000041421,England,http://data.ordnancesurvey.co.uk/id/country/england,,,
CT203QY,http://data.ordnancesurvey.co.uk/id/postcodeunit/CT203QY,CT20 3QY,,,,other,Postcode,620686,136125,3500,18000,,,,,,,Folkestone,http://data.ordnancesurvey.co.uk/id/4000000074566736,http://www.ordnancesurvey.co.uk/xml/codelists/localtype.xml#town,Folkestone and Hythe,http://data.ordnancesurvey.co.uk/id/7000000000018085,http://data.ordnancesurvey.co.uk/ontology/admingeo/District,Kent,http://data.ordnancesurvey.co.uk/id/7000000000018210,http://data.ordnancesurvey.co.uk/ontology/admingeo/County,South East,http://data.ordnancesurvey.co.uk/id/7000000000041421,England,http://data.ordnancesurvey.co.uk/id/country/england,,,
CT195SL,http://data.ordnancesurvey.co.uk/id/postcodeunit/CT195SL,CT19 5SL,,,,other,Postcode,622867,136602,3500,18000,,,,,,,Folkestone,http://data.ordnancesurvey.co.uk/id/4000000074566736,http://www.ordnancesurvey.co.uk/xml/codelists/localtype.xml#town,Folkestone and Hythe,http://data.ordnancesurvey.co.uk/id/7000000000018085,http://data.ordnancesurvey.co.uk/ontology/admingeo/District,Kent,http://data.ordnancesurvey.co.uk/id/7000000000018210,http://data.ordnancesurvey.co.uk/ontology/admingeo/County,South East,http://data.ordnancesurvey.co.uk/id/7000000000041421,England,http://data.ordnancesurvey.co.uk/id/country/england,,,
CT201RY,http://data.ordnancesurvey.co.uk/id/postcodeunit/CT201RY,CT20 1RY,,,,other,Postcode,622780,135835,3500,18000,,,,,,,Folkestone,http://data.ordnancesurvey.co.uk/id/4000000074566736,http://www.ordnancesurvey.co.uk/xml/codelists/localtype.xml#town,Folkestone and Hythe,http://data.ordnancesurvey.co.uk/id/7000000000018085,http://data.ordnancesurvey.co.uk/ontology/admingeo/District,Kent,http://data.ordnancesurvey.co.uk/id/7000000000018210,http://data.ordnancesurvey.co.uk/ontology/admingeo/County,South East,http://data.ordnancesurvey.co.uk/id/7000000000041421,England,http://data.ordnancesurvey.co.uk/id/country/england,,,
CT201PS,http://data.ordnancesurvey.co.uk/id/postcodeunit/CT201PS,CT20 1PS,,,,other,Postcode,622938,135734,3500,18000,,,,,,,Folkestone,http://data.ordnancesurvey.co.uk/id/4000000074566736,http://www.ordnancesurvey.co.uk/xml/codelists/localtype.xml#town,Folkestone and Hythe,http://data.ordnancesurvey.co.uk/id/7000000000018085,http://data.ordnancesurvey.co.uk/ontology/admingeo/District,Kent,http://data.ordnancesurvey.co.uk/id/7000000000018210,http://data.ordnancesurvey.co.uk/ontology/admingeo/County,South East,http://data.ordnancesurvey.co.uk/id/7000000000041421,England,http://data.ordnancesurvey.co.uk/id/country/england,,,
CT202SZ,http://data.ordnancesurvey.co.uk/id/postcodeunit/CT202SZ,CT20 2SZ,,,,other,Postcode,622327,135773,3500,18000,,,,,,,Folkestone,http://data.ordnancesurvey.co.uk/id/4000000074566736,http://www.ordnancesurvey.co.uk/xml/codelists/localtype.xml#town,Folkestone and Hythe,http://data.ordnancesurvey.co.uk/id/7000000000018085,http://data.ordnancesurvey.co.uk/ontology/admingeo/District,Kent,http://data.ordnancesurvey.co.uk/id/7000000000018210,http://data.ordnancesurvey.co.uk/ontology/admingeo/County,South East,http://data.ordnancesurvey.co.uk/id/7000000000041421,England,http://data.ordnancesurvey.co.uk/id/country/england,,,
CT201EL,http://data.ordnancesurvey.co.uk/id/postcodeunit/CT201EL,CT20 1EL,,,,other,Postcode,622664,136295,3500,18000,,,,,,,Folkestone,http://data.ordnancesurvey.co.uk/id/4000000074566736,http://www.ordnancesurvey.co.uk/xml/codelists/localtype.xml#town,Folkestone and Hythe,http://data.ordnancesurvey.co.uk/id/7000000000018085,http://data.ordnancesurvey.co.uk/ontology/admingeo/District,Kent,http://data.ordnancesurvey.co.uk/id/7000000000018210,http://data.ordnancesurvey.co.uk/ontology/admingeo/County,South East,http://data.ordnancesurvey.co.uk/id/7000000000041421,England,http://data.ordnancesurvey.co.uk/id/country/england,,,
CT157AB,http://data.ordnancesurvey.co.uk/id/postcodeunit/CT157AB,CT15 7AB,,,,other,Postcode,628377,139778,3500,18000,,,,,,,,,,Dover,http://data.ordnancesurvey.co.uk/id/7000000000017977,http://data.ordnancesurvey.co.uk/ontology/admingeo/District,Kent,http://data.ordnancesurvey.co.uk/id/7000000000018210,http://data.ordnancesurvey.co.uk/ontology/admingeo/County,South East,http://data.ordnancesurvey.co.uk/id/7000000000041421,England,http://data.ordnancesurvey.co.uk/id/country/england,,,
CT195JY,http://data.ordnancesurvey.co.uk/id/postcodeunit/CT195JY,CT19 5JY,,,,other,Postcode,621202,136613,3500,18000,,,,,,,Folkestone,http://data.ordnancesurvey.co.uk/id/4000000074566736,http://www.ordnancesurvey.co.uk/xml/codelists/localtype.xml#town,Folkestone and Hythe,http://data.ordnancesurvey.co.uk/id/7000000000018085,http://data.ordnancesurvey.co.uk/ontology/admingeo/District,Kent,http://data.ordnancesurvey.co.uk/id/7000000000018210,http://data.ordnancesurvey.co.uk/ontology/admingeo/County,South East,http://data.ordnancesurvey.co.uk/id/7000000000041421,England,http://data.ordnancesurvey.co.uk/id/country/england,,,
CT202PU,http://data.ordnancesurvey.co.uk/id/postcodeunit/CT202PU,CT20 2PU,,,,other,Postcode,621690,135879,3500,18000,,,,,,,Folkestone,http://data.ordnancesurvey.co.uk/id/4000000074566736,http://www.ordnancesurvey.co.uk/xml/codelists/localtype.xml#town,Folkestone and Hythe,http://data.ordnancesurvey.co.uk/id/7000000000018085,http://data.ordnancesurvey.co.uk/ontology/admingeo/District,Kent,http://data.ordnancesurvey.co.uk/id/7000000000018210,http://data.ordnancesurvey.co.uk/ontology/admingeo/County,South East,http://data.ordnancesurvey.co.uk/id/7000000000041421,England,http://data.ordnancesurvey.co.uk/id/country/england,,,
CT202DR,http://data.ordnancesurvey.co.uk/id/postcodeunit/CT202DR,CT20 2DR,,,,other,Postcode,622738,135735,3500,18000,,,,,,,Folkestone,http://data.ordnancesurvey.co.uk/id/4000000074566736,http://www.ordnancesurvey.co.uk/xml/codelists/localtype.xml#town,Folkestone and Hythe,http://data.ordnancesurvey.co.uk/id/7000000000018085,http://data.ordnancesurvey.co.uk/ontology/admingeo/District,Kent,http://data.ordnancesurvey.co.uk/id/7000000000018210,http://data.ordnancesurvey.co.uk/ontology/admingeo/County,South East,http://data.ordnancesurvey.co.uk/id/7000000000041421,England,http://data.ordnancesurvey.co.uk/id/country/england,,,
CT201JZ,http://data.ordnancesurvey.co.uk/id/postcodeunit/CT201JZ,CT20 1JZ,,,,other,Postcode,623087,136408,3500,18000,,,,,,,Folkestone,http://data.ordnancesurvey.co.uk/id/4000000074566736,http://www.ordnancesurvey.co.uk/xml/codelists/localtype.xml#town,Folkestone and Hythe,http://data.ordnancesurvey.co.uk/id/7000000000018085,http://data.ordnancesurvey.co.uk/ontology/admingeo/District,Kent,http://data.ordnancesurvey.co.uk/id/7000000000018210,http://data.ordnancesurvey.co.uk/ontology/admingeo/County,South East,http://data.ordnancesurvey.co.uk/id/7000000000041421,England,http://data.ordnancesurvey.co.uk/id/country/england,,,
CT201HN,http://data.ordnancesurvey.co.uk/id/postcodeunit/CT201HN,CT20 1HN,,,,other,Postcode,622762,136297,3500,18000,,,,,,,Folkestone,http://data.ordnancesurvey.co.uk/id/4000000074566736,http://www.ordnancesurvey.co.uk/xml/codelists/localtype.xml#town,Folkestone and Hythe,http://data.ordnancesurvey.co.uk/id/7000000000018085,http://data.ordnancesurvey.co.uk/ontology/admingeo/District,Kent,http://data.ordnancesurvey.co.uk/id/7000000000018210,http://data.ordnancesurvey.co.uk/ontology/admingeo/County,South East,http://data.ordnancesurvey.co.uk/id/7000000000041421,England,http://data.ordnancesurvey.co.uk/id/country/england,,,
CT201QT,http://data.ordnancesurvey.co.uk/id/postcodeunit/CT201QT,CT20 1QT,,,,other,Postcode,623273,136257,3500,18000,,,,,,,Folkestone,http://data.ordnancesurvey.co.uk/id/4000000074566736,http://www.ordnancesurvey.co.uk/xml/codelists/localtype.xml#town,Folkestone and Hythe,http://data.ordnancesurvey.co.uk/id/7000000000018085,http://data.ordnancesurvey.co.uk/ontology/admingeo/District,Kent,http://data.ordnancesurvey.co.uk/id/7000000000018210,http://data.ordnancesurvey.co.uk/ontology/admingeo/County,South East,http://data.ordnancesurvey.co.uk/id/7000000000041421,England,http://data.ordnancesurvey.co.uk/id/country/england,,,
CT202LT,http://data.ordnancesurvey.co.uk/id/postcodeunit/CT202LT,CT20 2LT,,,,other,Postcode,621581,135429,3500,18000,,,,,,,Folkestone,http://data.ordnancesurvey.co.uk/id/4000000074566736,http://www.ordnancesurvey.co.uk/xml/codelists/localtype.xml#town,Folkestone and Hythe,http://data.ordnancesurvey.co.uk/id/7000000000018085,http://data.ordnancesurvey.co.uk/ontology/admingeo/District,Kent,http://data.ordnancesurvey.co.uk/id/7000000000018210,http://data.ordnancesurvey.co.uk/ontology/admingeo/County,South East,http://data.ordnancesurvey.co.uk/id/7000000000041421,England,http://data.ordnancesurvey.co.uk/id/country/england,,,
CT203BQ,http://data.ordnancesurvey.co.uk/id/postcodeunit/CT203BQ,CT20 3BQ,,,,other,Postcode,620424,135366,3500,18000,,,,,,,Folkestone,http://data.ordnancesurvey.co.uk/id/4000000074566736,http://www.ordnancesurvey.co.uk/xml/codelists/localtype.xml#town,Folkestone and Hythe,http://data.ordnancesurvey.co.uk/id/7000000000018085,http://data.ordnancesurvey.co.uk/ontology/admingeo/District,Kent,http://data.ordnancesurvey.co.uk/id/7000000000018210,http://data.ordnancesurvey.co.uk/ontology/admingeo/County,South East,http://data.ordnancesurvey.co.uk/id/7000000000041421,England,http://data.ordnancesurvey.co.uk/id/country/england,,,
CT187LE,http://data.ordnancesurvey.co.uk/id/postcodeunit/CT187LE,CT18 7LE,,,,other,Postcode,625243,138526,3500,18000,,,,,,,Capel-le-Ferne,http://data.ordnancesurvey.co.uk/id/4000000074568384,http://www.ordnancesurvey.co.uk/xml/codelists/localtype.xml#village,Dover,http://data.ordnancesurvey.co.uk/id/7000000000017977,http://data.ordnancesurvey.co.uk/ontology/admingeo/District,Kent,http://data.ordnancesurvey.co.uk/id/7000000000018210,http://data.ordnancesurvey.co.uk/ontology/admingeo/County,South East,http://data.ordnancesurvey.co.uk/id/7000000000041421,England,http://data.ordnancesurvey.co.uk/id/country/england,,,
CT201HA,http://data.ordnancesurvey.co.uk/id/postcodeunit/CT201HA,CT20 1HA,,,,other,Postcode,622883,136152,3500,18000,,,,,,,Folkestone,http://data.ordnancesurvey.co.uk/id/4000000074566736,http://www.ordnancesurvey.co.uk/xml/codelists/localtype.xml#town,Folkestone and Hythe,http://data.ordnancesurvey.co.uk/id/7000000000018085,http://data.ordnancesurvey.co.uk/ontology/admingeo/District,Kent,http://data.ordnancesurvey.co.uk/id/7000000000018210,http://data.ordnancesurvey.co.uk/ontology/admingeo/County,South East,http://data.ordnancesurvey.co.uk/id/7000000000041421,England,http://data.ordnancesurvey.co.uk/id/country/england,,,
CT203PZ,http://data.ordnancesurvey.co.uk/id/postcodeunit/CT203PZ,CT20 3PZ,,,,other,Postcode,620208,136421,3500,18000,,,,,,,Folkestone,http://data.ordnancesurvey.co.uk/id/4000000074566736,http://www.ordnancesurvey.co.uk/xml/codelists/localtype.xml#town,Folkestone and Hythe,http://data.ordnancesurvey.co.uk/id/7000000000018085,http://data.ordnancesurvey.co.uk/ontology/admingeo/District,Kent,http://data.ordnancesurvey.co.uk/id/7000000000018210,http://data.ordnancesurvey.co.uk/ontology/admingeo/County,South East,http://data.ordnancesurvey.co.uk/id/7000000000041421,England,http://data.ordnancesurvey.co.uk/id/country/england,,,
CT187JX,http://data.ordnancesurvey.co.uk/id/postcodeunit/CT187JX,CT18 7JX,,,,other,Postcode,625011,138523,3500,18000,,,,,,,Capel-le-Ferne,http://data.ordnancesurvey.co.uk/id/4000000074568384,http://www.ordnancesurvey.co.uk/xml/codelists/localtype.xml#village,Dover,http://data.ordnancesurvey.co.uk/id/7000000000017977,http://data.ordnancesurvey.co.uk/ontology/admingeo/District,Kent,http://data.ordnancesurvey.co.uk/id/7000000000018210,http://data.ordnancesurvey.co.uk/ontology/admingeo/County,South East,http://data.ordnancesurvey.co.uk/id/7000000000041421,England,http://data.ordnancesurvey.co.uk/id/country/england,,,
CT187QW,http://data.ordnancesurvey.co.uk/id/postcodeunit/CT187QW,CT18 7QW,,,,other,Postcode,620808,139679,3500,18000,,,,,,,Hawkinge,http://data.ordnancesurvey.co.uk/id/4000000074566747,http://www.ordnancesurvey.co.uk/xml/codelists/localtype.xml#village,Folkestone and Hythe,http://data.ordnancesurvey.co.uk/id/7000000000018085,http://data.ordnancesurvey.co.uk/ontology/admingeo/District,Kent,http://data.ordnancesurvey.co.uk/id/7000000000018210,http://data.ordnancesurvey.co.uk/ontology/admingeo/County,South East,http://data.ordnancesurvey.co.uk/id/7000000000041421,England,http://data.ordnancesurvey.co.uk/id/country/england,,,
CT195RW,http://data.ordnancesurvey.co.uk/id/postcodeunit/CT195RW,CT19 5RW,,,,other,Postcode,622622,136695,3500,18000,,,,,,,Folkestone,http://data.ordnancesurvey.co.uk/id/4000000074566736,http://www.ordnancesurvey.co.uk/xml/codelists/localtype.xml#town,Folkestone and Hythe,http://data.ordnancesurvey.co.uk/id/7000000000018085,http://data.ordnancesurvey.co.uk/ontology/admingeo/District,Kent,http://data.ordnancesurvey.co.uk/id/7000000000018210,http://data.ordnancesurvey.co.uk/ontology/admingeo/County,South East,http://data.ordnancesurvey.co.uk/id/7000000000041421,England,http://data.ordnancesurvey.co.uk/id/country/england,,,
CT195LD,http://data.ordnancesurvey.co.uk/id/postcodeunit/CT195LD,CT19 5LD,,,,other,Postcode,621183,136828,3500,18000,,,,,,,Folkestone,http://data.ordnancesurvey.co.uk/id/4000000074566736,http://www.ordnancesurvey.co.uk/xml/codelists/localtype.xml#town,Folkestone and Hythe,http://data.ordnancesurvey.co.uk/id/7000000000018085,http://data.ordnancesurvey.co.uk/ontology/admingeo/District,Kent,http://data.ordnancesurvey.co.uk/id/7000000000018210,http://data.ordnancesurvey.co.uk/ontology/admingeo/County,South East,http://data.ordnancesurvey.co.uk/id/7000000000041421,England,http://data.ordnancesurvey.co.uk/id/country/england,,,
CT187BS,http://data.ordnancesurvey.co.uk/id/postcodeunit/CT187BS,CT18 7BS,,,,other,Postcode,621562,139929,3500,18000,,,,,,,Hawkinge,http://data.ordnancesurvey.co.uk/id/4000000074566747,http://www.ordnancesurvey.co.uk/xml/codelists/localtype.xml#village,Folkestone and Hythe,http://data.ordnancesurvey.co.uk/id/7000000000018085,http://data.ordnancesurvey.co.uk/ontology/admingeo/District,Kent,http://data.ordnancesurvey.co.uk/id/7000000000018210,http://data.ordnancesurvey.co.uk/ontology/admingeo/County,South East,http://data.ordnancesurvey.co.uk/id/7000000000041421,England,http://data.ordnancesurvey.co.uk/id/country/england,,,
CT187FH,http://data.ordnancesurvey.co.uk/id/postcodeunit/CT187FH,CT18 7FH,,,,other,Postcode,621467,139560,3500,18000,,,,,,,Hawkinge,http://data.ordnancesurvey.co.uk/id/4000000074566747,http://www.ordnancesurvey.co.uk/xml/codelists/localtype.xml#village,Folkestone and Hythe,http://data.ordnancesurvey.co.uk/id/7000000000018085,http://data.ordnancesurvey.co.uk/ontology/admingeo/District,Kent,http://data.ordnancesurvey.co.uk/id/7000000000018210,http://data.ordnancesurvey.co.uk/ontology/admingeo/County,South East,http://data.ordnancesurvey.co.uk/id/7000000000041421,England,http://data.ordnancesurvey.co.uk/id/country/england,,,
CT201EX,http://data.ordnancesurvey.co.uk/id/postcodeunit/CT201EX,CT20 1EX,,,,other,Postcode,622940,135978,3500,18000,,,,,,,Folkestone,http://data.ordnancesurvey.co.uk/id/4000000074566736,http://www.ordnancesurvey.co.uk/xml/codelists/localtype.xml#town,Folkestone and Hythe,http://data.ordnancesurvey.co.uk/id/7000000000018085,http://data.ordnancesurvey.co.uk/ontology/admingeo/District,Kent,http://data.ordnancesurvey.co.uk/id/7000000000018210,http://data.ordnancesurvey.co.uk/ontology/admingeo/County,South East,http://data.ordnancesurvey.co.uk/id/7000000000041421,England,http://data.ordnancesurvey.co.uk/id/country/england,,,
CT202BF,http://data.ordnancesurvey.co.uk/id/postcodeunit/CT202BF,CT20 2BF,,,,other,Postcode,622265,136244,3500,18000,,,,,,,Folkestone,http://data.ordnancesurvey.co.uk/id/4000000074566736,http://www.ordnancesurvey.co.uk/xml/codelists/localtype.xml#town,Folkestone and Hythe,http://data.ordnancesurvey.co.uk/id/7000000000018085,http://data.ordnancesurvey.co.uk/ontology/admingeo/District,Kent,http://data.ordnancesurvey.co.uk/id/7000000000018210,http://data.ordnancesurvey.co.uk/ontology/admingeo/County,South East,http://data.ordnancesurvey.co.uk/id/7000000000041421,England,http://data.ordnancesurvey.co.uk/id/country/england,,,
CT201RW,http://data.ordnancesurvey.co.uk/id/postcodeunit/CT201RW,CT20 1RW,,,,other,Postcode,623179,136047,3500,18000,,,,,,,Folkestone,http://data.ordnancesurvey.co.uk/id/4000000074566736,http://www.ordnancesurvey.co.uk/xml/codelists/localtype.xml#town,Folkestone and Hythe,http://data.ordnancesurvey.co.uk/id/7000000000018085,http://data.ordnancesurvey.co.uk/ontology/admingeo/District,Kent,http://data.ordnancesurvey.co.uk/id/7000000000018210,http://data.ordnancesurvey.co.uk/ontology/admingeo/County,South East,http://data.ordnancesurvey.co.uk/id/7000000000041421,England,http://data.ordnancesurvey.co.uk/id/country/england,,,
CT196DA,http://data.ordnancesurvey.co.uk/id/postcodeunit/CT196DA,CT19 6DA,,,,other,Postcode,623543,136428,3500,18000,,,,,,,Folkestone,http://data.ordnancesurvey.co.uk/id/4000000074566736,http://www.ordnancesurvey.co.uk/xml/codelists/localtype.xml#town,Folkestone and Hythe,http://data.ordnancesurvey.co.uk/id/7000000000018085,http://data.ordnancesurvey.co.uk/ontology/admingeo/District,Kent,http://data.ordnancesurvey.co.uk/id/7000000000018210,http://data.ordnancesurvey.co.uk/ontology/admingeo/County,South East,http://data.ordnancesurvey.co.uk/id/7000000000041421,England,http://data.ordnancesurvey.co.uk/id/country/england,,,
CT194HE,http://data.ordnancesurvey.co.uk/id/postcodeunit/CT194HE,CT19 4HE,,,,other,Postcode,620156,136764,3500,18000,,,,,,,Folkestone,http://data.ordnancesurvey.co.uk/id/4000000074566736,http://www.ordnancesurvey.co.uk/xml/codelists/localtype.xml#town,Folkestone and Hythe,http://data.ordnancesurvey.co.uk/id/7000000000018085,http://data.ordnancesurvey.co.uk/ontology/admingeo/District,Kent,http://data.ordnancesurvey.co.uk/id/7000000000018210,http://data.ordnancesurvey.co.uk/ontology/admingeo/County,South East,http://data.ordnancesurvey.co.uk/id/7000000000041421,England,http://data.ordnancesurvey.co.uk/id/country/england,,,
CT195NL,http://data.ordnancesurvey.co.uk/id/postcodeunit/CT195NL,CT19 5NL,,,,other,Postcode,623098,136911,3500,18000,,,,,,,Folkestone,http://data.ordnancesurvey.co.uk/id/4000000074566736,http://www.ordnancesurvey.co.uk/xml/codelists/localtype.xml#town,Folkestone and Hythe,http://data.ordnancesurvey.co.uk/id/7000000000018085,http://data.ordnancesurvey.co.uk/ontology/admingeo/District,Kent,http://data.ordnancesurvey.co.uk/id/7000000000018210,http://data.ordnancesurvey.co.uk/ontology/admingeo/County,South East,http://data.ordnancesurvey.co.uk/id/7000000000041421,England,http://data.ordnancesurvey.co.uk/id/country/england,,,
CT209TF,http://data.ordnancesurvey.co.uk/id/postcodeunit/CT209TF,CT20 9TF,,,,other,Postcode,622119,135914,3500,18000,,,,,,,Folkestone,http://data.ordnancesurvey.co.uk/id/4000000074566736,http://www.ordnancesurvey.co.uk/xml/codelists/localtype.xml#town,Folkestone and Hythe,http://data.ordnancesurvey.co.uk/id/7000000000018085,http://data.ordnancesurvey.co.uk/ontology/admingeo/District,Kent,http://data.ordnancesurvey.co.uk/id/7000000000018210,http://data.ordnancesurvey.co.uk/ontology/admingeo/County,South East,http://data.ordnancesurvey.co.uk/id/7000000000041421,England,http://data.ordnancesurvey.co.uk/id/country/england,,,
CT203NF,http://data.ordnancesurvey.co.uk/id/postcodeunit/CT203NF,CT20 3NF,,,,other,Postcode,620453,136003,3500,18000,,,,,,,Folkestone,http://data.ordnancesurvey.co.uk/id/4000000074566736,http://www.ordnancesurvey.co.uk/xml/codelists/localtype.xml#town,Folkestone and Hythe,http://data.ordnancesurvey.co.uk/id/7000000000018085,http://data.ordnancesurvey.co.uk/ontology/admingeo/District,Kent,http://data.ordnancesurvey.co.uk/id/7000000000018210,http://data.ordnancesurvey.co.uk/ontology/admingeo/County,South East,http://data.ordnancesurvey.co.uk/id/7000000000041421,England,http://data.ordnancesurvey.co.uk/id/country/england,,,
CT202EN,http://data.ordnancesurvey.co.uk/id/postcodeunit/CT202EN,CT20 2EN,,,,other,Postcode,621936,135417,3500,18000,,,,,,,Folkestone,http://data.ordnancesurvey.co.uk/id/4000000074566736,http://www.ordnancesurvey.co.uk/xml/codelists/localtype.xml#town,Folkestone and Hythe,http://data.ordnancesurvey.co.uk/id/7000000000018085,http://data.ordnancesurvey.co.uk/ontology/admingeo/District,Kent,http://data.ordnancesurvey.co.uk/id/7000000000018210,http://data.ordnancesurvey.co.uk/ontology/admingeo/County,South East,http://data.ordnancesurvey.co.uk/id/7000000000041421,England,http://data.ordnancesurvey.co.uk/id/country/england,,,
CT196PB,http://data.ordnancesurvey.co.uk/id/postcodeunit/CT196PB,CT19 6PB,,,,other,Postcode,623626,137478,3500,18000,,,,,,,Folkestone,http://data.ordnancesurvey.co.uk/id/4000000074566736,http://www.ordnancesurvey.co.uk/xml/codelists/localtype.xml#town,Folkestone and Hythe,http://data.ordnancesurvey.co.uk/id/7000000000018085,http://data.ordnancesurvey.co.uk/ontology/admingeo/District,Kent,http://data.ordnancesurvey.co.uk/id/7000000000018210,http://data.ordnancesurvey.co.uk/ontology/admingeo/County,South East,http://data.ordnancesurvey.co.uk/id/7000000000041421,England,http://data.ordnancesurvey.co.uk/id/country/england,,,
CT202JN,http://data.ordnancesurvey.co.uk/id/postcodeunit/CT202JN,CT20 2JN,,,,other,Postcode,621151,135250,3500,18000,,,,,,,Folkestone,http://data.ordnancesurvey.co.uk/id/4000000074566736,http://www.ordnancesurvey.co.uk/xml/codelists/localtype.xml#town,Folkestone and Hythe,http://data.ordnancesurvey.co.uk/id/7000000000018085,http://data.ordnancesurvey.co.uk/ontology/admingeo/District,Kent,http://data.ordnancesurvey.co.uk/id/7000000000018210,http://data.ordnancesurvey.co.uk/ontology/admingeo/County,South East,http://data.ordnancesurvey.co.uk/id/7000000000041421,England,http://data.ordnancesurvey.co.uk/id/country/england,,,
CT195TN,http://data.ordnancesurvey.co.uk/id/postcodeunit/CT195TN,CT19 5TN,,,,other,Postcode,621649,137238,3500,18000,,,,,,,Folkestone,http://data.ordnancesurvey.co.uk/id/4000000074566736,http://www.ordnancesurvey.co.uk/xml/codelists/localtype.xml#town,Folkestone and Hythe,http://data.ordnancesurvey.co.uk/id/7000000000018085,http://data.ordnancesurvey.co.uk/ontology/admingeo/District,Kent,http://data.ordnancesurvey.co.uk/id/7000000000018210,http://data.ordnancesurvey.co.uk/ontology/admingeo/County,South East,http://data.ordnancesurvey.co.uk/id/7000000000041421,England,http://data.ordnancesurvey.co.uk/id/country/england,,,
CT202QB,http://data.ordnancesurvey.co.uk/id/postcodeunit/CT202QB,CT20 2QB,,,,other,Postcode,621552,136050,3500,18000,,,,,,,Folkestone,http://data.ordnancesurvey.co.uk/id/4000000074566736,http://www.ordnancesurvey.co.uk/xml/codelists/localtype.xml#town,Folkestone and Hythe,http://data.ordnancesurvey.co.uk/id/7000000000018085,http://data.ordnancesurvey.co.uk/ontology/admingeo/District,Kent,http://data.ordnancesurvey.co.uk/id/7000000000018210,http://data.ordnancesurvey.co.uk/ontology/admingeo/County,South East,http://data.ordnancesurvey.co.uk/id/7000000000041421,England,http://data.ordnancesurvey.co.uk/id/country/england,,,
CT187BZ,http://data.ordnancesurvey.co.uk/id/postcodeunit/CT187BZ,CT18 7BZ,,,,other,Postcode,622107,139639,3500,18000,,,,,,,Hawkinge,http://data.ordnancesurvey.co.uk/id/4000000074566747,http://www.ordnancesurvey.co.uk/xml/codelists/localtype.xml#village,Folkestone and Hythe,http://data.ordnancesurvey.co.uk/id/7000000000018085,http://data.ordnancesurvey.co.uk/ontology/admingeo/District,Kent,http://data.ordnancesurvey.co.uk/id/7000000000018210,http://data.ordnancesurvey.co.uk/ontology/admingeo/County,South East,http://data.ordnancesurvey.co.uk/id/7000000000041421,England,http://data.ordnancesurvey.co.uk/id/country/england,,,
CT202SG,http://data.ordnancesurvey.co.uk/id/postcodeunit/CT202SG,CT20 2SG,,,,other,Postcode,622014,135802,3500,18000,,,,,,,Folkestone,http://data.ordnancesurvey.co.uk/id/4000000074566736,http://www.ordnancesurvey.co.uk/xml/codelists/localtype.xml#town,Folkestone and Hythe,http://data.ordnancesurvey.co.uk/id/7000000000018085,http://data.ordnancesurvey.co.uk/ontology/admingeo/District,Kent,http://data.ordnancesurvey.co.uk/id/7000000000018210,http://data.ordnancesurvey.co.uk/ontology/admingeo/County,South East,http://data.ordnancesurvey.co.uk/id/7000000000041421,England,http://data.ordnancesurvey.co.uk/id/country/england,,,
CT187PL,http://data.ordnancesurvey.co.uk/id/postcodeunit/CT187PL,CT18 7PL,,,,other,Postcode,621052,139590,3500,18000,,,,,,,Hawkinge,http://data.ordnancesurvey.co.uk/id/4000000074566747,http://www.ordnancesurvey.co.uk/xml/codelists/localtype.xml#village,Folkestone and Hythe,http://data.ordnancesurvey.co.uk/id/7000000000018085,http://data.ordnancesurvey.co.uk/ontology/admingeo/District,Kent,http://data.ordnancesurvey.co.uk/id/7000000000018210,http://data.ordnancesurvey.co.uk/ontology/admingeo/County,South East,http://data.ordnancesurvey.co.uk/id/7000000000041421,England,http://data.ordnancesurvey.co.uk/id/country/england,,,
CT195RL,http://data.ordnancesurvey.co.uk/id/postcodeunit/CT195RL,CT19 5RL,,,,other,Postcode,622546,136737,3500,18000,,,,,,,Folkestone,http://data.ordnancesurvey.co.uk/id/4000000074566736,http://www.ordnancesurvey.co.uk/xml/codelists/localtype.xml#town,Folkestone and Hythe,http://data.ordnancesurvey.co.uk/id/7000000000018085,http://data.ordnancesurvey.co.uk/ontology/admingeo/District,Kent,http://data.ordnancesurvey.co.uk/id/7000000000018210,http://data.ordnancesurvey.co.uk/ontology/admingeo/County,South East,http://data.ordnancesurvey.co.uk/id/7000000000041421,England,http://data.ordnancesurvey.co.uk/id/country/england,,,
CT194NZ,http://data.ordnancesurvey.co.uk/id/postcodeunit/CT194NZ,CT19 4NZ,,,,other,Postcode,620516,137176,3500,18000,,,,,,,Folkestone,http://data.ordnancesurvey.co.uk/id/4000000074566736,http://www.ordnancesurvey.co.uk/xml/codelists/localtype.xml#town,Folkestone and Hythe,http://data.ordnancesurvey.co.uk/id/7000000000018085,http://data.ordnancesurvey.co.uk/ontology/admingeo/District,Kent,http://data.ordnancesurvey.co.uk/id/7000000000018210,http://data.ordnancesurvey.co.uk/ontology/admingeo/County,South East,http://data.ordnancesurvey.co.uk/id/7000000000041421,England,http://data.ordnancesurvey.co.uk/id/country/england,,,
CT194QP,http://data.ordnancesurvey.co.uk/id/postcodeunit/CT194QP,CT19 4QP,,,,other,Postcode,620304,137347,3500,18000,,,,,,,Folkestone,http://data.ordnancesurvey.co.uk/id/4000000074566736,http://www.ordnancesurvey.co.uk/xml/codelists/localtype.xml#town,Folkestone and Hythe,http://data.ordnancesurvey.co.uk/id/7000000000018085,http://data.ordnancesurvey.co.uk/ontology/admingeo/District,Kent,http://data.ordnancesurvey.co.uk/id/7000000000018210,http://data.ordnancesurvey.co.uk/ontology/admingeo/County,South East,http://data.ordnancesurvey.co.uk/id/7000000000041421,England,http://data.ordnancesurvey.co.uk/id/country/england,,,
CT196HL,http://data.ordnancesurvey.co.uk/id/postcodeunit/CT196HL,CT19 6HL,,,,other,Postcode,623025,137310,3500,18000,,,,,,,Folkestone,http://data.ordnancesurvey.co.uk/id/4000000074566736,http://www.ordnancesurvey.co.uk/xml/codelists/localtype.xml#town,Folkestone and Hythe,http://data.ordnancesurvey.co.uk/id/7000000000018085,http://data.ordnancesurvey.co.uk/ontology/admingeo/District,Kent,http://data.ordnancesurvey.co.uk/id/7000000000018210,http://data.ordnancesurvey.co.uk/ontology/admingeo/County,South East,http://data.ordnancesurvey.co.uk/id/7000000000041421,England,http://data.ordnancesurvey.co.uk/id/country/england,,,
CT195DF,http://data.ordnancesurvey.co.uk/id/postcodeunit/CT195DF,CT19 5DF,,,,other,Postcode,622047,136985,3500,18000,,,,,,,Folkestone,http://data.ordnancesurvey.co.uk/id/4000000074566736,http://www.ordnancesurvey.co.uk/xml/codelists/localtype.xml#town,Folkestone and Hythe,http://data.ordnancesurvey.co.uk/id/7000000000018085,http://data.ordnancesurvey.co.uk/ontology/admingeo/District,Kent,http://data.ordnancesurvey.co.uk/id/7000000000018210,http://data.ordnancesurvey.co.uk/ontology/admingeo/County,South East,http://data.ordnancesurvey.co.uk/id/7000000000041421,England,http://data.ordnancesurvey.co.uk/id/country/england,,,
CT201DG,http://data.ordnancesurvey.co.uk/id/postcodeunit/CT201DG,CT20 1DG,,,,other,Postcode,622382,136120,3500,18000,,,,,,,Folkestone,http://data.ordnancesurvey.co.uk/id/4000000074566736,http://www.ordnancesurvey.co.uk/xml/codelists/localtype.xml#town,Folkestone and Hythe,http://data.ordnancesurvey.co.uk/id/7000000000018085,http://data.ordnancesurvey.co.uk/ontology/admingeo/District,Kent,http://data.ordnancesurvey.co.uk/id/7000000000018210,http://data.ordnancesurvey.co.uk/ontology/admingeo/County,South East,http://data.ordnancesurvey.co.uk/id/7000000000041421,England,http://data.ordnancesurvey.co.uk/id/country/england,,,
CT201PA,http://data.ordnancesurvey.co.uk/id/postcodeunit/CT201PA,CT20 1PA,,,,other,Postcode,623267,136381,3500,18000,,,,,,,Folkestone,http://data.ordnancesurvey.co.uk/id/4000000074566736,http://www.ordnancesurvey.co.uk/xml/codelists/localtype.xml#town,Folkestone and Hythe,http://data.ordnancesurvey.co.uk/id/7000000000018085,http://data.ordnancesurvey.co.uk/ontology/admingeo/District,Kent,http://data.ordnancesurvey.co.uk/id/7000000000018210,http://data.ordnancesurvey.co.uk/ontology/admingeo/County,South East,http://data.ordnancesurvey.co.uk/id/7000000000041421,England,http://data.ordnancesurvey.co.uk/id/country/england,,,
CT196LU,http://data.ordnancesurvey.co.uk/id/postcodeunit/CT196LU,CT19 6LU,,,,other,Postcode,623377,137368,3500,18000,,,,,,,Folkestone,http://data.ordnancesurvey.co.uk/id/4000000074566736,http://www.ordnancesurvey.co.uk/xml/codelists/localtype.xml#town,Folkestone and Hythe,http://data.ordnancesurvey.co.uk/id/7000000000018085,http://data.ordnancesurvey.co.uk/ontology/admingeo/District,Kent,http://data.ordnancesurvey.co.uk/id/7000000000018210,http://data.ordnancesurvey.co.uk/ontology/admingeo/County,South East,http://data.ordnancesurvey.co.uk/id/7000000000041421,England,http://data.ordnancesurvey.co.uk/id/country/england,,,
CT202RZ,http://data.ordnancesurvey.co.uk/id/postcodeunit/CT202RZ,CT20 2RZ,,,,other,Postcode,622416,135792,3500,18000,,,,,,,Folkestone,http://data.ordnancesurvey.co.uk/id/4000000074566736,http://www.ordnancesurvey.co.uk/xml/codelists/localtype.xml#town,Folkestone and Hythe,http://data.ordnancesurvey.co.uk/id/7000000000018085,http://data.ordnancesurvey.co.uk/ontology/admingeo/District,Kent,http://data.ordnancesurvey.co.uk/id/7000000000018210,http://data.ordnancesurvey.co.uk/ontology/admingeo/County,South East,http://data.ordnancesurvey.co.uk/id/7000000000041421,England,http://data.ordnancesurvey.co.uk/id/country/england,,,
CT202HX,http://data.ordnancesurvey.co.uk/id/postcodeunit/CT202HX,CT20 2HX,,,,other,Postcode,621673,135563,3500,18000,,,,,,,Folkestone,http://data.ordnancesurvey.co.uk/id/4000000074566736,http://www.ordnancesurvey.co.uk/xml/codelists/localtype.xml#town,Folkestone and Hythe,http://data.ordnancesurvey.co.uk/id/7000000000018085,http://data.ordnancesurvey.co.uk/ontology/admingeo/District,Kent,http://data.ordnancesurvey.co.uk/id/7000000000018210,http://data.ordnancesurvey.co.uk/ontology/admingeo/County,South East,http://data.ordnancesurvey.co.uk/id/7000000000041421,England,http://data.ordnancesurvey.co.uk/id/country/england,,,
CT196DD,http://data.ordnancesurvey.co.uk/id/postcodeunit/CT196DD,CT19 6DD,,,,other,Postcode,623597,136880,3500,18000,,,,,,,Folkestone,http://data.ordnancesurvey.co.uk/id/4000000074566736,http://www.ordnancesurvey.co.uk/xml/codelists/localtype.xml#town,Folkestone and Hythe,http://data.ordnancesurvey.co.uk/id/7000000000018085,http://data.ordnancesurvey.co.uk/ontology/admingeo/District,Kent,http://data.ordnancesurvey.co.uk/id/7000000000018210,http://data.ordnancesurvey.co.uk/ontology/admingeo/County,South East,http://data.ordnancesurvey.co.uk/id/7000000000041421,England,http://data.ordnancesurvey.co.uk/id/country/england,,,
CT202HD,http://data.ordnancesurvey.co.uk/id/postcodeunit/CT202HD,CT20 2HD,,,,other,Postcode,621837,135767,3500,18000,,,,,,,Folkestone,http://data.ordnancesurvey.co.uk/id/4000000074566736,http://www.ordnancesurvey.co.uk/xml/codelists/localtype.xml#town,Folkestone and Hythe,http://data.ordnancesurvey.co.uk/id/7000000000018085,http://data.ordnancesurvey.co.uk/ontology/admingeo/District,Kent,http://data.ordnancesurvey.co.uk/id/7000000000018210,http://data.ordnancesurvey.co.uk/ontology/admingeo/County,South East,http://data.ordnancesurvey.co.uk/id/7000000000041421,England,http://data.ordnancesurvey.co.uk/id/country/england,,,
CT194AT,http://data.ordnancesurvey.co.uk/id/postcodeunit/CT194AT,CT19 4AT,,,,other,Postcode,621006,136574,3500,18000,,,,,,,Folkestone,http://data.ordnancesurvey.co.uk/id/4000000074566736,http://www.ordnancesurvey.co.uk/xml/codelists/localtype.xml#town,Folkestone and Hythe,http://data.ordnancesurvey.co.uk/id/7000000000018085,http://data.ordnancesurvey.co.uk/ontology/admingeo/District,Kent,http://data.ordnancesurvey.co.uk/id/7000000000018210,http://data.ordnancesurvey.co.uk/ontology/admingeo/County,South East,http://data.ordnancesurvey.co.uk/id/7000000000041421,England,http://data.ordnancesurvey.co.uk/id/country/england,,,
CT202TU,http://data.ordnancesurvey.co.uk/id/postcodeunit/CT202TU,CT20 2TU,,,,other,Postcode,622286,135830,3500,18000,,,,,,,Folkestone,http://data.ordnancesurvey.co.uk/id/4000000074566736,http://www.ordnancesurvey.co.uk/xml/codelists/localtype.xml#town,Folkestone and Hythe,http://data.ordnancesurvey.co.uk/id/7000000000018085,http://data.ordnancesurvey.co.uk/ontology/admingeo/District,Kent,http://data.ordnancesurvey.co.uk/id/7000000000018210,http://data.ordnancesurvey.co.uk/ontology/admingeo/County,South East,http://data.ordnancesurvey.co.uk/id/7000000000041421,England,http://data.ordnancesurvey.co.uk/id/country/england,,,
CT187HR,http://data.ordnancesurvey.co.uk/id/postcodeunit/CT187HR,CT18 7HR,,,,other,Postcode,625275,138452,3500,18000,,,,,,,Capel-le-Ferne,http://data.ordnancesurvey.co.uk/id/4000000074568384,http://www.ordnancesurvey.co.uk/xml/codelists/localtype.xml#village,Dover,http://data.ordnancesurvey.co.uk/id/7000000000017977,http://data.ordnancesurvey.co.uk/ontology/admingeo/District,Kent,http://data.ordnancesurvey.co.uk/id/7000000000018210,http://data.ordnancesurvey.co.uk/ontology/admingeo/County,South East,http://data.ordnancesurvey.co.uk/id/7000000000041421,England,http://data.ordnancesurvey.co.uk/id/country/england,,,
CT201HT,http://data.ordnancesurvey.co.uk/id/postcodeunit/CT201HT,CT20 1HT,,,,other,Postcode,622898,136309,3500,18000,,,,,,,Folkestone,http://data.ordnancesurvey.co.uk/id/4000000074566736,http://www.ordnancesurvey.co.uk/xml/codelists/localtype.xml#town,Folkestone and Hythe,http://data.ordnancesurvey.co.uk/id/7000000000018085,http://data.ordnancesurvey.co.uk/ontology/admingeo/District,Kent,http://data.ordnancesurvey.co.uk/id/7000000000018210,http://data.ordnancesurvey.co.uk/ontology/admingeo/County,South East,http://data.ordnancesurvey.co.uk/id/7000000000041421,England,http://data.ordnancesurvey.co.uk/id/country/england,,,
CT201ES,http://data.ordnancesurvey.co.uk/id/postcodeunit/CT201ES,CT20 1ES,,,,other,Postcode,622637,136307,3500,18000,,,,,,,Folkestone,http://data.ordnancesurvey.co.uk/id/4000000074566736,http://www.ordnancesurvey.co.uk/xml/codelists/localtype.xml#town,Folkestone and Hythe,http://data.ordnancesurvey.co.uk/id/7000000000018085,http://data.ordnancesurvey.co.uk/ontology/admingeo/District,Kent,http://data.ordnancesurvey.co.uk/id/7000000000018210,http://data.ordnancesurvey.co.uk/ontology/admingeo/County,South East,http://data.ordnancesurvey.co.uk/id/7000000000041421,England,http://data.ordnancesurvey.co.uk/id/country/england,,,
CT201HD,http://data.ordnancesurvey.co.uk/id/postcodeunit/CT201HD,CT20 1HD,,,,other,Postcode,622896,136199,3500,18000,,,,,,,Folkestone,http://data.ordnancesurvey.co.uk/id/4000000074566736,http://www.ordnancesurvey.co.uk/xml/codelists/localtype.xml#town,Folkestone and Hythe,http://data.ordnancesurvey.co.uk/id/7000000000018085,http://data.ordnancesurvey.co.uk/ontology/admingeo/District,Kent,http://data.ordnancesurvey.co.uk/id/7000000000018210,http://data.ordnancesurvey.co.uk/ontology/admingeo/County,South East,http://data.ordnancesurvey.co.uk/id/7000000000041421,England,http://data.ordnancesurvey.co.uk/id/country/england,,,
CT202UJ,http://data.ordnancesurvey.co.uk/id/postcodeunit/CT202UJ,CT20 2UJ,,,,other,Postcode,622296,135796,3500,18000,,,,,,,Folkestone,http://data.ordnancesurvey.co.uk/id/4000000074566736,http://www.ordnancesurvey.co.uk/xml/codelists/localtype.xml#town,Folkestone and Hythe,http://data.ordnancesurvey.co.uk/id/7000000000018085,http://data.ordnancesurvey.co.uk/ontology/admingeo/District,Kent,http://data.ordnancesurvey.co.uk/id/7000000000018210,http://data.ordnancesurvey.co.uk/ontology/admingeo/County,South East,http://data.ordnancesurvey.co.uk/id/7000000000041421,England,http://data.ordnancesurvey.co.uk/id/country/england,,,
CT194BD,http://data.ordnancesurvey.co.uk/id/postcodeunit/CT194BD,CT19 4BD,,,,other,Postcode,620643,136544,3500,18000,,,,,,,Folkestone,http://data.ordnancesurvey.co.uk/id/4000000074566736,http://www.ordnancesurvey.co.uk/xml/codelists/localtype.xml#town,Folkestone and Hythe,http://data.ordnancesurvey.co.uk/id/7000000000018085,http://data.ordnancesurvey.co.uk/ontology/admingeo/District,Kent,http://data.ordnancesurvey.co.uk/id/7000000000018210,http://data.ordnancesurvey.co.uk/ontology/admingeo/County,South East,http://data.ordnancesurvey.co.uk/id/7000000000041421,England,http://data.ordnancesurvey.co.uk/id/country/england,,,
CT196BN,http://data.ordnancesurvey.co.uk/id/postcodeunit/CT196BN,CT19 6BN,,,,other,Postcode,623796,136424,3500,18000,,,,,,,Folkestone,http://data.ordnancesurvey.co.uk/id/4000000074566736,http://www.ordnancesurvey.co.uk/xml/codelists/localtype.xml#town,Folkestone and Hythe,http://data.ordnancesurvey.co.uk/id/7000000000018085,http://data.ordnancesurvey.co.uk/ontology/admingeo/District,Kent,http://data.ordnancesurvey.co.uk/id/7000000000018210,http://data.ordnancesurvey.co.uk/ontology/admingeo/County,South East,http://data.ordnancesurvey.co.uk/id/7000000000041421,England,http://data.ordnancesurvey.co.uk/id/country/england,,,
CT194RJ,http://data.ordnancesurvey.co.uk/id/postcodeunit/CT194RJ,CT19 4RJ,,,,other,Postcode,620618,137323,3500,18000,,,,,,,Folkestone,http://data.ordnancesurvey.co.uk/id/4000000074566736,http://www.ordnancesurvey.co.uk/xml/codelists/localtype.xml#town,Folkestone and Hythe,http://data.ordnancesurvey.co.uk/id/7000000000018085,http://data.ordnancesurvey.co.uk/ontology/admingeo/District,Kent,http://data.ordnancesurvey.co.uk/id/7000000000018210,http://data.ordnancesurvey.co.uk/ontology/admingeo/County,South East,http://data.ordnancesurvey.co.uk/id/7000000000041421,England,http://data.ordnancesurvey.co.uk/id/country/england,,,
CT201QP,http://data.ordnancesurvey.co.uk/id/postcodeunit/CT201QP,CT20 1QP,,,,other,Postcode,623231,136128,3500,18000,,,,,,,Folkestone,http://data.ordnancesurvey.co.uk/id/4000000074566736,http://www.ordnancesurvey.co.uk/xml/codelists/localtype.xml#town,Folkestone and Hythe,http://data.ordnancesurvey.co.uk/id/7000000000018085,http://data.ordnancesurvey.co.uk/ontology/admingeo/District,Kent,http://data.ordnancesurvey.co.uk/id/7000000000018210,http://data.ordnancesurvey.co.uk/ontology/admingeo/County,South East,http://data.ordnancesurvey.co.uk/id/7000000000041421,England,http://data.ordnancesurvey.co.uk/id/country/england,,,
CT194DR,http://data.ordnancesurvey.co.uk/id/postcodeunit/CT194DR,CT19 4DR,,,,other,Postcode,620590,136709,3500,18000,,,,,,,Folkestone,http://data.ordnancesurvey.co.uk/id/4000000074566736,http://www.ordnancesurvey.co.uk/xml/codelists/localtype.xml#town,Folkestone and Hythe,http://data.ordnancesurvey.co.uk/id/7000000000018085,http://data.ordnancesurvey.co.uk/ontology/admingeo/District,Kent,http://data.ordnancesurvey.co.uk/id/7000000000018210,http://data.ordnancesurvey.co.uk/ontology/admingeo/County,South East,http://data.ordnancesurvey.co.uk/id/7000000000041421,England,http://data.ordnancesurvey.co.uk/id/country/england,,,
CT179HD,http://data.ordnancesurvey.co.uk/id/postcodeunit/CT179HD,CT17 9HD,,,,other,Postcode,630342,139831,3500,18000,,,,,,,Dover,http://data.ordnancesurvey.co.uk/id/4000000074568379,http://www.ordnancesurvey.co.uk/xml/codelists/localtype.xml#town,Dover,http://data.ordnancesurvey.co.uk/id/7000000000017977,http://data.ordnancesurvey.co.uk/ontology/admingeo/District,Kent,http://data.ordnancesurvey.co.uk/id/7000000000018210,http://data.ordnancesurvey.co.uk/ontology/admingeo/County,South East,http://data.ordnancesurvey.co.uk/id/7000000000041421,England,http://data.ordnancesurvey.co.uk/id/country/england,,,
CT195AN,http://data.ordnancesurvey.co.uk/id/postcodeunit/CT195AN,CT19 5AN,,,,other,Postcode,622485,136391,3500,18000,,,,,,,Folkestone,http://data.ordnancesurvey.co.uk/id/4000000074566736,http://www.ordnancesurvey.co.uk/xml/codelists/localtype.xml#town,Folkestone and Hythe,http://data.ordnancesurvey.co.uk/id/7000000000018085,http://data.ordnancesurvey.co.uk/ontology/admingeo/District,Kent,http://data.ordnancesurvey.co.uk/id/7000000000018210,http://data.ordnancesurvey.co.uk/ontology/admingeo/County,South East,http://data.ordnancesurvey.co.uk/id/7000000000041421,England,http://data.ordnancesurvey.co.uk/id/country/england,,,
CT201NQ,http://data.ordnancesurvey.co.uk/id/postcodeunit/CT201NQ,CT20 1NQ,,,,other,Postcode,623092,136504,3500,18000,,,,,,,Folkestone,http://data.ordnancesurvey.co.uk/id/4000000074566736,http://www.ordnancesurvey.co.uk/xml/codelists/localtype.xml#town,Folkestone and Hythe,http://data.ordnancesurvey.co.uk/id/7000000000018085,http://data.ordnancesurvey.co.uk/ontology/admingeo/District,Kent,http://data.ordnancesurvey.co.uk/id/7000000000018210,http://data.ordnancesurvey.co.uk/ontology/admingeo/County,South East,http://data.ordnancesurvey.co.uk/id/7000000000041421,England,http://data.ordnancesurvey.co.uk/id/country/england,,,
CT195QE,http://data.ordnancesurvey.co.uk/id/postcodeunit/CT195QE,CT19 5QE,,,,other,Postcode,622788,137412,3500,18000,,,,,,,Folkestone,http://data.ordnancesurvey.co.uk/id/4000000074566736,http://www.ordnancesurvey.co.uk/xml/codelists/localtype.xml#town,Folkestone and Hythe,http://data.ordnancesurvey.co.uk/id/7000000000018085,http://data.ordnancesurvey.co.uk/ontology/admingeo/District,Kent,http://data.ordnancesurvey.co.uk/id/7000000000018210,http://data.ordnancesurvey.co.uk/ontology/admingeo/County,South East,http://data.ordnancesurvey.co.uk/id/7000000000041421,England,http://data.ordnancesurvey.co.uk/id/country/england,,,
CT196HF,http://data.ordnancesurvey.co.uk/id/postcodeunit/CT196HF,CT19 6HF,,,,other,Postcode,623102,136950,3500,18000,,,,,,,Folkestone,http://data.ordnancesurvey.co.uk/id/4000000074566736,http://www.ordnancesurvey.co.uk/xml/codelists/localtype.xml#town,Folkestone and Hythe,http://data.ordnancesurvey.co.uk/id/7000000000018085,http://data.ordnancesurvey.co.uk/ontology/admingeo/District,Kent,http://data.ordnancesurvey.co.uk/id/7000000000018210,http://data.ordnancesurvey.co.uk/ontology/admingeo/County,South East,http://data.ordnancesurvey.co.uk/id/7000000000041421,England,http://data.ordnancesurvey.co.uk/id/country/england,,,
CT187JY,http://data.ordnancesurvey.co.uk/id/postcodeunit/CT187JY,CT18 7JY,,,,other,Postcode,625048,138517,3500,18000,,,,,,,Capel-le-Ferne,http://data.ordnancesurvey.co.uk/id/4000000074568384,http://www.ordnancesurvey.co.uk/xml/codelists/localtype.xml#village,Dover,http://data.ordnancesurvey.co.uk/id/7000000000017977,http://data.ordnancesurvey.co.uk/ontology/admingeo/District,Kent,http://data.ordnancesurvey.co.uk/id/7000000000018210,http://data.ordnancesurvey.co.uk/ontology/admingeo/County,South East,http://data.ordnancesurvey.co.uk/id/7000000000041421,England,http://data.ordnancesurvey.co.uk/id/country/england,,,
CT203PH,http://data.ordnancesurvey.co.uk/id/postcodeunit/CT203PH,CT20 3PH,,,,other,Postcode,620517,136396,3500,18000,,,,,,,Folkestone,http://data.ordnancesurvey.co.uk/id/4000000074566736,http://www.ordnancesurvey.co.uk/xml/codelists/localtype.xml#town,Folkestone and Hythe,http://data.ordnancesurvey.co.uk/id/7000000000018085,http://data.ordnancesurvey.co.uk/ontology/admingeo/District,Kent,http://data.ordnancesurvey.co.uk/id/7000000000018210,http://data.ordnancesurvey.co.uk/ontology/admingeo/County,South East,http://data.ordnancesurvey.co.uk/id/7000000000041421,England,http://data.ordnancesurvey.co.uk/id/country/england,,,
CT209TH,http://data.ordnancesurvey.co.uk/id/postcodeunit/CT209TH,CT20 9TH,,,,other,Postcode,622119,135914,3500,18000,,,,,,,Folkestone,http://data.ordnancesurvey.co.uk/id/4000000074566736,http://www.ordnancesurvey.co.uk/xml/codelists/localtype.xml#town,Folkestone and Hythe,http://data.ordnancesurvey.co.uk/id/7000000000018085,http://data.ordnancesurvey.co.uk/ontology/admingeo/District,Kent,http://data.ordnancesurvey.co.uk/id/7000000000018210,http://data.ordnancesurvey.co.uk/ontology/admingeo/County,South East,http://data.ordnancesurvey.co.uk/id/7000000000041421,England,http://data.ordnancesurvey.co.uk/id/country/england,,,
CT187TE,http://data.ordnancesurvey.co.uk/id/postcodeunit/CT187TE,CT18 7TE,,,,other,Postcode,621006,139390,3500,18000,,,,,,,Hawkinge,http://data.ordnancesurvey.co.uk/id/4000000074566747,http://www.ordnancesurvey.co.uk/xml/codelists/localtype.xml#village,Folkestone and Hythe,http://data.ordnancesurvey.co.uk/id/7000000000018085,http://data.ordnancesurvey.co.uk/ontology/admingeo/District,Kent,http://data.ordnancesurvey.co.uk/id/7000000000018210,http://data.ordnancesurvey.co.uk/ontology/admingeo/County,South East,http://data.ordnancesurvey.co.uk/id/7000000000041421,England,http://data.ordnancesurvey.co.uk/id/country/england,,,
CT196LZ,http://data.ordnancesurvey.co.uk/id/postcodeunit/CT196LZ,CT19 6LZ,,,,other,Postcode,623379,137426,3500,18000,,,,,,,Folkestone,http://data.ordnancesurvey.co.uk/id/4000000074566736,http://www.ordnancesurvey.co.uk/xml/codelists/localtype.xml#town,Folkestone and Hythe,http://data.ordnancesurvey.co.uk/id/7000000000018085,http://data.ordnancesurvey.co.uk/ontology/admingeo/District,Kent,http://data.ordnancesurvey.co.uk/id/7000000000018210,http://data.ordnancesurvey.co.uk/ontology/admingeo/County,South East,http://data.ordnancesurvey.co.uk/id/7000000000041421,England,http://data.ordnancesurvey.co.uk/id/country/england,,,
CT195DN,http://data.ordnancesurvey.co.uk/id/postcodeunit/CT195DN,CT19 5DN,,,,other,Postcode,622300,137128,3500,18000,,,,,,,Folkestone,http://data.ordnancesurvey.co.uk/id/4000000074566736,http://www.ordnancesurvey.co.uk/xml/codelists/localtype.xml#town,Folkestone and Hythe,http://data.ordnancesurvey.co.uk/id/7000000000018085,http://data.ordnancesurvey.co.uk/ontology/admingeo/District,Kent,http://data.ordnancesurvey.co.uk/id/7000000000018210,http://data.ordnancesurvey.co.uk/ontology/admingeo/County,South East,http://data.ordnancesurvey.co.uk/id/7000000000041421,England,http://data.ordnancesurvey.co.uk/id/country/england,,,
CT187PS,http://data.ordnancesurvey.co.uk/id/postcodeunit/CT187PS,CT18 7PS,,,,other,Postcode,621892,139948,3500,18000,,,,,,,Hawkinge,http://data.ordnancesurvey.co.uk/id/4000000074566747,http://www.ordnancesurvey.co.uk/xml/codelists/localtype.xml#village,Folkestone and Hythe,http://data.ordnancesurvey.co.uk/id/7000000000018085,http://data.ordnancesurvey.co.uk/ontology/admingeo/District,Kent,http://data.ordnancesurvey.co.uk/id/7000000000018210,http://data.ordnancesurvey.co.uk/ontology/admingeo/County,South East,http://data.ordnancesurvey.co.uk/id/7000000000041421,England,http://data.ordnancesurvey.co.uk/id/country/england,,,
CT187NL,http://data.ordnancesurvey.co.uk/id/postcodeunit/CT187NL,CT18 7NL,,,,other,Postcode,620730,139732,3500,18000,,,,,,,Hawkinge,http://data.ordnancesurvey.co.uk/id/4000000074566747,http://www.ordnancesurvey.co.uk/xml/codelists/localtype.xml#village,Folkestone and Hythe,http://data.ordnancesurvey.co.uk/id/7000000000018085,http://data.ordnancesurvey.co.uk/ontology/admingeo/District,Kent,http://data.ordnancesurvey.co.uk/id/7000000000018210,http://data.ordnancesurvey.co.uk/ontology/admingeo/County,South East,http://data.ordnancesurvey.co.uk/id/7000000000041421,England,http://data.ordnancesurvey.co.uk/id/country/england,,,
CT196NS,http://data.ordnancesurvey.co.uk/id/postcodeunit/CT196NS,CT19 6NS,,,,other,Postcode,623514,137217,3500,18000,,,,,,,Folkestone,http://data.ordnancesurvey.co.uk/id/4000000074566736,http://www.ordnancesurvey.co.uk/xml/codelists/localtype.xml#town,Folkestone and Hythe,http://data.ordnancesurvey.co.uk/id/7000000000018085,http://data.ordnancesurvey.co.uk/ontology/admingeo/District,Kent,http://data.ordnancesurvey.co.uk/id/7000000000018210,http://data.ordnancesurvey.co.uk/ontology/admingeo/County,South East,http://data.ordnancesurvey.co.uk/id/7000000000041421,England,http://data.ordnancesurvey.co.uk/id/country/england,,,
CT196LY,http://data.ordnancesurvey.co.uk/id/postcodeunit/CT196LY,CT19 6LY,,,,other,Postcode,623459,137385,3500,18000,,,,,,,Folkestone,http://data.ordnancesurvey.co.uk/id/4000000074566736,http://www.ordnancesurvey.co.uk/xml/codelists/localtype.xml#town,Folkestone and Hythe,http://data.ordnancesurvey.co.uk/id/7000000000018085,http://data.ordnancesurvey.co.uk/ontology/admingeo/District,Kent,http://data.ordnancesurvey.co.uk/id/7000000000018210,http://data.ordnancesurvey.co.uk/ontology/admingeo/County,South East,http://data.ordnancesurvey.co.uk/id/7000000000041421,England,http://data.ordnancesurvey.co.uk/id/country/england,,,
CT201FD,http://data.ordnancesurvey.co.uk/id/postcodeunit/CT201FD,CT20 1FD,,,,other,Postcode,622835,135623,3500,18000,,,,,,,Folkestone,http://data.ordnancesurvey.co.uk/id/4000000074566736,http://www.ordnancesurvey.co.uk/xml/codelists/localtype.xml#town,Folkestone and Hythe,http://data.ordnancesurvey.co.uk/id/7000000000018085,http://data.ordnancesurvey.co.uk/ontology/admingeo/District,Kent,http://data.ordnancesurvey.co.uk/id/7000000000018210,http://data.ordnancesurvey.co.uk/ontology/admingeo/County,South East,http://data.ordnancesurvey.co.uk/id/7000000000041421,England,http://data.ordnancesurvey.co.uk/id/country/england,,,
CT203BS,http://data.ordnancesurvey.co.uk/id/postcodeunit/CT203BS,CT20 3BS,,,,other,Postcode,620282,135852,3500,18000,,,,,,,Folkestone,http://data.ordnancesurvey.co.uk/id/4000000074566736,http://www.ordnancesurvey.co.uk/xml/codelists/localtype.xml#town,Folkestone and Hythe,http://data.ordnancesurvey.co.uk/id/7000000000018085,http://data.ordnancesurvey.co.uk/ontology/admingeo/District,Kent,http://data.ordnancesurvey.co.uk/id/7000000000018210,http://data.ordnancesurvey.co.uk/ontology/admingeo/County,South East,http://data.ordnancesurvey.co.uk/id/7000000000041421,England,http://data.ordnancesurvey.co.uk/id/country/england,,,
CT202LR,http://data.ordnancesurvey.co.uk/id/postcodeunit/CT202LR,CT20 2LR,,,,other,Postcode,621703,135406,3500,18000,,,,,,,Folkestone,http://data.ordnancesurvey.co.uk/id/4000000074566736,http://www.ordnancesurvey.co.uk/xml/codelists/localtype.xml#town,Folkestone and Hythe,http://data.ordnancesurvey.co.uk/id/7000000000018085,http://data.ordnancesurvey.co.uk/ontology/admingeo/District,Kent,http://data.ordnancesurvey.co.uk/id/7000000000018210,http://data.ordnancesurvey.co.uk/ontology/admingeo/County,South East,http://data.ordnancesurvey.co.uk/id/7000000000041421,England,http://data.ordnancesurvey.co.uk/id/country/england,,,
CT195NG,http://data.ordnancesurvey.co.uk/id/postcodeunit/CT195NG,CT19 5NG,,,,other,Postcode,623247,136808,3500,18000,,,,,,,Folkestone,http://data.ordnancesurvey.co.uk/id/4000000074566736,http://www.ordnancesurvey.co.uk/xml/codelists/localtype.xml#town,Folkestone and Hythe,http://data.ordnancesurvey.co.uk/id/7000000000018085,http://data.ordnancesurvey.co.uk/ontology/admingeo/District,Kent,http://data.ordnancesurvey.co.uk/id/7000000000018210,http://data.ordnancesurvey.co.uk/ontology/admingeo/County,South East,http://data.ordnancesurvey.co.uk/id/7000000000041421,England,http://data.ordnancesurvey.co.uk/id/country/england,,,
CT202AE,http://data.ordnancesurvey.co.uk/id/postcodeunit/CT202AE,CT20 2AE,,,,other,Postcode,621962,135856,3500,18000,,,,,,,Folkestone,http://data.ordnancesurvey.co.uk/id/4000000074566736,http://www.ordnancesurvey.co.uk/xml/codelists/localtype.xml#town,Folkestone and Hythe,http://data.ordnancesurvey.co.uk/id/7000000000018085,http://data.ordnancesurvey.co.uk/ontology/admingeo/District,Kent,http://data.ordnancesurvey.co.uk/id/7000000000018210,http://data.ordnancesurvey.co.uk/ontology/admingeo/County,South East,http://data.ordnancesurvey.co.uk/id/7000000000041421,England,http://data.ordnancesurvey.co.uk/id/country/england,,,
CT202QD,http://data.ordnancesurvey.co.uk/id/postcodeunit/CT202QD,CT20 2QD,,,,other,Postcode,621543,135843,3500,18000,,,,,,,Folkestone,http://data.ordnancesurvey.co.uk/id/4000000074566736,http://www.ordnancesurvey.co.uk/xml/codelists/localtype.xml#town,Folkestone and Hythe,http://data.ordnancesurvey.co.uk/id/7000000000018085,http://data.ordnancesurvey.co.uk/ontology/admingeo/District,Kent,http://data.ordnancesurvey.co.uk/id/7000000000018210,http://data.ordnancesurvey.co.uk/ontology/admingeo/County,South East,http://data.ordnancesurvey.co.uk/id/7000000000041421,England,http://data.ordnancesurvey.co.uk/id/country/england,,,
CT202NX,http://data.ordnancesurvey.co.uk/id/postcodeunit/CT202NX,CT20 2NX,,,,other,Postcode,621104,135766,3500,18000,,,,,,,Folkestone,http://data.ordnancesurvey.co.uk/id/4000000074566736,http://www.ordnancesurvey.co.uk/xml/codelists/localtype.xml#town,Folkestone and Hythe,http://data.ordnancesurvey.co.uk/id/7000000000018085,http://data.ordnancesurvey.co.uk/ontology/admingeo/District,Kent,http://data.ordnancesurvey.co.uk/id/7000000000018210,http://data.ordnancesurvey.co.uk/ontology/admingeo/County,South East,http://data.ordnancesurvey.co.uk/id/7000000000041421,England,http://data.ordnancesurvey.co.uk/id/country/england,,,
CT202PE,http://data.ordnancesurvey.co.uk/id/postcodeunit/CT202PE,CT20 2PE,,,,other,Postcode,621467,136113,3500,18000,,,,,,,Folkestone,http://data.ordnancesurvey.co.uk/id/4000000074566736,http://www.ordnancesurvey.co.uk/xml/codelists/localtype.xml#town,Folkestone and Hythe,http://data.ordnancesurvey.co.uk/id/7000000000018085,http://data.ordnancesurvey.co.uk/ontology/admingeo/District,Kent,http://data.ordnancesurvey.co.uk/id/7000000000018210,http://data.ordnancesurvey.co.uk/ontology/admingeo/County,South East,http://data.ordnancesurvey.co.uk/id/7000000000041421,England,http://data.ordnancesurvey.co.uk/id/country/england,,,
CT194NP,http://data.ordnancesurvey.co.uk/id/postcodeunit/CT194NP,CT19 4NP,,,,other,Postcode,620263,137053,3500,18000,,,,,,,Folkestone,http://data.ordnancesurvey.co.uk/id/4000000074566736,http://www.ordnancesurvey.co.uk/xml/codelists/localtype.xml#town,Folkestone and Hythe,http://data.ordnancesurvey.co.uk/id/7000000000018085,http://data.ordnancesurvey.co.uk/ontology/admingeo/District,Kent,http://data.ordnancesurvey.co.uk/id/7000000000018210,http://data.ordnancesurvey.co.uk/ontology/admingeo/County,South East,http://data.ordnancesurvey.co.uk/id/7000000000041421,England,http://data.ordnancesurvey.co.uk/id/country/england,,,
CT201RN,http://data.ordnancesurvey.co.uk/id/postcodeunit/CT201RN,CT20 1RN,,,,other,Postcode,623128,136062,3500,18000,,,,,,,Folkestone,http://data.ordnancesurvey.co.uk/id/4000000074566736,http://www.ordnancesurvey.co.uk/xml/codelists/localtype.xml#town,Folkestone and Hythe,http://data.ordnancesurvey.co.uk/id/7000000000018085,http://data.ordnancesurvey.co.uk/ontology/admingeo/District,Kent,http://data.ordnancesurvey.co.uk/id/7000000000018210,http://data.ordnancesurvey.co.uk/ontology/admingeo/County,South East,http://data.ordnancesurvey.co.uk/id/7000000000041421,England,http://data.ordnancesurvey.co.uk/id/country/england,,,
CT187SZ,http://data.ordnancesurvey.co.uk/id/postcodeunit/CT187SZ,CT18 7SZ,,,,other,Postcode,621293,139198,3500,18000,,,,,,,Hawkinge,http://data.ordnancesurvey.co.uk/id/4000000074566747,http://www.ordnancesurvey.co.uk/xml/codelists/localtype.xml#village,Folkestone and Hythe,http://data.ordnancesurvey.co.uk/id/7000000000018085,http://data.ordnancesurvey.co.uk/ontology/admingeo/District,Kent,http://data.ordnancesurvey.co.uk/id/7000000000018210,http://data.ordnancesurvey.co.uk/ontology/admingeo/County,South East,http://data.ordnancesurvey.co.uk/id/7000000000041421,England,http://data.ordnancesurvey.co.uk/id/country/england,,,
CT194BQ,http://data.ordnancesurvey.co.uk/id/postcodeunit/CT194BQ,CT19 4BQ,,,,other,Postcode,620589,136661,3500,18000,,,,,,,Folkestone,http://data.ordnancesurvey.co.uk/id/4000000074566736,http://www.ordnancesurvey.co.uk/xml/codelists/localtype.xml#town,Folkestone and Hythe,http://data.ordnancesurvey.co.uk/id/7000000000018085,http://data.ordnancesurvey.co.uk/ontology/admingeo/District,Kent,http://data.ordnancesurvey.co.uk/id/7000000000018210,http://data.ordnancesurvey.co.uk/ontology/admingeo/County,South East,http://data.ordnancesurvey.co.uk/id/7000000000041421,England,http://data.ordnancesurvey.co.uk/id/country/england,,,
CT201SN,http://data.ordnancesurvey.co.uk/id/postcodeunit/CT201SN,CT20 1SN,,,,other,Postcode,623118,135998,3500,18000,,,,,,,Folkestone,http://data.ordnancesurvey.co.uk/id/4000000074566736,http://www.ordnancesurvey.co.uk/xml/codelists/localtype.xml#town,Folkestone and Hythe,http://data.ordnancesurvey.co.uk/id/7000000000018085,http://data.ordnancesurvey.co.uk/ontology/admingeo/District,Kent,http://data.ordnancesurvey.co.uk/id/7000000000018210,http://data.ordnancesurvey.co.uk/ontology/admingeo/County,South East,http://data.ordnancesurvey.co.uk/id/7000000000041421,England,http://data.ordnancesurvey.co.uk/id/country/england,,,
CT201LX,http://data.ordnancesurvey.co.uk/id/postcodeunit/CT201LX,CT20 1LX,,,,other,Postcode,623189,136263,3500,18000,,,,,,,Folkestone,http://data.ordnancesurvey.co.uk/id/4000000074566736,http://www.ordnancesurvey.co.uk/xml/codelists/localtype.xml#town,Folkestone and Hythe,http://data.ordnancesurvey.co.uk/id/7000000000018085,http://data.ordnancesurvey.co.uk/ontology/admingeo/District,Kent,http://data.ordnancesurvey.co.uk/id/7000000000018210,http://data.ordnancesurvey.co.uk/ontology/admingeo/County,South East,http://data.ordnancesurvey.co.uk/id/7000000000041421,England,http://data.ordnancesurvey.co.uk/id/country/england,,,
CT203NJ,http://data.ordnancesurvey.co.uk/id/postcodeunit/CT203NJ,CT20 3NJ,,,,other,Postcode,620278,135933,3500,18000,,,,,,,Folkestone,http://data.ordnancesurvey.co.uk/id/4000000074566736,http://www.ordnancesurvey.co.uk/xml/codelists/localtype.xml#town,Folkestone and Hythe,http://data.ordnancesurvey.co.uk/id/7000000000018085,http://data.ordnancesurvey.co.uk/ontology/admingeo/District,Kent,http://data.ordnancesurvey.co.uk/id/7000000000018210,http://data.ordnancesurvey.co.uk/ontology/admingeo/County,South East,http://data.ordnancesurvey.co.uk/id/7000000000041421,England,http://data.ordnancesurvey.co.uk/id/country/england,,,
CT195LL,http://data.ordnancesurvey.co.uk/id/postcodeunit/CT195LL,CT19 5LL,,,,other,Postcode,621145,137202,3500,18000,,,,,,,Folkestone,http://data.ordnancesurvey.co.uk/id/4000000074566736,http://www.ordnancesurvey.co.uk/xml/codelists/localtype.xml#town,Folkestone and Hythe,http://data.ordnancesurvey.co.uk/id/7000000000018085,http://data.ordnancesurvey.co.uk/ontology/admingeo/District,Kent,http://data.ordnancesurvey.co.uk/id/7000000000018210,http://data.ordnancesurvey.co.uk/ontology/admingeo/County,South East,http://data.ordnancesurvey.co.uk/id/7000000000041421,England,http://data.ordnancesurvey.co.uk/id/country/england,,,
CT203PG,http://data.ordnancesurvey.co.uk/id/postcodeunit/CT203PG,CT20 3PG,,,,other,Postcode,620387,136343,3500,18000,,,,,,,Folkestone,http://data.ordnancesurvey.co.uk/id/4000000074566736,http://www.ordnancesurvey.co.uk/xml/codelists/localtype.xml#town,Folkestone and Hythe,http://data.ordnancesurvey.co.uk/id/7000000000018085,http://data.ordnancesurvey.co.uk/ontology/admingeo/District,Kent,http://data.ordnancesurvey.co.uk/id/7000000000018210,http://data.ordnancesurvey.co.uk/ontology/admingeo/County,South East,http://data.ordnancesurvey.co.uk/id/7000000000041421,England,http://data.ordnancesurvey.co.uk/id/country/england,,,
CT209SW,http://data.ordnancesurvey.co.uk/id/postcodeunit/CT209SW,CT20 9SW,,,,other,Postcode,622119,135914,3500,18000,,,,,,,Folkestone,http://data.ordnancesurvey.co.uk/id/4000000074566736,http://www.ordnancesurvey.co.uk/xml/codelists/localtype.xml#town,Folkestone and Hythe,http://data.ordnancesurvey.co.uk/id/7000000000018085,http://data.ordnancesurvey.co.uk/ontology/admingeo/District,Kent,http://data.ordnancesurvey.co.uk/id/7000000000018210,http://data.ordnancesurvey.co.uk/ontology/admingeo/County,South East,http://data.ordnancesurvey.co.uk/id/7000000000041421,England,http://data.ordnancesurvey.co.uk/id/country/england,,,
CT195PG,http://data.ordnancesurvey.co.uk/id/postcodeunit/CT195PG,CT19 5PG,,,,other,Postcode,622914,137234,3500,18000,,,,,,,Folkestone,http://data.ordnancesurvey.co.uk/id/4000000074566736,http://www.ordnancesurvey.co.uk/xml/codelists/localtype.xml#town,Folkestone and Hythe,http://data.ordnancesurvey.co.uk/id/7000000000018085,http://data.ordnancesurvey.co.uk/ontology/admingeo/District,Kent,http://data.ordnancesurvey.co.uk/id/7000000000018210,http://data.ordnancesurvey.co.uk/ontology/admingeo/County,South East,http://data.ordnancesurvey.co.uk/id/7000000000041421,England,http://data.ordnancesurvey.co.uk/id/country/england,,,
CT201LT,http://data.ordnancesurvey.co.uk/id/postcodeunit/CT201LT,CT20 1LT,,,,other,Postcode,623172,136121,3500,18000,,,,,,,Folkestone,http://data.ordnancesurvey.co.uk/id/4000000074566736,http://www.ordnancesurvey.co.uk/xml/codelists/localtype.xml#town,Folkestone and Hythe,http://data.ordnancesurvey.co.uk/id/7000000000018085,http://data.ordnancesurvey.co.uk/ontology/admingeo/District,Kent,http://data.ordnancesurvey.co.uk/id/7000000000018210,http://data.ordnancesurvey.co.uk/ontology/admingeo/County,South East,http://data.ordnancesurvey.co.uk/id/7000000000041421,England,http://data.ordnancesurvey.co.uk/id/country/england,,,
CT194JJ,http://data.ordnancesurvey.co.uk/id/postcodeunit/CT194JJ,CT19 4JJ,,,,other,Postcode,620023,136674,3500,18000,,,,,,,Folkestone,http://data.ordnancesurvey.co.uk/id/4000000074566736,http://www.ordnancesurvey.co.uk/xml/codelists/localtype.xml#town,Folkestone and Hythe,http://data.ordnancesurvey.co.uk/id/7000000000018085,http://data.ordnancesurvey.co.uk/ontology/admingeo/District,Kent,http://data.ordnancesurvey.co.uk/id/7000000000018210,http://data.ordnancesurvey.co.uk/ontology/admingeo/County,South East,http://data.ordnancesurvey.co.uk/id/7000000000041421,England,http://data.ordnancesurvey.co.uk/id/country/england,,,
CT196AQ,http://data.ordnancesurvey.co.uk/id/postcodeunit/CT196AQ,CT19 6AQ,,,,other,Postcode,623295,136071,3500,18000,,,,,,,Folkestone,http://data.ordnancesurvey.co.uk/id/4000000074566736,http://www.ordnancesurvey.co.uk/xml/codelists/localtype.xml#town,Folkestone and Hythe,http://data.ordnancesurvey.co.uk/id/7000000000018085,http://data.ordnancesurvey.co.uk/ontology/admingeo/District,Kent,http://data.ordnancesurvey.co.uk/id/7000000000018210,http://data.ordnancesurvey.co.uk/ontology/admingeo/County,South East,http://data.ordnancesurvey.co.uk/id/7000000000041421,England,http://data.ordnancesurvey.co.uk/id/country/england,,,
CT194EE,http://data.ordnancesurvey.co.uk/id/postcodeunit/CT194EE,CT19 4EE,,,,other,Postcode,620702,136720,3500,18000,,,,,,,Folkestone,http://data.ordnancesurvey.co.uk/id/4000000074566736,http://www.ordnancesurvey.co.uk/xml/codelists/localtype.xml#town,Folkestone and Hythe,http://data.ordnancesurvey.co.uk/id/7000000000018085,http://data.ordnancesurvey.co.uk/ontology/admingeo/District,Kent,http://data.ordnancesurvey.co.uk/id/7000000000018210,http://data.ordnancesurvey.co.uk/ontology/admingeo/County,South East,http://data.ordnancesurvey.co.uk/id/7000000000041421,England,http://data.ordnancesurvey.co.uk/id/country/england,,,
CT203PW,http://data.ordnancesurvey.co.uk/id/postcodeunit/CT203PW,CT20 3PW,,,,other,Postcode,620273,136474,3500,18000,,,,,,,Folkestone,http://data.ordnancesurvey.co.uk/id/4000000074566736,http://www.ordnancesurvey.co.uk/xml/codelists/localtype.xml#town,Folkestone and Hythe,http://data.ordnancesurvey.co.uk/id/7000000000018085,http://data.ordnancesurvey.co.uk/ontology/admingeo/District,Kent,http://data.ordnancesurvey.co.uk/id/7000000000018210,http://data.ordnancesurvey.co.uk/ontology/admingeo/County,South East,http://data.ordnancesurvey.co.uk/id/7000000000041421,England,http://data.ordnancesurvey.co.uk/id/country/england,,,
CT201AT,http://data.ordnancesurvey.co.uk/id/postcodeunit/CT201AT,CT20 1AT,,,,other,Postcode,622966,136026,3500,18000,,,,,,,Folkestone,http://data.ordnancesurvey.co.uk/id/4000000074566736,http://www.ordnancesurvey.co.uk/xml/codelists/localtype.xml#town,Folkestone and Hythe,http://data.ordnancesurvey.co.uk/id/7000000000018085,http://data.ordnancesurvey.co.uk/ontology/admingeo/District,Kent,http://data.ordnancesurvey.co.uk/id/7000000000018210,http://data.ordnancesurvey.co.uk/ontology/admingeo/County,South East,http://data.ordnancesurvey.co.uk/id/7000000000041421,England,http://data.ordnancesurvey.co.uk/id/country/england,,,
CT203EE,http://data.ordnancesurvey.co.uk/id/postcodeunit/CT203EE,CT20 3EE,,,,other,Postcode,620305,135210,3500,18000,,,,,,,Folkestone,http://data.ordnancesurvey.co.uk/id/4000000074566736,http://www.ordnancesurvey.co.uk/xml/codelists/localtype.xml#town,Folkestone and Hythe,http://data.ordnancesurvey.co.uk/id/7000000000018085,http://data.ordnancesurvey.co.uk/ontology/admingeo/District,Kent,http://data.ordnancesurvey.co.uk/id/7000000000018210,http://data.ordnancesurvey.co.uk/ontology/admingeo/County,South East,http://data.ordnancesurvey.co.uk/id/7000000000041421,England,http://data.ordnancesurvey.co.uk/id/country/england,,,
CT201NG,http://data.ordnancesurvey.co.uk/id/postcodeunit/CT201NG,CT20 1NG,,,,other,Postcode,623155,136530,3500,18000,,,,,,,Folkestone,http://data.ordnancesurvey.co.uk/id/4000000074566736,http://www.ordnancesurvey.co.uk/xml/codelists/localtype.xml#town,Folkestone and Hythe,http://data.ordnancesurvey.co.uk/id/7000000000018085,http://data.ordnancesurvey.co.uk/ontology/admingeo/District,Kent,http://data.ordnancesurvey.co.uk/id/7000000000018210,http://data.ordnancesurvey.co.uk/ontology/admingeo/County,South East,http://data.ordnancesurvey.co.uk/id/7000000000041421,England,http://data.ordnancesurvey.co.uk/id/country/england,,,
CT187FE,http://data.ordnancesurvey.co.uk/id/postcodeunit/CT187FE,CT18 7FE,,,,other,Postcode,621564,139470,3500,18000,,,,,,,Hawkinge,http://data.ordnancesurvey.co.uk/id/4000000074566747,http://www.ordnancesurvey.co.uk/xml/codelists/localtype.xml#village,Folkestone and Hythe,http://data.ordnancesurvey.co.uk/id/7000000000018085,http://data.ordnancesurvey.co.uk/ontology/admingeo/District,Kent,http://data.ordnancesurvey.co.uk/id/7000000000018210,http://data.ordnancesurvey.co.uk/ontology/admingeo/County,South East,http://data.ordnancesurvey.co.uk/id/7000000000041421,England,http://data.ordnancesurvey.co.uk/id/country/england,,,
CT195SQ,http://data.ordnancesurvey.co.uk/id/postcodeunit/CT195SQ,CT19 5SQ,,,,other,Postcode,622789,136547,3500,18000,,,,,,,Folkestone,http://data.ordnancesurvey.co.uk/id/4000000074566736,http://www.ordnancesurvey.co.uk/xml/codelists/localtype.xml#town,Folkestone and Hythe,http://data.ordnancesurvey.co.uk/id/7000000000018085,http://data.ordnancesurvey.co.uk/ontology/admingeo/District,Kent,http://data.ordnancesurvey.co.uk/id/7000000000018210,http://data.ordnancesurvey.co.uk/ontology/admingeo/County,South East,http://data.ordnancesurvey.co.uk/id/7000000000041421,England,http://data.ordnancesurvey.co.uk/id/country/england,,,
CT196AA,http://data.ordnancesurvey.co.uk/id/postcodeunit/CT196AA,CT19 6AA,,,,other,Postcode,623287,136047,3500,18000,,,,,,,Folkestone,http://data.ordnancesurvey.co.uk/id/4000000074566736,http://www.ordnancesurvey.co.uk/xml/codelists/localtype.xml#town,Folkestone and Hythe,http://data.ordnancesurvey.co.uk/id/7000000000018085,http://data.ordnancesurvey.co.uk/ontology/admingeo/District,Kent,http://data.ordnancesurvey.co.uk/id/7000000000018210,http://data.ordnancesurvey.co.uk/ontology/admingeo/County,South East,http://data.ordnancesurvey.co.uk/id/7000000000041421,England,http://data.ordnancesurvey.co.uk/id/country/england,,,
CT201PX,http://data.ordnancesurvey.co.uk/id/postcodeunit/CT201PX,CT20 1PX,,,,other,Postcode,623096,135781,3500,18000,,,,,,,Folkestone,http://data.ordnancesurvey.co.uk/id/4000000074566736,http://www.ordnancesurvey.co.uk/xml/codelists/localtype.xml#town,Folkestone and Hythe,http://data.ordnancesurvey.co.uk/id/7000000000018085,http://data.ordnancesurvey.co.uk/ontology/admingeo/District,Kent,http://data.ordnancesurvey.co.uk/id/7000000000018210,http://data.ordnancesurvey.co.uk/ontology/admingeo/County,South East,http://data.ordnancesurvey.co.uk/id/7000000000041421,England,http://data.ordnancesurvey.co.uk/id/country/england,,,
CT194RR,http://data.ordnancesurvey.co.uk/id/postcodeunit/CT194RR,CT19 4RR,,,,other,Postcode,620815,137541,3500,18000,,,,,,,Folkestone,http://data.ordnancesurvey.co.uk/id/4000000074566736,http://www.ordnancesurvey.co.uk/xml/codelists/localtype.xml#town,Folkestone and Hythe,http://data.ordnancesurvey.co.uk/id/7000000000018085,http://data.ordnancesurvey.co.uk/ontology/admingeo/District,Kent,http://data.ordnancesurvey.co.uk/id/7000000000018210,http://data.ordnancesurvey.co.uk/ontology/admingeo/County,South East,http://data.ordnancesurvey.co.uk/id/7000000000041421,England,http://data.ordnancesurvey.co.uk/id/country/england,,,
CT202HA,http://data.ordnancesurvey.co.uk/id/postcodeunit/CT202HA,CT20 2HA,,,,other,Postcode,621752,135951,3500,18000,,,,,,,Folkestone,http://data.ordnancesurvey.co.uk/id/4000000074566736,http://www.ordnancesurvey.co.uk/xml/codelists/localtype.xml#town,Folkestone and Hythe,http://data.ordnancesurvey.co.uk/id/7000000000018085,http://data.ordnancesurvey.co.uk/ontology/admingeo/District,Kent,http://data.ordnancesurvey.co.uk/id/7000000000018210,http://data.ordnancesurvey.co.uk/ontology/admingeo/County,South East,http://data.ordnancesurvey.co.uk/id/7000000000041421,England,http://data.ordnancesurvey.co.uk/id/country/england,,,
CT194NT,http://data.ordnancesurvey.co.uk/id/postcodeunit/CT194NT,CT19 4NT,,,,other,Postcode,620235,137205,3500,18000,,,,,,,Folkestone,http://data.ordnancesurvey.co.uk/id/4000000074566736,http://www.ordnancesurvey.co.uk/xml/codelists/localtype.xml#town,Folkestone and Hythe,http://data.ordnancesurvey.co.uk/id/7000000000018085,http://data.ordnancesurvey.co.uk/ontology/admingeo/District,Kent,http://data.ordnancesurvey.co.uk/id/7000000000018210,http://data.ordnancesurvey.co.uk/ontology/admingeo/County,South East,http://data.ordnancesurvey.co.uk/id/7000000000041421,England,http://data.ordnancesurvey.co.uk/id/country/england,,,
CT194QA,http://data.ordnancesurvey.co.uk/id/postcodeunit/CT194QA,CT19 4QA,,,,other,Postcode,620577,136791,3500,18000,,,,,,,Folkestone,http://data.ordnancesurvey.co.uk/id/4000000074566736,http://www.ordnancesurvey.co.uk/xml/codelists/localtype.xml#town,Folkestone and Hythe,http://data.ordnancesurvey.co.uk/id/7000000000018085,http://data.ordnancesurvey.co.uk/ontology/admingeo/District,Kent,http://data.ordnancesurvey.co.uk/id/7000000000018210,http://data.ordnancesurvey.co.uk/ontology/admingeo/County,South East,http://data.ordnancesurvey.co.uk/id/7000000000041421,England,http://data.ordnancesurvey.co.uk/id/country/england,,,
CT202LF,http://data.ordnancesurvey.co.uk/id/postcodeunit/CT202LF,CT20 2LF,,,,other,Postcode,621138,135626,3500,18000,,,,,,,Folkestone,http://data.ordnancesurvey.co.uk/id/4000000074566736,http://www.ordnancesurvey.co.uk/xml/codelists/localtype.xml#town,Folkestone and Hythe,http://data.ordnancesurvey.co.uk/id/7000000000018085,http://data.ordnancesurvey.co.uk/ontology/admingeo/District,Kent,http://data.ordnancesurvey.co.uk/id/7000000000018210,http://data.ordnancesurvey.co.uk/ontology/admingeo/County,South East,http://data.ordnancesurvey.co.uk/id/7000000000041421,England,http://data.ordnancesurvey.co.uk/id/country/england,,,
CT209SR,http://data.ordnancesurvey.co.uk/id/postcodeunit/CT209SR,CT20 9SR,,,,other,Postcode,622119,135914,3500,18000,,,,,,,Folkestone,http://data.ordnancesurvey.co.uk/id/4000000074566736,http://www.ordnancesurvey.co.uk/xml/codelists/localtype.xml#town,Folkestone and Hythe,http://data.ordnancesurvey.co.uk/id/7000000000018085,http://data.ordnancesurvey.co.uk/ontology/admingeo/District,Kent,http://data.ordnancesurvey.co.uk/id/7000000000018210,http://data.ordnancesurvey.co.uk/ontology/admingeo/County,South East,http://data.ordnancesurvey.co.uk/id/7000000000041421,England,http://data.ordnancesurvey.co.uk/id/country/england,,,
CT201ND,http://data.ordnancesurvey.co.uk/id/postcodeunit/CT201ND,CT20 1ND,,,,other,Postcode,623210,136226,3500,18000,,,,,,,Folkestone,http://data.ordnancesurvey.co.uk/id/4000000074566736,http://www.ordnancesurvey.co.uk/xml/codelists/localtype.xml#town,Folkestone and Hythe,http://data.ordnancesurvey.co.uk/id/7000000000018085,http://data.ordnancesurvey.co.uk/ontology/admingeo/District,Kent,http://data.ordnancesurvey.co.uk/id/7000000000018210,http://data.ordnancesurvey.co.uk/ontology/admingeo/County,South East,http://data.ordnancesurvey.co.uk/id/7000000000041421,England,http://data.ordnancesurvey.co.uk/id/country/england,,,
CT194PR,http://data.ordnancesurvey.co.uk/id/postcodeunit/CT194PR,CT19 4PR,,,,other,Postcode,620337,137040,3500,18000,,,,,,,Folkestone,http://data.ordnancesurvey.co.uk/id/4000000074566736,http://www.ordnancesurvey.co.uk/xml/codelists/localtype.xml#town,Folkestone and Hythe,http://data.ordnancesurvey.co.uk/id/7000000000018085,http://data.ordnancesurvey.co.uk/ontology/admingeo/District,Kent,http://data.ordnancesurvey.co.uk/id/7000000000018210,http://data.ordnancesurvey.co.uk/ontology/admingeo/County,South East,http://data.ordnancesurvey.co.uk/id/7000000000041421,England,http://data.ordnancesurvey.co.uk/id/country/england,,,
CT202AZ,http://data.ordnancesurvey.co.uk/id/postcodeunit/CT202AZ,CT20 2AZ,,,,other,Postcode,622576,135849,3500,18000,,,,,,,Folkestone,http://data.ordnancesurvey.co.uk/id/4000000074566736,http://www.ordnancesurvey.co.uk/xml/codelists/localtype.xml#town,Folkestone and Hythe,http://data.ordnancesurvey.co.uk/id/7000000000018085,http://data.ordnancesurvey.co.uk/ontology/admingeo/District,Kent,http://data.ordnancesurvey.co.uk/id/7000000000018210,http://data.ordnancesurvey.co.uk/ontology/admingeo/County,South East,http://data.ordnancesurvey.co.uk/id/7000000000041421,England,http://data.ordnancesurvey.co.uk/id/country/england,,,
CT201AQ,http://data.ordnancesurvey.co.uk/id/postcodeunit/CT201AQ,CT20 1AQ,,,,other,Postcode,623141,136293,3500,18000,,,,,,,Folkestone,http://data.ordnancesurvey.co.uk/id/4000000074566736,http://www.ordnancesurvey.co.uk/xml/codelists/localtype.xml#town,Folkestone and Hythe,http://data.ordnancesurvey.co.uk/id/7000000000018085,http://data.ordnancesurvey.co.uk/ontology/admingeo/District,Kent,http://data.ordnancesurvey.co.uk/id/7000000000018210,http://data.ordnancesurvey.co.uk/ontology/admingeo/County,South East,http://data.ordnancesurvey.co.uk/id/7000000000041421,England,http://data.ordnancesurvey.co.uk/id/country/england,,,
CT202SL,http://data.ordnancesurvey.co.uk/id/postcodeunit/CT202SL,CT20 2SL,,,,other,Postcode,622277,136030,3500,18000,,,,,,,Folkestone,http://data.ordnancesurvey.co.uk/id/4000000074566736,http://www.ordnancesurvey.co.uk/xml/codelists/localtype.xml#town,Folkestone and Hythe,http://data.ordnancesurvey.co.uk/id/7000000000018085,http://data.ordnancesurvey.co.uk/ontology/admingeo/District,Kent,http://data.ordnancesurvey.co.uk/id/7000000000018210,http://data.ordnancesurvey.co.uk/ontology/admingeo/County,South East,http://data.ordnancesurvey.co.uk/id/7000000000041421,England,http://data.ordnancesurvey.co.uk/id/country/england,,,
CT194BF,http://data.ordnancesurvey.co.uk/id/postcodeunit/CT194BF,CT19 4BF,,,,other,Postcode,620731,137501,3500,18000,,,,,,,Folkestone,http://data.ordnancesurvey.co.uk/id/4000000074566736,http://www.ordnancesurvey.co.uk/xml/codelists/localtype.xml#town,Folkestone and Hythe,http://data.ordnancesurvey.co.uk/id/7000000000018085,http://data.ordnancesurvey.co.uk/ontology/admingeo/District,Kent,http://data.ordnancesurvey.co.uk/id/7000000000018210,http://data.ordnancesurvey.co.uk/ontology/admingeo/County,South East,http://data.ordnancesurvey.co.uk/id/7000000000041421,England,http://data.ordnancesurvey.co.uk/id/country/england,,,
CT187PJ,http://data.ordnancesurvey.co.uk/id/postcodeunit/CT187PJ,CT18 7PJ,,,,other,Postcode,620988,139594,3500,18000,,,,,,,Hawkinge,http://data.ordnancesurvey.co.uk/id/4000000074566747,http://www.ordnancesurvey.co.uk/xml/codelists/localtype.xml#village,Folkestone and Hythe,http://data.ordnancesurvey.co.uk/id/7000000000018085,http://data.ordnancesurvey.co.uk/ontology/admingeo/District,Kent,http://data.ordnancesurvey.co.uk/id/7000000000018210,http://data.ordnancesurvey.co.uk/ontology/admingeo/County,South East,http://data.ordnancesurvey.co.uk/id/7000000000041421,England,http://data.ordnancesurvey.co.uk/id/country/england,,,
CT209NG,http://data.ordnancesurvey.co.uk/id/postcodeunit/CT209NG,CT20 9NG,,,,other,Postcode,622641,135834,3500,18000,,,,,,,Folkestone,http://data.ordnancesurvey.co.uk/id/4000000074566736,http://www.ordnancesurvey.co.uk/xml/codelists/localtype.xml#town,Folkestone and Hythe,http://data.ordnancesurvey.co.uk/id/7000000000018085,http://data.ordnancesurvey.co.uk/ontology/admingeo/District,Kent,http://data.ordnancesurvey.co.uk/id/7000000000018210,http://data.ordnancesurvey.co.uk/ontology/admingeo/County,South East,http://data.ordnancesurvey.co.uk/id/7000000000041421,England,http://data.ordnancesurvey.co.uk/id/country/england,,,
CT209NR,http://data.ordnancesurvey.co.uk/id/postcodeunit/CT209NR,CT20 9NR,,,,other,Postcode,622641,135834,3500,18000,,,,,,,Folkestone,http://data.ordnancesurvey.co.uk/id/4000000074566736,http://www.ordnancesurvey.co.uk/xml/codelists/localtype.xml#town,Folkestone and Hythe,http://data.ordnancesurvey.co.uk/id/7000000000018085,http://data.ordnancesurvey.co.uk/ontology/admingeo/District,Kent,http://data.ordnancesurvey.co.uk/id/7000000000018210,http://data.ordnancesurvey.co.uk/ontology/admingeo/County,South East,http://data.ordnancesurvey.co.uk/id/7000000000041421,England,http://data.ordnancesurvey.co.uk/id/country/england,,,
CT209SQ,http://data.ordnancesurvey.co.uk/id/postcodeunit/CT209SQ,CT20 9SQ,,,,other,Postcode,622119,135914,3500,18000,,,,,,,Folkestone,http://data.ordnancesurvey.co.uk/id/4000000074566736,http://www.ordnancesurvey.co.uk/xml/codelists/localtype.xml#town,Folkestone and Hythe,http://data.ordnancesurvey.co.uk/id/7000000000018085,http://data.ordnancesurvey.co.uk/ontology/admingeo/District,Kent,http://data.ordnancesurvey.co.uk/id/7000000000018210,http://data.ordnancesurvey.co.uk/ontology/admingeo/County,South East,http://data.ordnancesurvey.co.uk/id/7000000000041421,England,http://data.ordnancesurvey.co.uk/id/country/england,,,
CT209JA,http://data.ordnancesurvey.co.uk/id/postcodeunit/CT209JA,CT20 9JA,,,,other,Postcode,622641,135834,3500,18000,,,,,,,Folkestone,http://data.ordnancesurvey.co.uk/id/4000000074566736,http://www.ordnancesurvey.co.uk/xml/codelists/localtype.xml#town,Folkestone and Hythe,http://data.ordnancesurvey.co.uk/id/7000000000018085,http://data.ordnancesurvey.co.uk/ontology/admingeo/District,Kent,http://data.ordnancesurvey.co.uk/id/7000000000018210,http://data.ordnancesurvey.co.uk/ontology/admingeo/County,South East,http://data.ordnancesurvey.co.uk/id/7000000000041421,England,http://data.ordnancesurvey.co.uk/id/country/england,,,
CT195SB,http://data.ordnancesurvey.co.uk/id/postcodeunit/CT195SB,CT19 5SB,,,,other,Postcode,622851,136840,3500,18000,,,,,,,Folkestone,http://data.ordnancesurvey.co.uk/id/4000000074566736,http://www.ordnancesurvey.co.uk/xml/codelists/localtype.xml#town,Folkestone and Hythe,http://data.ordnancesurvey.co.uk/id/7000000000018085,http://data.ordnancesurvey.co.uk/ontology/admingeo/District,Kent,http://data.ordnancesurvey.co.uk/id/7000000000018210,http://data.ordnancesurvey.co.uk/ontology/admingeo/County,South East,http://data.ordnancesurvey.co.uk/id/7000000000041421,England,http://data.ordnancesurvey.co.uk/id/country/england,,,
CT187SS,http://data.ordnancesurvey.co.uk/id/postcodeunit/CT187SS,CT18 7SS,,,,other,Postcode,621386,139249,3500,18000,,,,,,,Hawkinge,http://data.ordnancesurvey.co.uk/id/4000000074566747,http://www.ordnancesurvey.co.uk/xml/codelists/localtype.xml#village,Folkestone and Hythe,http://data.ordnancesurvey.co.uk/id/7000000000018085,http://data.ordnancesurvey.co.uk/ontology/admingeo/District,Kent,http://data.ordnancesurvey.co.uk/id/7000000000018210,http://data.ordnancesurvey.co.uk/ontology/admingeo/County,South East,http://data.ordnancesurvey.co.uk/id/7000000000041421,England,http://data.ordnancesurvey.co.uk/id/country/england,,,
CT202SJ,http://data.ordnancesurvey.co.uk/id/postcodeunit/CT202SJ,CT20 2SJ,,,,other,Postcode,622244,136014,3500,18000,,,,,,,Folkestone,http://data.ordnancesurvey.co.uk/id/4000000074566736,http://www.ordnancesurvey.co.uk/xml/codelists/localtype.xml#town,Folkestone and Hythe,http://data.ordnancesurvey.co.uk/id/7000000000018085,http://data.ordnancesurvey.co.uk/ontology/admingeo/District,Kent,http://data.ordnancesurvey.co.uk/id/7000000000018210,http://data.ordnancesurvey.co.uk/ontology/admingeo/County,South East,http://data.ordnancesurvey.co.uk/id/7000000000041421,England,http://data.ordnancesurvey.co.uk/id/country/england,,,
CT202EA,http://data.ordnancesurvey.co.uk/id/postcodeunit/CT202EA,CT20 2EA,,,,other,Postcode,622342,135601,3500,18000,,,,,,,Folkestone,http://data.ordnancesurvey.co.uk/id/4000000074566736,http://www.ordnancesurvey.co.uk/xml/codelists/localtype.xml#town,Folkestone and Hythe,http://data.ordnancesurvey.co.uk/id/7000000000018085,http://data.ordnancesurvey.co.uk/ontology/admingeo/District,Kent,http://data.ordnancesurvey.co.uk/id/7000000000018210,http://data.ordnancesurvey.co.uk/ontology/admingeo/County,South East,http://data.ordnancesurvey.co.uk/id/7000000000041421,England,http://data.ordnancesurvey.co.uk/id/country/england,,,
CT201LJ,http://data.ordnancesurvey.co.uk/id/postcodeunit/CT201LJ,CT20 1LJ,,,,other,Postcode,623121,136248,3500,18000,,,,,,,Folkestone,http://data.ordnancesurvey.co.uk/id/4000000074566736,http://www.ordnancesurvey.co.uk/xml/codelists/localtype.xml#town,Folkestone and Hythe,http://data.ordnancesurvey.co.uk/id/7000000000018085,http://data.ordnancesurvey.co.uk/ontology/admingeo/District,Kent,http://data.ordnancesurvey.co.uk/id/7000000000018210,http://data.ordnancesurvey.co.uk/ontology/admingeo/County,South East,http://data.ordnancesurvey.co.uk/id/7000000000041421,England,http://data.ordnancesurvey.co.uk/id/country/england,,,
CT187PW,http://data.ordnancesurvey.co.uk/id/postcodeunit/CT187PW,CT18 7PW,,,,other,Postcode,621680,139327,3500,18000,,,,,,,Hawkinge,http://data.ordnancesurvey.co.uk/id/4000000074566747,http://www.ordnancesurvey.co.uk/xml/codelists/localtype.xml#village,Folkestone and Hythe,http://data.ordnancesurvey.co.uk/id/7000000000018085,http://data.ordnancesurvey.co.uk/ontology/admingeo/District,Kent,http://data.ordnancesurvey.co.uk/id/7000000000018210,http://data.ordnancesurvey.co.uk/ontology/admingeo/County,South East,http://data.ordnancesurvey.co.uk/id/7000000000041421,England,http://data.ordnancesurvey.co.uk/id/country/england,,,
CT202SH,http://data.ordnancesurvey.co.uk/id/postcodeunit/CT202SH,CT20 2SH,,,,other,Postcode,622216,136078,3500,18000,,,,,,,Folkestone,http://data.ordnancesurvey.co.uk/id/4000000074566736,http://www.ordnancesurvey.co.uk/xml/codelists/localtype.xml#town,Folkestone and Hythe,http://data.ordnancesurvey.co.uk/id/7000000000018085,http://data.ordnancesurvey.co.uk/ontology/admingeo/District,Kent,http://data.ordnancesurvey.co.uk/id/7000000000018210,http://data.ordnancesurvey.co.uk/ontology/admingeo/County,South East,http://data.ordnancesurvey.co.uk/id/7000000000041421,England,http://data.ordnancesurvey.co.uk/id/country/england,,,
CT195ER,http://data.ordnancesurvey.co.uk/id/postcodeunit/CT195ER,CT19 5ER,,,,other,Postcode,622460,136815,3500,18000,,,,,,,Folkestone,http://data.ordnancesurvey.co.uk/id/4000000074566736,http://www.ordnancesurvey.co.uk/xml/codelists/localtype.xml#town,Folkestone and Hythe,http://data.ordnancesurvey.co.uk/id/7000000000018085,http://data.ordnancesurvey.co.uk/ontology/admingeo/District,Kent,http://data.ordnancesurvey.co.uk/id/7000000000018210,http://data.ordnancesurvey.co.uk/ontology/admingeo/County,South East,http://data.ordnancesurvey.co.uk/id/7000000000041421,England,http://data.ordnancesurvey.co.uk/id/country/england,,,
CT195NP,http://data.ordnancesurvey.co.uk/id/postcodeunit/CT195NP,CT19 5NP,,,,other,Postcode,623016,136993,3500,18000,,,,,,,Folkestone,http://data.ordnancesurvey.co.uk/id/4000000074566736,http://www.ordnancesurvey.co.uk/xml/codelists/localtype.xml#town,Folkestone and Hythe,http://data.ordnancesurvey.co.uk/id/7000000000018085,http://data.ordnancesurvey.co.uk/ontology/admingeo/District,Kent,http://data.ordnancesurvey.co.uk/id/7000000000018210,http://data.ordnancesurvey.co.uk/ontology/admingeo/County,South East,http://data.ordnancesurvey.co.uk/id/7000000000041421,England,http://data.ordnancesurvey.co.uk/id/country/england,,,
CT202ZS,http://data.ordnancesurvey.co.uk/id/postcodeunit/CT202ZS,CT20 2ZS,,,,other,Postcode,622119,135914,3500,18000,,,,,,,Folkestone,http://data.ordnancesurvey.co.uk/id/4000000074566736,http://www.ordnancesurvey.co.uk/xml/codelists/localtype.xml#town,Folkestone and Hythe,http://data.ordnancesurvey.co.uk/id/7000000000018085,http://data.ordnancesurvey.co.uk/ontology/admingeo/District,Kent,http://data.ordnancesurvey.co.uk/id/7000000000018210,http://data.ordnancesurvey.co.uk/ontology/admingeo/County,South East,http://data.ordnancesurvey.co.uk/id/7000000000041421,England,http://data.ordnancesurvey.co.uk/id/country/england,,,
CT194AL,http://data.ordnancesurvey.co.uk/id/postcodeunit/CT194AL,CT19 4AL,,,,other,Postcode,620450,137433,3500,18000,,,,,,,Folkestone,http://data.ordnancesurvey.co.uk/id/4000000074566736,http://www.ordnancesurvey.co.uk/xml/codelists/localtype.xml#town,Folkestone and Hythe,http://data.ordnancesurvey.co.uk/id/7000000000018085,http://data.ordnancesurvey.co.uk/ontology/admingeo/District,Kent,http://data.ordnancesurvey.co.uk/id/7000000000018210,http://data.ordnancesurvey.co.uk/ontology/admingeo/County,South East,http://data.ordnancesurvey.co.uk/id/7000000000041421,England,http://data.ordnancesurvey.co.uk/id/country/england,,,
CT195AB,http://data.ordnancesurvey.co.uk/id/postcodeunit/CT195AB,CT19 5AB,,,,other,Postcode,622654,136545,3500,18000,,,,,,,Folkestone,http://data.ordnancesurvey.co.uk/id/4000000074566736,http://www.ordnancesurvey.co.uk/xml/codelists/localtype.xml#town,Folkestone and Hythe,http://data.ordnancesurvey.co.uk/id/7000000000018085,http://data.ordnancesurvey.co.uk/ontology/admingeo/District,Kent,http://data.ordnancesurvey.co.uk/id/7000000000018210,http://data.ordnancesurvey.co.uk/ontology/admingeo/County,South East,http://data.ordnancesurvey.co.uk/id/7000000000041421,England,http://data.ordnancesurvey.co.uk/id/country/england,,,
CT195AY,http://data.ordnancesurvey.co.uk/id/postcodeunit/CT195AY,CT19 5AY,,,,other,Postcode,622306,136508,3500,18000,,,,,,,Folkestone,http://data.ordnancesurvey.co.uk/id/4000000074566736,http://www.ordnancesurvey.co.uk/xml/codelists/localtype.xml#town,Folkestone and Hythe,http://data.ordnancesurvey.co.uk/id/7000000000018085,http://data.ordnancesurvey.co.uk/ontology/admingeo/District,Kent,http://data.ordnancesurvey.co.uk/id/7000000000018210,http://data.ordnancesurvey.co.uk/ontology/admingeo/County,South East,http://data.ordnancesurvey.co.uk/id/7000000000041421,England,http://data.ordnancesurvey.co.uk/id/country/england,,,
CT187JN,http://data.ordnancesurvey.co.uk/id/postcodeunit/CT187JN,CT18 7JN,,,,other,Postcode,624698,138362,3500,18000,,,,,,,Capel-le-Ferne,http://data.ordnancesurvey.co.uk/id/4000000074568384,http://www.ordnancesurvey.co.uk/xml/codelists/localtype.xml#village,Dover,http://data.ordnancesurvey.co.uk/id/7000000000017977,http://data.ordnancesurvey.co.uk/ontology/admingeo/District,Kent,http://data.ordnancesurvey.co.uk/id/7000000000018210,http://data.ordnancesurvey.co.uk/ontology/admingeo/County,South East,http://data.ordnancesurvey.co.uk/id/7000000000041421,England,http://data.ordnancesurvey.co.uk/id/country/england,,,
CT202LU,http://data.ordnancesurvey.co.uk/id/postcodeunit/CT202LU,CT20 2LU,,,,other,Postcode,621612,135394,3500,18000,,,,,,,Folkestone,http://data.ordnancesurvey.co.uk/id/4000000074566736,http://www.ordnancesurvey.co.uk/xml/codelists/localtype.xml#town,Folkestone and Hythe,http://data.ordnancesurvey.co.uk/id/7000000000018085,http://data.ordnancesurvey.co.uk/ontology/admingeo/District,Kent,http://data.ordnancesurvey.co.uk/id/7000000000018210,http://data.ordnancesurvey.co.uk/ontology/admingeo/County,South East,http://data.ordnancesurvey.co.uk/id/7000000000041421,England,http://data.ordnancesurvey.co.uk/id/country/england,,,
CT201TY,http://data.ordnancesurvey.co.uk/id/postcodeunit/CT201TY,CT20 1TY,,,,other,Postcode,622961,136384,3500,18000,,,,,,,Folkestone,http://data.ordnancesurvey.co.uk/id/4000000074566736,http://www.ordnancesurvey.co.uk/xml/codelists/localtype.xml#town,Folkestone and Hythe,http://data.ordnancesurvey.co.uk/id/7000000000018085,http://data.ordnancesurvey.co.uk/ontology/admingeo/District,Kent,http://data.ordnancesurvey.co.uk/id/7000000000018210,http://data.ordnancesurvey.co.uk/ontology/admingeo/County,South East,http://data.ordnancesurvey.co.uk/id/7000000000041421,England,http://data.ordnancesurvey.co.uk/id/country/england,,,
CT195JB,http://data.ordnancesurvey.co.uk/id/postcodeunit/CT195JB,CT19 5JB,,,,other,Postcode,621645,136676,3500,18000,,,,,,,Folkestone,http://data.ordnancesurvey.co.uk/id/4000000074566736,http://www.ordnancesurvey.co.uk/xml/codelists/localtype.xml#town,Folkestone and Hythe,http://data.ordnancesurvey.co.uk/id/7000000000018085,http://data.ordnancesurvey.co.uk/ontology/admingeo/District,Kent,http://data.ordnancesurvey.co.uk/id/7000000000018210,http://data.ordnancesurvey.co.uk/ontology/admingeo/County,South East,http://data.ordnancesurvey.co.uk/id/7000000000041421,England,http://data.ordnancesurvey.co.uk/id/country/england,,,
CT196QE,http://data.ordnancesurvey.co.uk/id/postcodeunit/CT196QE,CT19 6QE,,,,other,Postcode,622506,137820,3500,18000,,,,,,,Folkestone,http://data.ordnancesurvey.co.uk/id/4000000074566736,http://www.ordnancesurvey.co.uk/xml/codelists/localtype.xml#town,Folkestone and Hythe,http://data.ordnancesurvey.co.uk/id/7000000000018085,http://data.ordnancesurvey.co.uk/ontology/admingeo/District,Kent,http://data.ordnancesurvey.co.uk/id/7000000000018210,http://data.ordnancesurvey.co.uk/ontology/admingeo/County,South East,http://data.ordnancesurvey.co.uk/id/7000000000041421,England,http://data.ordnancesurvey.co.uk/id/country/england,,,
CT195QS,http://data.ordnancesurvey.co.uk/id/postcodeunit/CT195QS,CT19 5QS,,,,other,Postcode,622708,136834,3500,18000,,,,,,,Folkestone,http://data.ordnancesurvey.co.uk/id/4000000074566736,http://www.ordnancesurvey.co.uk/xml/codelists/localtype.xml#town,Folkestone and Hythe,http://data.ordnancesurvey.co.uk/id/7000000000018085,http://data.ordnancesurvey.co.uk/ontology/admingeo/District,Kent,http://data.ordnancesurvey.co.uk/id/7000000000018210,http://data.ordnancesurvey.co.uk/ontology/admingeo/County,South East,http://data.ordnancesurvey.co.uk/id/7000000000041421,England,http://data.ordnancesurvey.co.uk/id/country/england,,,
CT202DB,http://data.ordnancesurvey.co.uk/id/postcodeunit/CT202DB,CT20 2DB,,,,other,Postcode,622508,135669,3500,18000,,,,,,,Folkestone,http://data.ordnancesurvey.co.uk/id/4000000074566736,http://www.ordnancesurvey.co.uk/xml/codelists/localtype.xml#town,Folkestone and Hythe,http://data.ordnancesurvey.co.uk/id/7000000000018085,http://data.ordnancesurvey.co.uk/ontology/admingeo/District,Kent,http://data.ordnancesurvey.co.uk/id/7000000000018210,http://data.ordnancesurvey.co.uk/ontology/admingeo/County,South East,http://data.ordnancesurvey.co.uk/id/7000000000041421,England,http://data.ordnancesurvey.co.uk/id/country/england,,,
CT201DA,http://data.ordnancesurvey.co.uk/id/postcodeunit/CT201DA,CT20 1DA,,,,other,Postcode,622608,136155,3500,18000,,,,,,,Folkestone,http://data.ordnancesurvey.co.uk/id/4000000074566736,http://www.ordnancesurvey.co.uk/xml/codelists/localtype.xml#town,Folkestone and Hythe,http://data.ordnancesurvey.co.uk/id/7000000000018085,http://data.ordnancesurvey.co.uk/ontology/admingeo/District,Kent,http://data.ordnancesurvey.co.uk/id/7000000000018210,http://data.ordnancesurvey.co.uk/ontology/admingeo/County,South East,http://data.ordnancesurvey.co.uk/id/7000000000041421,England,http://data.ordnancesurvey.co.uk/id/country/england,,,
CT501AJ,http://data.ordnancesurvey.co.uk/id/postcodeunit/CT501AJ,CT50 1AJ,,,,other,Postcode,620132,135989,3500,18000,,,,,,,Folkestone,http://data.ordnancesurvey.co.uk/id/4000000074566736,http://www.ordnancesurvey.co.uk/xml/codelists/localtype.xml#town,Folkestone and Hythe,http://data.ordnancesurvey.co.uk/id/7000000000018085,http://data.ordnancesurvey.co.uk/ontology/admingeo/District,Kent,http://data.ordnancesurvey.co.uk/id/7000000000018210,http://data.ordnancesurvey.co.uk/ontology/admingeo/County,South East,http://data.ordnancesurvey.co.uk/id/7000000000041421,England,http://data.ordnancesurvey.co.uk/id/country/england,,,
CT187TB,http://data.ordnancesurvey.co.uk/id/postcodeunit/CT187TB,CT18 7TB,,,,other,Postcode,621090,139490,3500,18000,,,,,,,Hawkinge,http://data.ordnancesurvey.co.uk/id/4000000074566747,http://www.ordnancesurvey.co.uk/xml/codelists/localtype.xml#village,Folkestone and Hythe,http://data.ordnancesurvey.co.uk/id/7000000000018085,http://data.ordnancesurvey.co.uk/ontology/admingeo/District,Kent,http://data.ordnancesurvey.co.uk/id/7000000000018210,http://data.ordnancesurvey.co.uk/ontology/admingeo/County,South East,http://data.ordnancesurvey.co.uk/id/7000000000041421,England,http://data.ordnancesurvey.co.uk/id/country/england,,,
CT194AD,http://data.ordnancesurvey.co.uk/id/postcodeunit/CT194AD,CT19 4AD,,,,other,Postcode,620984,137019,3500,18000,,,,,,,Folkestone,http://data.ordnancesurvey.co.uk/id/4000000074566736,http://www.ordnancesurvey.co.uk/xml/codelists/localtype.xml#town,Folkestone and Hythe,http://data.ordnancesurvey.co.uk/id/7000000000018085,http://data.ordnancesurvey.co.uk/ontology/admingeo/District,Kent,http://data.ordnancesurvey.co.uk/id/7000000000018210,http://data.ordnancesurvey.co.uk/ontology/admingeo/County,South East,http://data.ordnancesurvey.co.uk/id/7000000000041421,England,http://data.ordnancesurvey.co.uk/id/country/england,,,
CT209SU,http://data.ordnancesurvey.co.uk/id/postcodeunit/CT209SU,CT20 9SU,,,,other,Postcode,622119,135914,3500,18000,,,,,,,Folkestone,http://data.ordnancesurvey.co.uk/id/4000000074566736,http://www.ordnancesurvey.co.uk/xml/codelists/localtype.xml#town,Folkestone and Hythe,http://data.ordnancesurvey.co.uk/id/7000000000018085,http://data.ordnancesurvey.co.uk/ontology/admingeo/District,Kent,http://data.ordnancesurvey.co.uk/id/7000000000018210,http://data.ordnancesurvey.co.uk/ontology/admingeo/County,South East,http://data.ordnancesurvey.co.uk/id/7000000000041421,England,http://data.ordnancesurvey.co.uk/id/country/england,,,
CT202SW,http://data.ordnancesurvey.co.uk/id/postcodeunit/CT202SW,CT20 2SW,,,,other,Postcode,622336,135906,3500,18000,,,,,,,Folkestone,http://data.ordnancesurvey.co.uk/id/4000000074566736,http://www.ordnancesurvey.co.uk/xml/codelists/localtype.xml#town,Folkestone and Hythe,http://data.ordnancesurvey.co.uk/id/7000000000018085,http://data.ordnancesurvey.co.uk/ontology/admingeo/District,Kent,http://data.ordnancesurvey.co.uk/id/7000000000018210,http://data.ordnancesurvey.co.uk/ontology/admingeo/County,South East,http://data.ordnancesurvey.co.uk/id/7000000000041421,England,http://data.ordnancesurvey.co.uk/id/country/england,,,
CT202HP,http://data.ordnancesurvey.co.uk/id/postcodeunit/CT202HP,CT20 2HP,,,,other,Postcode,621885,135461,3500,18000,,,,,,,Folkestone,http://data.ordnancesurvey.co.uk/id/4000000074566736,http://www.ordnancesurvey.co.uk/xml/codelists/localtype.xml#town,Folkestone and Hythe,http://data.ordnancesurvey.co.uk/id/7000000000018085,http://data.ordnancesurvey.co.uk/ontology/admingeo/District,Kent,http://data.ordnancesurvey.co.uk/id/7000000000018210,http://data.ordnancesurvey.co.uk/ontology/admingeo/County,South East,http://data.ordnancesurvey.co.uk/id/7000000000041421,England,http://data.ordnancesurvey.co.uk/id/country/england,,,
CT203ZE,http://data.ordnancesurvey.co.uk/id/postcodeunit/CT203ZE,CT20 3ZE,,,,other,Postcode,620691,135426,3500,18000,,,,,,,Folkestone,http://data.ordnancesurvey.co.uk/id/4000000074566736,http://www.ordnancesurvey.co.uk/xml/codelists/localtype.xml#town,Folkestone and Hythe,http://data.ordnancesurvey.co.uk/id/7000000000018085,http://data.ordnancesurvey.co.uk/ontology/admingeo/District,Kent,http://data.ordnancesurvey.co.uk/id/7000000000018210,http://data.ordnancesurvey.co.uk/ontology/admingeo/County,South East,http://data.ordnancesurvey.co.uk/id/7000000000041421,England,http://data.ordnancesurvey.co.uk/id/country/england,,,
CT195PF,http://data.ordnancesurvey.co.uk/id/postcodeunit/CT195PF,CT19 5PF,,,,other,Postcode,622921,137290,3500,18000,,,,,,,Folkestone,http://data.ordnancesurvey.co.uk/id/4000000074566736,http://www.ordnancesurvey.co.uk/xml/codelists/localtype.xml#town,Folkestone and Hythe,http://data.ordnancesurvey.co.uk/id/7000000000018085,http://data.ordnancesurvey.co.uk/ontology/admingeo/District,Kent,http://data.ordnancesurvey.co.uk/id/7000000000018210,http://data.ordnancesurvey.co.uk/ontology/admingeo/County,South East,http://data.ordnancesurvey.co.uk/id/7000000000041421,England,http://data.ordnancesurvey.co.uk/id/country/england,,,
CT203DA,http://data.ordnancesurvey.co.uk/id/postcodeunit/CT203DA,CT20 3DA,,,,other,Postcode,620095,135084,3500,18000,,,,,,,Folkestone,http://data.ordnancesurvey.co.uk/id/4000000074566736,http://www.ordnancesurvey.co.uk/xml/codelists/localtype.xml#town,Folkestone and Hythe,http://data.ordnancesurvey.co.uk/id/7000000000018085,http://data.ordnancesurvey.co.uk/ontology/admingeo/District,Kent,http://data.ordnancesurvey.co.uk/id/7000000000018210,http://data.ordnancesurvey.co.uk/ontology/admingeo/County,South East,http://data.ordnancesurvey.co.uk/id/7000000000041421,England,http://data.ordnancesurvey.co.uk/id/country/england,,,
CT187UG,http://data.ordnancesurvey.co.uk/id/postcodeunit/CT187UG,CT18 7UG,,,,other,Postcode,621458,139282,3500,18000,,,,,,,Hawkinge,http://data.ordnancesurvey.co.uk/id/4000000074566747,http://www.ordnancesurvey.co.uk/xml/codelists/localtype.xml#village,Folkestone and Hythe,http://data.ordnancesurvey.co.uk/id/7000000000018085,http://data.ordnancesurvey.co.uk/ontology/admingeo/District,Kent,http://data.ordnancesurvey.co.uk/id/7000000000018210,http://data.ordnancesurvey.co.uk/ontology/admingeo/County,South East,http://data.ordnancesurvey.co.uk/id/7000000000041421,England,http://data.ordnancesurvey.co.uk/id/country/england,,,
CT187HE,http://data.ordnancesurvey.co.uk/id/postcodeunit/CT187HE,CT18 7HE,,,,other,Postcode,624954,139003,3500,18000,,,,,,,Capel-le-Ferne,http://data.ordnancesurvey.co.uk/id/4000000074568384,http://www.ordnancesurvey.co.uk/xml/codelists/localtype.xml#village,Dover,http://data.ordnancesurvey.co.uk/id/7000000000017977,http://data.ordnancesurvey.co.uk/ontology/admingeo/District,Kent,http://data.ordnancesurvey.co.uk/id/7000000000018210,http://data.ordnancesurvey.co.uk/ontology/admingeo/County,South East,http://data.ordnancesurvey.co.uk/id/7000000000041421,England,http://data.ordnancesurvey.co.uk/id/country/england,,,
CT195AE,http://data.ordnancesurvey.co.uk/id/postcodeunit/CT195AE,CT19 5AE,,,,other,Postcode,622625,136535,3500,18000,,,,,,,Folkestone,http://data.ordnancesurvey.co.uk/id/4000000074566736,http://www.ordnancesurvey.co.uk/xml/codelists/localtype.xml#town,Folkestone and Hythe,http://data.ordnancesurvey.co.uk/id/7000000000018085,http://data.ordnancesurvey.co.uk/ontology/admingeo/District,Kent,http://data.ordnancesurvey.co.uk/id/7000000000018210,http://data.ordnancesurvey.co.uk/ontology/admingeo/County,South East,http://data.ordnancesurvey.co.uk/id/7000000000041421,England,http://data.ordnancesurvey.co.uk/id/country/england,,,
CT195QL,http://data.ordnancesurvey.co.uk/id/postcodeunit/CT195QL,CT19 5QL,,,,other,Postcode,622632,136641,3500,18000,,,,,,,Folkestone,http://data.ordnancesurvey.co.uk/id/4000000074566736,http://www.ordnancesurvey.co.uk/xml/codelists/localtype.xml#town,Folkestone and Hythe,http://data.ordnancesurvey.co.uk/id/7000000000018085,http://data.ordnancesurvey.co.uk/ontology/admingeo/District,Kent,http://data.ordnancesurvey.co.uk/id/7000000000018210,http://data.ordnancesurvey.co.uk/ontology/admingeo/County,South East,http://data.ordnancesurvey.co.uk/id/7000000000041421,England,http://data.ordnancesurvey.co.uk/id/country/england,,,
CT201SJ,http://data.ordnancesurvey.co.uk/id/postcodeunit/CT201SJ,CT20 1SJ,,,,other,Postcode,623042,136031,3500,18000,,,,,,,Folkestone,http://data.ordnancesurvey.co.uk/id/4000000074566736,http://www.ordnancesurvey.co.uk/xml/codelists/localtype.xml#town,Folkestone and Hythe,http://data.ordnancesurvey.co.uk/id/7000000000018085,http://data.ordnancesurvey.co.uk/ontology/admingeo/District,Kent,http://data.ordnancesurvey.co.uk/id/7000000000018210,http://data.ordnancesurvey.co.uk/ontology/admingeo/County,South East,http://data.ordnancesurvey.co.uk/id/7000000000041421,England,http://data.ordnancesurvey.co.uk/id/country/england,,,
CT187QU,http://data.ordnancesurvey.co.uk/id/postcodeunit/CT187QU,CT18 7QU,,,,other,Postcode,620744,139631,3500,18000,,,,,,,Hawkinge,http://data.ordnancesurvey.co.uk/id/4000000074566747,http://www.ordnancesurvey.co.uk/xml/codelists/localtype.xml#village,Folkestone and Hythe,http://data.ordnancesurvey.co.uk/id/7000000000018085,http://data.ordnancesurvey.co.uk/ontology/admingeo/District,Kent,http://data.ordnancesurvey.co.uk/id/7000000000018210,http://data.ordnancesurvey.co.uk/ontology/admingeo/County,South East,http://data.ordnancesurvey.co.uk/id/7000000000041421,England,http://data.ordnancesurvey.co.uk/id/country/england,,,
CT202HH,http://data.ordnancesurvey.co.uk/id/postcodeunit/CT202HH,CT20 2HH,,,,other,Postcode,622023,135551,3500,18000,,,,,,,Folkestone,http://data.ordnancesurvey.co.uk/id/4000000074566736,http://www.ordnancesurvey.co.uk/xml/codelists/localtype.xml#town,Folkestone and Hythe,http://data.ordnancesurvey.co.uk/id/7000000000018085,http://data.ordnancesurvey.co.uk/ontology/admingeo/District,Kent,http://data.ordnancesurvey.co.uk/id/7000000000018210,http://data.ordnancesurvey.co.uk/ontology/admingeo/County,South East,http://data.ordnancesurvey.co.uk/id/7000000000041421,England,http://data.ordnancesurvey.co.uk/id/country/england,,,
CT187TJ,http://data.ordnancesurvey.co.uk/id/postcodeunit/CT187TJ,CT18 7TJ,,,,other,Postcode,621445,139142,3500,18000,,,,,,,Hawkinge,http://data.ordnancesurvey.co.uk/id/4000000074566747,http://www.ordnancesurvey.co.uk/xml/codelists/localtype.xml#village,Folkestone and Hythe,http://data.ordnancesurvey.co.uk/id/7000000000018085,http://data.ordnancesurvey.co.uk/ontology/admingeo/District,Kent,http://data.ordnancesurvey.co.uk/id/7000000000018210,http://data.ordnancesurvey.co.uk/ontology/admingeo/County,South East,http://data.ordnancesurvey.co.uk/id/7000000000041421,England,http://data.ordnancesurvey.co.uk/id/country/england,,,
CT203QF,http://data.ordnancesurvey.co.uk/id/postcodeunit/CT203QF,CT20 3QF,,,,other,Postcode,620789,136225,3500,18000,,,,,,,Folkestone,http://data.ordnancesurvey.co.uk/id/4000000074566736,http://www.ordnancesurvey.co.uk/xml/codelists/localtype.xml#town,Folkestone and Hythe,http://data.ordnancesurvey.co.uk/id/7000000000018085,http://data.ordnancesurvey.co.uk/ontology/admingeo/District,Kent,http://data.ordnancesurvey.co.uk/id/7000000000018210,http://data.ordnancesurvey.co.uk/ontology/admingeo/County,South East,http://data.ordnancesurvey.co.uk/id/7000000000041421,England,http://data.ordnancesurvey.co.uk/id/country/england,,,
CT203BF,http://data.ordnancesurvey.co.uk/id/postcodeunit/CT203BF,CT20 3BF,,,,other,Postcode,620493,135241,3500,18000,,,,,,,Folkestone,http://data.ordnancesurvey.co.uk/id/4000000074566736,http://www.ordnancesurvey.co.uk/xml/codelists/localtype.xml#town,Folkestone and Hythe,http://data.ordnancesurvey.co.uk/id/7000000000018085,http://data.ordnancesurvey.co.uk/ontology/admingeo/District,Kent,http://data.ordnancesurvey.co.uk/id/7000000000018210,http://data.ordnancesurvey.co.uk/ontology/admingeo/County,South East,http://data.ordnancesurvey.co.uk/id/7000000000041421,England,http://data.ordnancesurvey.co.uk/id/country/england,,,
CT202PX,http://data.ordnancesurvey.co.uk/id/postcodeunit/CT202PX,CT20 2PX,,,,other,Postcode,621616,135966,3500,18000,,,,,,,Folkestone,http://data.ordnancesurvey.co.uk/id/4000000074566736,http://www.ordnancesurvey.co.uk/xml/codelists/localtype.xml#town,Folkestone and Hythe,http://data.ordnancesurvey.co.uk/id/7000000000018085,http://data.ordnancesurvey.co.uk/ontology/admingeo/District,Kent,http://data.ordnancesurvey.co.uk/id/7000000000018210,http://data.ordnancesurvey.co.uk/ontology/admingeo/County,South East,http://data.ordnancesurvey.co.uk/id/7000000000041421,England,http://data.ordnancesurvey.co.uk/id/country/england,,,
CT187QD,http://data.ordnancesurvey.co.uk/id/postcodeunit/CT187QD,CT18 7QD,,,,other,Postcode,621431,139638,3500,18000,,,,,,,Hawkinge,http://data.ordnancesurvey.co.uk/id/4000000074566747,http://www.ordnancesurvey.co.uk/xml/codelists/localtype.xml#village,Folkestone and Hythe,http://data.ordnancesurvey.co.uk/id/7000000000018085,http://data.ordnancesurvey.co.uk/ontology/admingeo/District,Kent,http://data.ordnancesurvey.co.uk/id/7000000000018210,http://data.ordnancesurvey.co.uk/ontology/admingeo/County,South East,http://data.ordnancesurvey.co.uk/id/7000000000041421,England,http://data.ordnancesurvey.co.uk/id/country/england,,,
CT196PW,http://data.ordnancesurvey.co.uk/id/postcodeunit/CT196PW,CT19 6PW,,,,other,Postcode,623995,137568,3500,18000,,,,,,,Folkestone,http://data.ordnancesurvey.co.uk/id/4000000074566736,http://www.ordnancesurvey.co.uk/xml/codelists/localtype.xml#town,Folkestone and Hythe,http://data.ordnancesurvey.co.uk/id/7000000000018085,http://data.ordnancesurvey.co.uk/ontology/admingeo/District,Kent,http://data.ordnancesurvey.co.uk/id/7000000000018210,http://data.ordnancesurvey.co.uk/ontology/admingeo/County,South East,http://data.ordnancesurvey.co.uk/id/7000000000041421,England,http://data.ordnancesurvey.co.uk/id/country/england,,,
CT194DE,http://data.ordnancesurvey.co.uk/id/postcodeunit/CT194DE,CT19 4DE,,,,other,Postcode,620142,136638,3500,18000,,,,,,,Folkestone,http://data.ordnancesurvey.co.uk/id/4000000074566736,http://www.ordnancesurvey.co.uk/xml/codelists/localtype.xml#town,Folkestone and Hythe,http://data.ordnancesurvey.co.uk/id/7000000000018085,http://data.ordnancesurvey.co.uk/ontology/admingeo/District,Kent,http://data.ordnancesurvey.co.uk/id/7000000000018210,http://data.ordnancesurvey.co.uk/ontology/admingeo/County,South East,http://data.ordnancesurvey.co.uk/id/7000000000041421,England,http://data.ordnancesurvey.co.uk/id/country/england,,,
CT194DP,http://data.ordnancesurvey.co.uk/id/postcodeunit/CT194DP,CT19 4DP,,,,other,Postcode,620776,136654,3500,18000,,,,,,,Folkestone,http://data.ordnancesurvey.co.uk/id/4000000074566736,http://www.ordnancesurvey.co.uk/xml/codelists/localtype.xml#town,Folkestone and Hythe,http://data.ordnancesurvey.co.uk/id/7000000000018085,http://data.ordnancesurvey.co.uk/ontology/admingeo/District,Kent,http://data.ordnancesurvey.co.uk/id/7000000000018210,http://data.ordnancesurvey.co.uk/ontology/admingeo/County,South East,http://data.ordnancesurvey.co.uk/id/7000000000041421,England,http://data.ordnancesurvey.co.uk/id/country/england,,,
CT187RU,http://data.ordnancesurvey.co.uk/id/postcodeunit/CT187RU,CT18 7RU,,,,other,Postcode,621400,139517,3500,18000,,,,,,,Hawkinge,http://data.ordnancesurvey.co.uk/id/4000000074566747,http://www.ordnancesurvey.co.uk/xml/codelists/localtype.xml#village,Folkestone and Hythe,http://data.ordnancesurvey.co.uk/id/7000000000018085,http://data.ordnancesurvey.co.uk/ontology/admingeo/District,Kent,http://data.ordnancesurvey.co.uk/id/7000000000018210,http://data.ordnancesurvey.co.uk/ontology/admingeo/County,South East,http://data.ordnancesurvey.co.uk/id/7000000000041421,England,http://data.ordnancesurvey.co.uk/id/country/england,,,
CT196DN,http://data.ordnancesurvey.co.uk/id/postcodeunit/CT196DN,CT19 6DN,,,,other,Postcode,623694,136707,3500,18000,,,,,,,Folkestone,http://data.ordnancesurvey.co.uk/id/4000000074566736,http://www.ordnancesurvey.co.uk/xml/codelists/localtype.xml#town,Folkestone and Hythe,http://data.ordnancesurvey.co.uk/id/7000000000018085,http://data.ordnancesurvey.co.uk/ontology/admingeo/District,Kent,http://data.ordnancesurvey.co.uk/id/7000000000018210,http://data.ordnancesurvey.co.uk/ontology/admingeo/County,South East,http://data.ordnancesurvey.co.uk/id/7000000000041421,England,http://data.ordnancesurvey.co.uk/id/country/england,,,
CT195DL,http://data.ordnancesurvey.co.uk/id/postcodeunit/CT195DL,CT19 5DL,,,,other,Postcode,622369,137139,3500,18000,,,,,,,Folkestone,http://data.ordnancesurvey.co.uk/id/4000000074566736,http://www.ordnancesurvey.co.uk/xml/codelists/localtype.xml#town,Folkestone and Hythe,http://data.ordnancesurvey.co.uk/id/7000000000018085,http://data.ordnancesurvey.co.uk/ontology/admingeo/District,Kent,http://data.ordnancesurvey.co.uk/id/7000000000018210,http://data.ordnancesurvey.co.uk/ontology/admingeo/County,South East,http://data.ordnancesurvey.co.uk/id/7000000000041421,England,http://data.ordnancesurvey.co.uk/id/country/england,,,
CT201LN,http://data.ordnancesurvey.co.uk/id/postcodeunit/CT201LN,CT20 1LN,,,,other,Postcode,623010,136335,3500,18000,,,,,,,Folkestone,http://data.ordnancesurvey.co.uk/id/4000000074566736,http://www.ordnancesurvey.co.uk/xml/codelists/localtype.xml#town,Folkestone and Hythe,http://data.ordnancesurvey.co.uk/id/7000000000018085,http://data.ordnancesurvey.co.uk/ontology/admingeo/District,Kent,http://data.ordnancesurvey.co.uk/id/7000000000018210,http://data.ordnancesurvey.co.uk/ontology/admingeo/County,South East,http://data.ordnancesurvey.co.uk/id/7000000000041421,England,http://data.ordnancesurvey.co.uk/id/country/england,,,
CT196JE,http://data.ordnancesurvey.co.uk/id/postcodeunit/CT196JE,CT19 6JE,,,,other,Postcode,623231,137471,3500,18000,,,,,,,Folkestone,http://data.ordnancesurvey.co.uk/id/4000000074566736,http://www.ordnancesurvey.co.uk/xml/codelists/localtype.xml#town,Folkestone and Hythe,http://data.ordnancesurvey.co.uk/id/7000000000018085,http://data.ordnancesurvey.co.uk/ontology/admingeo/District,Kent,http://data.ordnancesurvey.co.uk/id/7000000000018210,http://data.ordnancesurvey.co.uk/ontology/admingeo/County,South East,http://data.ordnancesurvey.co.uk/id/7000000000041421,England,http://data.ordnancesurvey.co.uk/id/country/england,,,
CT202DN,http://data.ordnancesurvey.co.uk/id/postcodeunit/CT202DN,CT20 2DN,,,,other,Postcode,622553,135709,3500,18000,,,,,,,Folkestone,http://data.ordnancesurvey.co.uk/id/4000000074566736,http://www.ordnancesurvey.co.uk/xml/codelists/localtype.xml#town,Folkestone and Hythe,http://data.ordnancesurvey.co.uk/id/7000000000018085,http://data.ordnancesurvey.co.uk/ontology/admingeo/District,Kent,http://data.ordnancesurvey.co.uk/id/7000000000018210,http://data.ordnancesurvey.co.uk/ontology/admingeo/County,South East,http://data.ordnancesurvey.co.uk/id/7000000000041421,England,http://data.ordnancesurvey.co.uk/id/country/england,,,
CT202JS,http://data.ordnancesurvey.co.uk/id/postcodeunit/CT202JS,CT20 2JS,,,,other,Postcode,621523,136280,3500,18000,,,,,,,Folkestone,http://data.ordnancesurvey.co.uk/id/4000000074566736,http://www.ordnancesurvey.co.uk/xml/codelists/localtype.xml#town,Folkestone and Hythe,http://data.ordnancesurvey.co.uk/id/7000000000018085,http://data.ordnancesurvey.co.uk/ontology/admingeo/District,Kent,http://data.ordnancesurvey.co.uk/id/7000000000018210,http://data.ordnancesurvey.co.uk/ontology/admingeo/County,South East,http://data.ordnancesurvey.co.uk/id/7000000000041421,England,http://data.ordnancesurvey.co.uk/id/country/england,,,
CT194FP,http://data.ordnancesurvey.co.uk/id/postcodeunit/CT194FP,CT19 4FP,,,,other,Postcode,620521,137026,3500,18000,,,,,,,Folkestone,http://data.ordnancesurvey.co.uk/id/4000000074566736,http://www.ordnancesurvey.co.uk/xml/codelists/localtype.xml#town,Folkestone and Hythe,http://data.ordnancesurvey.co.uk/id/7000000000018085,http://data.ordnancesurvey.co.uk/ontology/admingeo/District,Kent,http://data.ordnancesurvey.co.uk/id/7000000000018210,http://data.ordnancesurvey.co.uk/ontology/admingeo/County,South East,http://data.ordnancesurvey.co.uk/id/7000000000041421,England,http://data.ordnancesurvey.co.uk/id/country/england,,,
CT202DL,http://data.ordnancesurvey.co.uk/id/postcodeunit/CT202DL,CT20 2DL,,,,other,Postcode,622351,135943,3500,18000,,,,,,,Folkestone,http://data.ordnancesurvey.co.uk/id/4000000074566736,http://www.ordnancesurvey.co.uk/xml/codelists/localtype.xml#town,Folkestone and Hythe,http://data.ordnancesurvey.co.uk/id/7000000000018085,http://data.ordnancesurvey.co.uk/ontology/admingeo/District,Kent,http://data.ordnancesurvey.co.uk/id/7000000000018210,http://data.ordnancesurvey.co.uk/ontology/admingeo/County,South East,http://data.ordnancesurvey.co.uk/id/7000000000041421,England,http://data.ordnancesurvey.co.uk/id/country/england,,,
CT202TF,http://data.ordnancesurvey.co.uk/id/postcodeunit/CT202TF,CT20 2TF,,,,other,Postcode,622308,135716,3500,18000,,,,,,,Folkestone,http://data.ordnancesurvey.co.uk/id/4000000074566736,http://www.ordnancesurvey.co.uk/xml/codelists/localtype.xml#town,Folkestone and Hythe,http://data.ordnancesurvey.co.uk/id/7000000000018085,http://data.ordnancesurvey.co.uk/ontology/admingeo/District,Kent,http://data.ordnancesurvey.co.uk/id/7000000000018210,http://data.ordnancesurvey.co.uk/ontology/admingeo/County,South East,http://data.ordnancesurvey.co.uk/id/7000000000041421,England,http://data.ordnancesurvey.co.uk/id/country/england,,,
CT201PZ,http://data.ordnancesurvey.co.uk/id/postcodeunit/CT201PZ,CT20 1PZ,,,,other,Postcode,623121,135832,3500,18000,,,,,,,Folkestone,http://data.ordnancesurvey.co.uk/id/4000000074566736,http://www.ordnancesurvey.co.uk/xml/codelists/localtype.xml#town,Folkestone and Hythe,http://data.ordnancesurvey.co.uk/id/7000000000018085,http://data.ordnancesurvey.co.uk/ontology/admingeo/District,Kent,http://data.ordnancesurvey.co.uk/id/7000000000018210,http://data.ordnancesurvey.co.uk/ontology/admingeo/County,South East,http://data.ordnancesurvey.co.uk/id/7000000000041421,England,http://data.ordnancesurvey.co.uk/id/country/england,,,
CT196PJ,http://data.ordnancesurvey.co.uk/id/postcodeunit/CT196PJ,CT19 6PJ,,,,other,Postcode,624037,137330,3500,18000,,,,,,,Folkestone,http://data.ordnancesurvey.co.uk/id/4000000074566736,http://www.ordnancesurvey.co.uk/xml/codelists/localtype.xml#town,Folkestone and Hythe,http://data.ordnancesurvey.co.uk/id/7000000000018085,http://data.ordnancesurvey.co.uk/ontology/admingeo/District,Kent,http://data.ordnancesurvey.co.uk/id/7000000000018210,http://data.ordnancesurvey.co.uk/ontology/admingeo/County,South East,http://data.ordnancesurvey.co.uk/id/7000000000041421,England,http://data.ordnancesurvey.co.uk/id/country/england,,,
CT201EJ,http://data.ordnancesurvey.co.uk/id/postcodeunit/CT201EJ,CT20 1EJ,,,,other,Postcode,622670,136253,3500,18000,,,,,,,Folkestone,http://data.ordnancesurvey.co.uk/id/4000000074566736,http://www.ordnancesurvey.co.uk/xml/codelists/localtype.xml#town,Folkestone and Hythe,http://data.ordnancesurvey.co.uk/id/7000000000018085,http://data.ordnancesurvey.co.uk/ontology/admingeo/District,Kent,http://data.ordnancesurvey.co.uk/id/7000000000018210,http://data.ordnancesurvey.co.uk/ontology/admingeo/County,South East,http://data.ordnancesurvey.co.uk/id/7000000000041421,England,http://data.ordnancesurvey.co.uk/id/country/england,,,
CT179HJ,http://data.ordnancesurvey.co.uk/id/postcodeunit/CT179HJ,CT17 9HJ,,,,other,Postcode,630190,139858,3500,18000,,,,,,,Dover,http://data.ordnancesurvey.co.uk/id/4000000074568379,http://www.ordnancesurvey.co.uk/xml/codelists/localtype.xml#town,Dover,http://data.ordnancesurvey.co.uk/id/7000000000017977,http://data.ordnancesurvey.co.uk/ontology/admingeo/District,Kent,http://data.ordnancesurvey.co.uk/id/7000000000018210,http://data.ordnancesurvey.co.uk/ontology/admingeo/County,South East,http://data.ordnancesurvey.co.uk/id/7000000000041421,England,http://data.ordnancesurvey.co.uk/id/country/england,,,
CT187AG,http://data.ordnancesurvey.co.uk/id/postcodeunit/CT187AG,CT18 7AG,,,,other,Postcode,620766,139732,3500,18000,,,,,,,Hawkinge,http://data.ordnancesurvey.co.uk/id/4000000074566747,http://www.ordnancesurvey.co.uk/xml/codelists/localtype.xml#village,Folkestone and Hythe,http://data.ordnancesurvey.co.uk/id/7000000000018085,http://data.ordnancesurvey.co.uk/ontology/admingeo/District,Kent,http://data.ordnancesurvey.co.uk/id/7000000000018210,http://data.ordnancesurvey.co.uk/ontology/admingeo/County,South East,http://data.ordnancesurvey.co.uk/id/7000000000041421,England,http://data.ordnancesurvey.co.uk/id/country/england,,,
CT194PQ,http://data.ordnancesurvey.co.uk/id/postcodeunit/CT194PQ,CT19 4PQ,,,,other,Postcode,620513,137141,3500,18000,,,,,,,Folkestone,http://data.ordnancesurvey.co.uk/id/4000000074566736,http://www.ordnancesurvey.co.uk/xml/codelists/localtype.xml#town,Folkestone and Hythe,http://data.ordnancesurvey.co.uk/id/7000000000018085,http://data.ordnancesurvey.co.uk/ontology/admingeo/District,Kent,http://data.ordnancesurvey.co.uk/id/7000000000018210,http://data.ordnancesurvey.co.uk/ontology/admingeo/County,South East,http://data.ordnancesurvey.co.uk/id/7000000000041421,England,http://data.ordnancesurvey.co.uk/id/country/england,,,
CT187RQ,http://data.ordnancesurvey.co.uk/id/postcodeunit/CT187RQ,CT18 7RQ,,,,other,Postcode,620845,139734,3500,18000,,,,,,,Hawkinge,http://data.ordnancesurvey.co.uk/id/4000000074566747,http://www.ordnancesurvey.co.uk/xml/codelists/localtype.xml#village,Folkestone and Hythe,http://data.ordnancesurvey.co.uk/id/7000000000018085,http://data.ordnancesurvey.co.uk/ontology/admingeo/District,Kent,http://data.ordnancesurvey.co.uk/id/7000000000018210,http://data.ordnancesurvey.co.uk/ontology/admingeo/County,South East,http://data.ordnancesurvey.co.uk/id/7000000000041421,England,http://data.ordnancesurvey.co.uk/id/country/england,,,
CT195AL,http://data.ordnancesurvey.co.uk/id/postcodeunit/CT195AL,CT19 5AL,,,,other,Postcode,622545,136384,3500,18000,,,,,,,Folkestone,http://data.ordnancesurvey.co.uk/id/4000000074566736,http://www.ordnancesurvey.co.uk/xml/codelists/localtype.xml#town,Folkestone and Hythe,http://data.ordnancesurvey.co.uk/id/7000000000018085,http://data.ordnancesurvey.co.uk/ontology/admingeo/District,Kent,http://data.ordnancesurvey.co.uk/id/7000000000018210,http://data.ordnancesurvey.co.uk/ontology/admingeo/County,South East,http://data.ordnancesurvey.co.uk/id/7000000000041421,England,http://data.ordnancesurvey.co.uk/id/country/england,,,
CT187HQ,http://data.ordnancesurvey.co.uk/id/postcodeunit/CT187HQ,CT18 7HQ,,,,other,Postcode,624484,138805,3500,18000,,,,,,,,,,Dover,http://data.ordnancesurvey.co.uk/id/7000000000017977,http://data.ordnancesurvey.co.uk/ontology/admingeo/District,Kent,http://data.ordnancesurvey.co.uk/id/7000000000018210,http://data.ordnancesurvey.co.uk/ontology/admingeo/County,South East,http://data.ordnancesurvey.co.uk/id/7000000000041421,England,http://data.ordnancesurvey.co.uk/id/country/england,,,
CT201NN,http://data.ordnancesurvey.co.uk/id/postcodeunit/CT201NN,CT20 1NN,,,,other,Postcode,623246,136531,3500,18000,,,,,,,Folkestone,http://data.ordnancesurvey.co.uk/id/4000000074566736,http://www.ordnancesurvey.co.uk/xml/codelists/localtype.xml#town,Folkestone and Hythe,http://data.ordnancesurvey.co.uk/id/7000000000018085,http://data.ordnancesurvey.co.uk/ontology/admingeo/District,Kent,http://data.ordnancesurvey.co.uk/id/7000000000018210,http://data.ordnancesurvey.co.uk/ontology/admingeo/County,South East,http://data.ordnancesurvey.co.uk/id/7000000000041421,England,http://data.ordnancesurvey.co.uk/id/country/england,,,
CT203YW,http://data.ordnancesurvey.co.uk/id/postcodeunit/CT203YW,CT20 3YW,,,,other,Postcode,620691,135426,3500,18000,,,,,,,Folkestone,http://data.ordnancesurvey.co.uk/id/4000000074566736,http://www.ordnancesurvey.co.uk/xml/codelists/localtype.xml#town,Folkestone and Hythe,http://data.ordnancesurvey.co.uk/id/7000000000018085,http://data.ordnancesurvey.co.uk/ontology/admingeo/District,Kent,http://data.ordnancesurvey.co.uk/id/7000000000018210,http://data.ordnancesurvey.co.uk/ontology/admingeo/County,South East,http://data.ordnancesurvey.co.uk/id/7000000000041421,England,http://data.ordnancesurvey.co.uk/id/country/england,,,
CT194PG,http://data.ordnancesurvey.co.uk/id/postcodeunit/CT194PG,CT19 4PG,,,,other,Postcode,620473,137155,3500,18000,,,,,,,Folkestone,http://data.ordnancesurvey.co.uk/id/4000000074566736,http://www.ordnancesurvey.co.uk/xml/codelists/localtype.xml#town,Folkestone and Hythe,http://data.ordnancesurvey.co.uk/id/7000000000018085,http://data.ordnancesurvey.co.uk/ontology/admingeo/District,Kent,http://data.ordnancesurvey.co.uk/id/7000000000018210,http://data.ordnancesurvey.co.uk/ontology/admingeo/County,South East,http://data.ordnancesurvey.co.uk/id/7000000000041421,England,http://data.ordnancesurvey.co.uk/id/country/england,,,
CT187RG,http://data.ordnancesurvey.co.uk/id/postcodeunit/CT187RG,CT18 7RG,,,,other,Postcode,622989,139857,3500,18000,,,,,,,,,,Folkestone and Hythe,http://data.ordnancesurvey.co.uk/id/7000000000018085,http://data.ordnancesurvey.co.uk/ontology/admingeo/District,Kent,http://data.ordnancesurvey.co.uk/id/7000000000018210,http://data.ordnancesurvey.co.uk/ontology/admingeo/County,South East,http://data.ordnancesurvey.co.uk/id/7000000000041421,England,http://data.ordnancesurvey.co.uk/id/country/england,,,
CT202QY,http://data.ordnancesurvey.co.uk/id/postcodeunit/CT202QY,CT20 2QY,,,,other,Postcode,622119,135914,3500,18000,,,,,,,Folkestone,http://data.ordnancesurvey.co.uk/id/4000000074566736,http://www.ordnancesurvey.co.uk/xml/codelists/localtype.xml#town,Folkestone and Hythe,http://data.ordnancesurvey.co.uk/id/7000000000018085,http://data.ordnancesurvey.co.uk/ontology/admingeo/District,Kent,http://data.ordnancesurvey.co.uk/id/7000000000018210,http://data.ordnancesurvey.co.uk/ontology/admingeo/County,South East,http://data.ordnancesurvey.co.uk/id/7000000000041421,England,http://data.ordnancesurvey.co.uk/id/country/england,,,
CT196QU,http://data.ordnancesurvey.co.uk/id/postcodeunit/CT196QU,CT19 6QU,,,,other,Postcode,623363,136848,3500,18000,,,,,,,Folkestone,http://data.ordnancesurvey.co.uk/id/4000000074566736,http://www.ordnancesurvey.co.uk/xml/codelists/localtype.xml#town,Folkestone and Hythe,http://data.ordnancesurvey.co.uk/id/7000000000018085,http://data.ordnancesurvey.co.uk/ontology/admingeo/District,Kent,http://data.ordnancesurvey.co.uk/id/7000000000018210,http://data.ordnancesurvey.co.uk/ontology/admingeo/County,South East,http://data.ordnancesurvey.co.uk/id/7000000000041421,England,http://data.ordnancesurvey.co.uk/id/country/england,,,
CT187HW,http://data.ordnancesurvey.co.uk/id/postcodeunit/CT187HW,CT18 7HW,,,,other,Postcode,624972,138368,3500,18000,,,,,,,Capel-le-Ferne,http://data.ordnancesurvey.co.uk/id/4000000074568384,http://www.ordnancesurvey.co.uk/xml/codelists/localtype.xml#village,Dover,http://data.ordnancesurvey.co.uk/id/7000000000017977,http://data.ordnancesurvey.co.uk/ontology/admingeo/District,Kent,http://data.ordnancesurvey.co.uk/id/7000000000018210,http://data.ordnancesurvey.co.uk/ontology/admingeo/County,South East,http://data.ordnancesurvey.co.uk/id/7000000000041421,England,http://data.ordnancesurvey.co.uk/id/country/england,,,
CT195HD,http://data.ordnancesurvey.co.uk/id/postcodeunit/CT195HD,CT19 5HD,,,,other,Postcode,622048,136320,3500,18000,,,,,,,Folkestone,http://data.ordnancesurvey.co.uk/id/4000000074566736,http://www.ordnancesurvey.co.uk/xml/codelists/localtype.xml#town,Folkestone and Hythe,http://data.ordnancesurvey.co.uk/id/7000000000018085,http://data.ordnancesurvey.co.uk/ontology/admingeo/District,Kent,http://data.ordnancesurvey.co.uk/id/7000000000018210,http://data.ordnancesurvey.co.uk/ontology/admingeo/County,South East,http://data.ordnancesurvey.co.uk/id/7000000000041421,England,http://data.ordnancesurvey.co.uk/id/country/england,,,
CT202DU,http://data.ordnancesurvey.co.uk/id/postcodeunit/CT202DU,CT20 2DU,,,,other,Postcode,622524,135631,3500,18000,,,,,,,Folkestone,http://data.ordnancesurvey.co.uk/id/4000000074566736,http://www.ordnancesurvey.co.uk/xml/codelists/localtype.xml#town,Folkestone and Hythe,http://data.ordnancesurvey.co.uk/id/7000000000018085,http://data.ordnancesurvey.co.uk/ontology/admingeo/District,Kent,http://data.ordnancesurvey.co.uk/id/7000000000018210,http://data.ordnancesurvey.co.uk/ontology/admingeo/County,South East,http://data.ordnancesurvey.co.uk/id/7000000000041421,England,http://data.ordnancesurvey.co.uk/id/country/england,,,
CT209NB,http://data.ordnancesurvey.co.uk/id/postcodeunit/CT209NB,CT20 9NB,,,,other,Postcode,622641,135834,3500,18000,,,,,,,Folkestone,http://data.ordnancesurvey.co.uk/id/4000000074566736,http://www.ordnancesurvey.co.uk/xml/codelists/localtype.xml#town,Folkestone and Hythe,http://data.ordnancesurvey.co.uk/id/7000000000018085,http://data.ordnancesurvey.co.uk/ontology/admingeo/District,Kent,http://data.ordnancesurvey.co.uk/id/7000000000018210,http://data.ordnancesurvey.co.uk/ontology/admingeo/County,South East,http://data.ordnancesurvey.co.uk/id/7000000000041421,England,http://data.ordnancesurvey.co.uk/id/country/england,,,
CT201QY,http://data.ordnancesurvey.co.uk/id/postcodeunit/CT201QY,CT20 1QY,,,,other,Postcode,623230,136485,3500,18000,,,,,,,Folkestone,http://data.ordnancesurvey.co.uk/id/4000000074566736,http://www.ordnancesurvey.co.uk/xml/codelists/localtype.xml#town,Folkestone and Hythe,http://data.ordnancesurvey.co.uk/id/7000000000018085,http://data.ordnancesurvey.co.uk/ontology/admingeo/District,Kent,http://data.ordnancesurvey.co.uk/id/7000000000018210,http://data.ordnancesurvey.co.uk/ontology/admingeo/County,South East,http://data.ordnancesurvey.co.uk/id/7000000000041421,England,http://data.ordnancesurvey.co.uk/id/country/england,,,
CT187FT,http://data.ordnancesurvey.co.uk/id/postcodeunit/CT187FT,CT18 7FT,,,,other,Postcode,620653,139754,3500,18000,,,,,,,Hawkinge,http://data.ordnancesurvey.co.uk/id/4000000074566747,http://www.ordnancesurvey.co.uk/xml/codelists/localtype.xml#village,Folkestone and Hythe,http://data.ordnancesurvey.co.uk/id/7000000000018085,http://data.ordnancesurvey.co.uk/ontology/admingeo/District,Kent,http://data.ordnancesurvey.co.uk/id/7000000000018210,http://data.ordnancesurvey.co.uk/ontology/admingeo/County,South East,http://data.ordnancesurvey.co.uk/id/7000000000041421,England,http://data.ordnancesurvey.co.uk/id/country/england,,,
CT203TX,http://data.ordnancesurvey.co.uk/id/postcodeunit/CT203TX,CT20 3TX,,,,other,Postcode,620102,135998,3500,18000,,,,,,,Folkestone,http://data.ordnancesurvey.co.uk/id/4000000074566736,http://www.ordnancesurvey.co.uk/xml/codelists/localtype.xml#town,Folkestone and Hythe,http://data.ordnancesurvey.co.uk/id/7000000000018085,http://data.ordnancesurvey.co.uk/ontology/admingeo/District,Kent,http://data.ordnancesurvey.co.uk/id/7000000000018210,http://data.ordnancesurvey.co.uk/ontology/admingeo/County,South East,http://data.ordnancesurvey.co.uk/id/7000000000041421,England,http://data.ordnancesurvey.co.uk/id/country/england,,,
CT195JR,http://data.ordnancesurvey.co.uk/id/postcodeunit/CT195JR,CT19 5JR,,,,other,Postcode,621604,136463,3500,18000,,,,,,,Folkestone,http://data.ordnancesurvey.co.uk/id/4000000074566736,http://www.ordnancesurvey.co.uk/xml/codelists/localtype.xml#town,Folkestone and Hythe,http://data.ordnancesurvey.co.uk/id/7000000000018085,http://data.ordnancesurvey.co.uk/ontology/admingeo/District,Kent,http://data.ordnancesurvey.co.uk/id/7000000000018210,http://data.ordnancesurvey.co.uk/ontology/admingeo/County,South East,http://data.ordnancesurvey.co.uk/id/7000000000041421,England,http://data.ordnancesurvey.co.uk/id/country/england,,,
CT187AB,http://data.ordnancesurvey.co.uk/id/postcodeunit/CT187AB,CT18 7AB,,,,other,Postcode,621148,138258,3500,18000,,,,,,,,,,Folkestone and Hythe,http://data.ordnancesurvey.co.uk/id/7000000000018085,http://data.ordnancesurvey.co.uk/ontology/admingeo/District,Kent,http://data.ordnancesurvey.co.uk/id/7000000000018210,http://data.ordnancesurvey.co.uk/ontology/admingeo/County,South East,http://data.ordnancesurvey.co.uk/id/7000000000041421,England,http://data.ordnancesurvey.co.uk/id/country/england,,,
CT195EU,http://data.ordnancesurvey.co.uk/id/postcodeunit/CT195EU,CT19 5EU,,,,other,Postcode,621830,137451,3500,18000,,,,,,,Folkestone,http://data.ordnancesurvey.co.uk/id/4000000074566736,http://www.ordnancesurvey.co.uk/xml/codelists/localtype.xml#town,Folkestone and Hythe,http://data.ordnancesurvey.co.uk/id/7000000000018085,http://data.ordnancesurvey.co.uk/ontology/admingeo/District,Kent,http://data.ordnancesurvey.co.uk/id/7000000000018210,http://data.ordnancesurvey.co.uk/ontology/admingeo/County,South East,http://data.ordnancesurvey.co.uk/id/7000000000041421,England,http://data.ordnancesurvey.co.uk/id/country/england,,,
CT209NF,http://data.ordnancesurvey.co.uk/id/postcodeunit/CT209NF,CT20 9NF,,,,other,Postcode,622641,135834,3500,18000,,,,,,,Folkestone,http://data.ordnancesurvey.co.uk/id/4000000074566736,http://www.ordnancesurvey.co.uk/xml/codelists/localtype.xml#town,Folkestone and Hythe,http://data.ordnancesurvey.co.uk/id/7000000000018085,http://data.ordnancesurvey.co.uk/ontology/admingeo/District,Kent,http://data.ordnancesurvey.co.uk/id/7000000000018210,http://data.ordnancesurvey.co.uk/ontology/admingeo/County,South East,http://data.ordnancesurvey.co.uk/id/7000000000041421,England,http://data.ordnancesurvey.co.uk/id/country/england,,,
CT187HH,http://data.ordnancesurvey.co.uk/id/postcodeunit/CT187HH,CT18 7HH,,,,other,Postcode,624575,138430,3500,18000,,,,,,,Capel-le-Ferne,http://data.ordnancesurvey.co.uk/id/4000000074568384,http://www.ordnancesurvey.co.uk/xml/codelists/localtype.xml#village,Dover,http://data.ordnancesurvey.co.uk/id/7000000000017977,http://data.ordnancesurvey.co.uk/ontology/admingeo/District,Kent,http://data.ordnancesurvey.co.uk/id/7000000000018210,http://data.ordnancesurvey.co.uk/ontology/admingeo/County,South East,http://data.ordnancesurvey.co.uk/id/7000000000041421,England,http://data.ordnancesurvey.co.uk/id/country/england,,,
CT194LQ,http://data.ordnancesurvey.co.uk/id/postcodeunit/CT194LQ,CT19 4LQ,,,,other,Postcode,620149,137067,3500,18000,,,,,,,Folkestone,http://data.ordnancesurvey.co.uk/id/4000000074566736,http://www.ordnancesurvey.co.uk/xml/codelists/localtype.xml#town,Folkestone and Hythe,http://data.ordnancesurvey.co.uk/id/7000000000018085,http://data.ordnancesurvey.co.uk/ontology/admingeo/District,Kent,http://data.ordnancesurvey.co.uk/id/7000000000018210,http://data.ordnancesurvey.co.uk/ontology/admingeo/County,South East,http://data.ordnancesurvey.co.uk/id/7000000000041421,England,http://data.ordnancesurvey.co.uk/id/country/england,,,
CT195SF,http://data.ordnancesurvey.co.uk/id/postcodeunit/CT195SF,CT19 5SF,,,,other,Postcode,622817,136836,3500,18000,,,,,,,Folkestone,http://data.ordnancesurvey.co.uk/id/4000000074566736,http://www.ordnancesurvey.co.uk/xml/codelists/localtype.xml#town,Folkestone and Hythe,http://data.ordnancesurvey.co.uk/id/7000000000018085,http://data.ordnancesurvey.co.uk/ontology/admingeo/District,Kent,http://data.ordnancesurvey.co.uk/id/7000000000018210,http://data.ordnancesurvey.co.uk/ontology/admingeo/County,South East,http://data.ordnancesurvey.co.uk/id/7000000000041421,England,http://data.ordnancesurvey.co.uk/id/country/england,,,
CT195QX,http://data.ordnancesurvey.co.uk/id/postcodeunit/CT195QX,CT19 5QX,,,,other,Postcode,622792,136895,3500,18000,,,,,,,Folkestone,http://data.ordnancesurvey.co.uk/id/4000000074566736,http://www.ordnancesurvey.co.uk/xml/codelists/localtype.xml#town,Folkestone and Hythe,http://data.ordnancesurvey.co.uk/id/7000000000018085,http://data.ordnancesurvey.co.uk/ontology/admingeo/District,Kent,http://data.ordnancesurvey.co.uk/id/7000000000018210,http://data.ordnancesurvey.co.uk/ontology/admingeo/County,South East,http://data.ordnancesurvey.co.uk/id/7000000000041421,England,http://data.ordnancesurvey.co.uk/id/country/england,,,
CT202HZ,http://data.ordnancesurvey.co.uk/id/postcodeunit/CT202HZ,CT20 2HZ,,,,other,Postcode,621699,135638,3500,18000,,,,,,,Folkestone,http://data.ordnancesurvey.co.uk/id/4000000074566736,http://www.ordnancesurvey.co.uk/xml/codelists/localtype.xml#town,Folkestone and Hythe,http://data.ordnancesurvey.co.uk/id/7000000000018085,http://data.ordnancesurvey.co.uk/ontology/admingeo/District,Kent,http://data.ordnancesurvey.co.uk/id/7000000000018210,http://data.ordnancesurvey.co.uk/ontology/admingeo/County,South East,http://data.ordnancesurvey.co.uk/id/7000000000041421,England,http://data.ordnancesurvey.co.uk/id/country/england,,,
CT195AU,http://data.ordnancesurvey.co.uk/id/postcodeunit/CT195AU,CT19 5AU,,,,other,Postcode,622228,136395,3500,18000,,,,,,,Folkestone,http://data.ordnancesurvey.co.uk/id/4000000074566736,http://www.ordnancesurvey.co.uk/xml/codelists/localtype.xml#town,Folkestone and Hythe,http://data.ordnancesurvey.co.uk/id/7000000000018085,http://data.ordnancesurvey.co.uk/ontology/admingeo/District,Kent,http://data.ordnancesurvey.co.uk/id/7000000000018210,http://data.ordnancesurvey.co.uk/ontology/admingeo/County,South East,http://data.ordnancesurvey.co.uk/id/7000000000041421,England,http://data.ordnancesurvey.co.uk/id/country/england,,,
CT201DQ,http://data.ordnancesurvey.co.uk/id/postcodeunit/CT201DQ,CT20 1DQ,,,,other,Postcode,622387,136188,3500,18000,,,,,,,Folkestone,http://data.ordnancesurvey.co.uk/id/4000000074566736,http://www.ordnancesurvey.co.uk/xml/codelists/localtype.xml#town,Folkestone and Hythe,http://data.ordnancesurvey.co.uk/id/7000000000018085,http://data.ordnancesurvey.co.uk/ontology/admingeo/District,Kent,http://data.ordnancesurvey.co.uk/id/7000000000018210,http://data.ordnancesurvey.co.uk/ontology/admingeo/County,South East,http://data.ordnancesurvey.co.uk/id/7000000000041421,England,http://data.ordnancesurvey.co.uk/id/country/england,,,
CT196PY,http://data.ordnancesurvey.co.uk/id/postcodeunit/CT196PY,CT19 6PY,,,,other,Postcode,623955,136719,3500,18000,,,,,,,Folkestone,http://data.ordnancesurvey.co.uk/id/4000000074566736,http://www.ordnancesurvey.co.uk/xml/codelists/localtype.xml#town,Folkestone and Hythe,http://data.ordnancesurvey.co.uk/id/7000000000018085,http://data.ordnancesurvey.co.uk/ontology/admingeo/District,Kent,http://data.ordnancesurvey.co.uk/id/7000000000018210,http://data.ordnancesurvey.co.uk/ontology/admingeo/County,South East,http://data.ordnancesurvey.co.uk/id/7000000000041421,England,http://data.ordnancesurvey.co.uk/id/country/england,,,
CT201PQ,http://data.ordnancesurvey.co.uk/id/postcodeunit/CT201PQ,CT20 1PQ,,,,other,Postcode,623423,136655,3500,18000,,,,,,,Folkestone,http://data.ordnancesurvey.co.uk/id/4000000074566736,http://www.ordnancesurvey.co.uk/xml/codelists/localtype.xml#town,Folkestone and Hythe,http://data.ordnancesurvey.co.uk/id/7000000000018085,http://data.ordnancesurvey.co.uk/ontology/admingeo/District,Kent,http://data.ordnancesurvey.co.uk/id/7000000000018210,http://data.ordnancesurvey.co.uk/ontology/admingeo/County,South East,http://data.ordnancesurvey.co.uk/id/7000000000041421,England,http://data.ordnancesurvey.co.uk/id/country/england,,,
CT209SD,http://data.ordnancesurvey.co.uk/id/postcodeunit/CT209SD,CT20 9SD,,,,other,Postcode,622119,135914,3500,18000,,,,,,,Folkestone,http://data.ordnancesurvey.co.uk/id/4000000074566736,http://www.ordnancesurvey.co.uk/xml/codelists/localtype.xml#town,Folkestone and Hythe,http://data.ordnancesurvey.co.uk/id/7000000000018085,http://data.ordnancesurvey.co.uk/ontology/admingeo/District,Kent,http://data.ordnancesurvey.co.uk/id/7000000000018210,http://data.ordnancesurvey.co.uk/ontology/admingeo/County,South East,http://data.ordnancesurvey.co.uk/id/7000000000041421,England,http://data.ordnancesurvey.co.uk/id/country/england,,,
CT194WP,http://data.ordnancesurvey.co.uk/id/postcodeunit/CT194WP,CT19 4WP,,,,other,Postcode,622641,135834,3500,18000,,,,,,,Folkestone,http://data.ordnancesurvey.co.uk/id/4000000074566736,http://www.ordnancesurvey.co.uk/xml/codelists/localtype.xml#town,Folkestone and Hythe,http://data.ordnancesurvey.co.uk/id/7000000000018085,http://data.ordnancesurvey.co.uk/ontology/admingeo/District,Kent,http://data.ordnancesurvey.co.uk/id/7000000000018210,http://data.ordnancesurvey.co.uk/ontology/admingeo/County,South East,http://data.ordnancesurvey.co.uk/id/7000000000041421,England,http://data.ordnancesurvey.co.uk/id/country/england,,,
CT196BD,http://data.ordnancesurvey.co.uk/id/postcodeunit/CT196BD,CT19 6BD,,,,other,Postcode,623795,136548,3500,18000,,,,,,,Folkestone,http://data.ordnancesurvey.co.uk/id/4000000074566736,http://www.ordnancesurvey.co.uk/xml/codelists/localtype.xml#town,Folkestone and Hythe,http://data.ordnancesurvey.co.uk/id/7000000000018085,http://data.ordnancesurvey.co.uk/ontology/admingeo/District,Kent,http://data.ordnancesurvey.co.uk/id/7000000000018210,http://data.ordnancesurvey.co.uk/ontology/admingeo/County,South East,http://data.ordnancesurvey.co.uk/id/7000000000041421,England,http://data.ordnancesurvey.co.uk/id/country/england,,,
CT196EX,http://data.ordnancesurvey.co.uk/id/postcodeunit/CT196EX,CT19 6EX,,,,other,Postcode,622965,137198,3500,18000,,,,,,,Folkestone,http://data.ordnancesurvey.co.uk/id/4000000074566736,http://www.ordnancesurvey.co.uk/xml/codelists/localtype.xml#town,Folkestone and Hythe,http://data.ordnancesurvey.co.uk/id/7000000000018085,http://data.ordnancesurvey.co.uk/ontology/admingeo/District,Kent,http://data.ordnancesurvey.co.uk/id/7000000000018210,http://data.ordnancesurvey.co.uk/ontology/admingeo/County,South East,http://data.ordnancesurvey.co.uk/id/7000000000041421,England,http://data.ordnancesurvey.co.uk/id/country/england,,,
CT195AS,http://data.ordnancesurvey.co.uk/id/postcodeunit/CT195AS,CT19 5AS,,,,other,Postcode,622392,136434,3500,18000,,,,,,,Folkestone,http://data.ordnancesurvey.co.uk/id/4000000074566736,http://www.ordnancesurvey.co.uk/xml/codelists/localtype.xml#town,Folkestone and Hythe,http://data.ordnancesurvey.co.uk/id/7000000000018085,http://data.ordnancesurvey.co.uk/ontology/admingeo/District,Kent,http://data.ordnancesurvey.co.uk/id/7000000000018210,http://data.ordnancesurvey.co.uk/ontology/admingeo/County,South East,http://data.ordnancesurvey.co.uk/id/7000000000041421,England,http://data.ordnancesurvey.co.uk/id/country/england,,,
CT194FE,http://data.ordnancesurvey.co.uk/id/postcodeunit/CT194FE,CT19 4FE,,,,other,Postcode,620121,136670,3500,18000,,,,,,,Folkestone,http://data.ordnancesurvey.co.uk/id/4000000074566736,http://www.ordnancesurvey.co.uk/xml/codelists/localtype.xml#town,Folkestone and Hythe,http://data.ordnancesurvey.co.uk/id/7000000000018085,http://data.ordnancesurvey.co.uk/ontology/admingeo/District,Kent,http://data.ordnancesurvey.co.uk/id/7000000000018210,http://data.ordnancesurvey.co.uk/ontology/admingeo/County,South East,http://data.ordnancesurvey.co.uk/id/7000000000041421,England,http://data.ordnancesurvey.co.uk/id/country/england,,,
CT203JS,http://data.ordnancesurvey.co.uk/id/postcodeunit/CT203JS,CT20 3JS,,,,other,Postcode,620027,136541,3500,18000,,,,,,,Folkestone,http://data.ordnancesurvey.co.uk/id/4000000074566736,http://www.ordnancesurvey.co.uk/xml/codelists/localtype.xml#town,Folkestone and Hythe,http://data.ordnancesurvey.co.uk/id/7000000000018085,http://data.ordnancesurvey.co.uk/ontology/admingeo/District,Kent,http://data.ordnancesurvey.co.uk/id/7000000000018210,http://data.ordnancesurvey.co.uk/ontology/admingeo/County,South East,http://data.ordnancesurvey.co.uk/id/7000000000041421,England,http://data.ordnancesurvey.co.uk/id/country/england,,,
CT203BZ,http://data.ordnancesurvey.co.uk/id/postcodeunit/CT203BZ,CT20 3BZ,,,,other,Postcode,620184,135114,3500,18000,,,,,,,Folkestone,http://data.ordnancesurvey.co.uk/id/4000000074566736,http://www.ordnancesurvey.co.uk/xml/codelists/localtype.xml#town,Folkestone and Hythe,http://data.ordnancesurvey.co.uk/id/7000000000018085,http://data.ordnancesurvey.co.uk/ontology/admingeo/District,Kent,http://data.ordnancesurvey.co.uk/id/7000000000018210,http://data.ordnancesurvey.co.uk/ontology/admingeo/County,South East,http://data.ordnancesurvey.co.uk/id/7000000000041421,England,http://data.ordnancesurvey.co.uk/id/country/england,,,
CT187QN,http://data.ordnancesurvey.co.uk/id/postcodeunit/CT187QN,CT18 7QN,,,,other,Postcode,620864,139411,3500,18000,,,,,,,Hawkinge,http://data.ordnancesurvey.co.uk/id/4000000074566747,http://www.ordnancesurvey.co.uk/xml/codelists/localtype.xml#village,Folkestone and Hythe,http://data.ordnancesurvey.co.uk/id/7000000000018085,http://data.ordnancesurvey.co.uk/ontology/admingeo/District,Kent,http://data.ordnancesurvey.co.uk/id/7000000000018210,http://data.ordnancesurvey.co.uk/ontology/admingeo/County,South East,http://data.ordnancesurvey.co.uk/id/7000000000041421,England,http://data.ordnancesurvey.co.uk/id/country/england,,,
CT196BH,http://data.ordnancesurvey.co.uk/id/postcodeunit/CT196BH,CT19 6BH,,,,other,Postcode,623915,136619,3500,18000,,,,,,,Folkestone,http://data.ordnancesurvey.co.uk/id/4000000074566736,http://www.ordnancesurvey.co.uk/xml/codelists/localtype.xml#town,Folkestone and Hythe,http://data.ordnancesurvey.co.uk/id/7000000000018085,http://data.ordnancesurvey.co.uk/ontology/admingeo/District,Kent,http://data.ordnancesurvey.co.uk/id/7000000000018210,http://data.ordnancesurvey.co.uk/ontology/admingeo/County,South East,http://data.ordnancesurvey.co.uk/id/7000000000041421,England,http://data.ordnancesurvey.co.uk/id/country/england,,,
CT194AZ,http://data.ordnancesurvey.co.uk/id/postcodeunit/CT194AZ,CT19 4AZ,,,,other,Postcode,620794,136616,3500,18000,,,,,,,Folkestone,http://data.ordnancesurvey.co.uk/id/4000000074566736,http://www.ordnancesurvey.co.uk/xml/codelists/localtype.xml#town,Folkestone and Hythe,http://data.ordnancesurvey.co.uk/id/7000000000018085,http://data.ordnancesurvey.co.uk/ontology/admingeo/District,Kent,http://data.ordnancesurvey.co.uk/id/7000000000018210,http://data.ordnancesurvey.co.uk/ontology/admingeo/County,South East,http://data.ordnancesurvey.co.uk/id/7000000000041421,England,http://data.ordnancesurvey.co.uk/id/country/england,,,
CT195BB,http://data.ordnancesurvey.co.uk/id/postcodeunit/CT195BB,CT19 5BB,,,,other,Postcode,622435,136551,3500,18000,,,,,,,Folkestone,http://data.ordnancesurvey.co.uk/id/4000000074566736,http://www.ordnancesurvey.co.uk/xml/codelists/localtype.xml#town,Folkestone and Hythe,http://data.ordnancesurvey.co.uk/id/7000000000018085,http://data.ordnancesurvey.co.uk/ontology/admingeo/District,Kent,http://data.ordnancesurvey.co.uk/id/7000000000018210,http://data.ordnancesurvey.co.uk/ontology/admingeo/County,South East,http://data.ordnancesurvey.co.uk/id/7000000000041421,England,http://data.ordnancesurvey.co.uk/id/country/england,,,
CT194AJ,http://data.ordnancesurvey.co.uk/id/postcodeunit/CT194AJ,CT19 4AJ,,,,other,Postcode,620981,138019,3500,18000,,,,,,,,,,Folkestone and Hythe,http://data.ordnancesurvey.co.uk/id/7000000000018085,http://data.ordnancesurvey.co.uk/ontology/admingeo/District,Kent,http://data.ordnancesurvey.co.uk/id/7000000000018210,http://data.ordnancesurvey.co.uk/ontology/admingeo/County,South East,http://data.ordnancesurvey.co.uk/id/7000000000041421,England,http://data.ordnancesurvey.co.uk/id/country/england,,,
CT196LP,http://data.ordnancesurvey.co.uk/id/postcodeunit/CT196LP,CT19 6LP,,,,other,Postcode,623284,137741,3500,18000,,,,,,,Folkestone,http://data.ordnancesurvey.co.uk/id/4000000074566736,http://www.ordnancesurvey.co.uk/xml/codelists/localtype.xml#town,Folkestone and Hythe,http://data.ordnancesurvey.co.uk/id/7000000000018085,http://data.ordnancesurvey.co.uk/ontology/admingeo/District,Kent,http://data.ordnancesurvey.co.uk/id/7000000000018210,http://data.ordnancesurvey.co.uk/ontology/admingeo/County,South East,http://data.ordnancesurvey.co.uk/id/7000000000041421,England,http://data.ordnancesurvey.co.uk/id/country/england,,,
CT203NU,http://data.ordnancesurvey.co.uk/id/postcodeunit/CT203NU,CT20 3NU,,,,other,Postcode,620459,135683,3500,18000,,,,,,,Folkestone,http://data.ordnancesurvey.co.uk/id/4000000074566736,http://www.ordnancesurvey.co.uk/xml/codelists/localtype.xml#town,Folkestone and Hythe,http://data.ordnancesurvey.co.uk/id/7000000000018085,http://data.ordnancesurvey.co.uk/ontology/admingeo/District,Kent,http://data.ordnancesurvey.co.uk/id/7000000000018210,http://data.ordnancesurvey.co.uk/ontology/admingeo/County,South East,http://data.ordnancesurvey.co.uk/id/7000000000041421,England,http://data.ordnancesurvey.co.uk/id/country/england,,,
CT201EE,http://data.ordnancesurvey.co.uk/id/postcodeunit/CT201EE,CT20 1EE,,,,other,Postcode,622809,136067,3500,18000,,,,,,,Folkestone,http://data.ordnancesurvey.co.uk/id/4000000074566736,http://www.ordnancesurvey.co.uk/xml/codelists/localtype.xml#town,Folkestone and Hythe,http://data.ordnancesurvey.co.uk/id/7000000000018085,http://data.ordnancesurvey.co.uk/ontology/admingeo/District,Kent,http://data.ordnancesurvey.co.uk/id/7000000000018210,http://data.ordnancesurvey.co.uk/ontology/admingeo/County,South East,http://data.ordnancesurvey.co.uk/id/7000000000041421,England,http://data.ordnancesurvey.co.uk/id/country/england,,,
CT202BW,http://data.ordnancesurvey.co.uk/id/postcodeunit/CT202BW,CT20 2BW,,,,other,Postcode,622518,135763,3500,18000,,,,,,,Folkestone,http://data.ordnancesurvey.co.uk/id/4000000074566736,http://www.ordnancesurvey.co.uk/xml/codelists/localtype.xml#town,Folkestone and Hythe,http://data.ordnancesurvey.co.uk/id/7000000000018085,http://data.ordnancesurvey.co.uk/ontology/admingeo/District,Kent,http://data.ordnancesurvey.co.uk/id/7000000000018210,http://data.ordnancesurvey.co.uk/ontology/admingeo/County,South East,http://data.ordnancesurvey.co.uk/id/7000000000041421,England,http://data.ordnancesurvey.co.uk/id/country/england,,,
CT187EE,http://data.ordnancesurvey.co.uk/id/postcodeunit/CT187EE,CT18 7EE,,,,other,Postcode,620588,139661,3500,18000,,,,,,,Hawkinge,http://data.ordnancesurvey.co.uk/id/4000000074566747,http://www.ordnancesurvey.co.uk/xml/codelists/localtype.xml#village,Folkestone and Hythe,http://data.ordnancesurvey.co.uk/id/7000000000018085,http://data.ordnancesurvey.co.uk/ontology/admingeo/District,Kent,http://data.ordnancesurvey.co.uk/id/7000000000018210,http://data.ordnancesurvey.co.uk/ontology/admingeo/County,South East,http://data.ordnancesurvey.co.uk/id/7000000000041421,England,http://data.ordnancesurvey.co.uk/id/country/england,,,
CT187EF,http://data.ordnancesurvey.co.uk/id/postcodeunit/CT187EF,CT18 7EF,,,,other,Postcode,620573,139731,3500,18000,,,,,,,Hawkinge,http://data.ordnancesurvey.co.uk/id/4000000074566747,http://www.ordnancesurvey.co.uk/xml/codelists/localtype.xml#village,Folkestone and Hythe,http://data.ordnancesurvey.co.uk/id/7000000000018085,http://data.ordnancesurvey.co.uk/ontology/admingeo/District,Kent,http://data.ordnancesurvey.co.uk/id/7000000000018210,http://data.ordnancesurvey.co.uk/ontology/admingeo/County,South East,http://data.ordnancesurvey.co.uk/id/7000000000041421,England,http://data.ordnancesurvey.co.uk/id/country/england,,,
CT196NE,http://data.ordnancesurvey.co.uk/id/postcodeunit/CT196NE,CT19 6NE,,,,other,Postcode,623465,137502,3500,18000,,,,,,,Folkestone,http://data.ordnancesurvey.co.uk/id/4000000074566736,http://www.ordnancesurvey.co.uk/xml/codelists/localtype.xml#town,Folkestone and Hythe,http://data.ordnancesurvey.co.uk/id/7000000000018085,http://data.ordnancesurvey.co.uk/ontology/admingeo/District,Kent,http://data.ordnancesurvey.co.uk/id/7000000000018210,http://data.ordnancesurvey.co.uk/ontology/admingeo/County,South East,http://data.ordnancesurvey.co.uk/id/7000000000041421,England,http://data.ordnancesurvey.co.uk/id/country/england,,,
CT195JQ,http://data.ordnancesurvey.co.uk/id/postcodeunit/CT195JQ,CT19 5JQ,,,,other,Postcode,621870,137062,3500,18000,,,,,,,Folkestone,http://data.ordnancesurvey.co.uk/id/4000000074566736,http://www.ordnancesurvey.co.uk/xml/codelists/localtype.xml#town,Folkestone and Hythe,http://data.ordnancesurvey.co.uk/id/7000000000018085,http://data.ordnancesurvey.co.uk/ontology/admingeo/District,Kent,http://data.ordnancesurvey.co.uk/id/7000000000018210,http://data.ordnancesurvey.co.uk/ontology/admingeo/County,South East,http://data.ordnancesurvey.co.uk/id/7000000000041421,England,http://data.ordnancesurvey.co.uk/id/country/england,,,
CT203BY,http://data.ordnancesurvey.co.uk/id/postcodeunit/CT203BY,CT20 3BY,,,,other,Postcode,620299,135167,3500,18000,,,,,,,Folkestone,http://data.ordnancesurvey.co.uk/id/4000000074566736,http://www.ordnancesurvey.co.uk/xml/codelists/localtype.xml#town,Folkestone and Hythe,http://data.ordnancesurvey.co.uk/id/7000000000018085,http://data.ordnancesurvey.co.uk/ontology/admingeo/District,Kent,http://data.ordnancesurvey.co.uk/id/7000000000018210,http://data.ordnancesurvey.co.uk/ontology/admingeo/County,South East,http://data.ordnancesurvey.co.uk/id/7000000000041421,England,http://data.ordnancesurvey.co.uk/id/country/england,,,
CT202FH,http://data.ordnancesurvey.co.uk/id/postcodeunit/CT202FH,CT20 2FH,,,,other,Postcode,621636,136222,3500,18000,,,,,,,Folkestone,http://data.ordnancesurvey.co.uk/id/4000000074566736,http://www.ordnancesurvey.co.uk/xml/codelists/localtype.xml#town,Folkestone and Hythe,http://data.ordnancesurvey.co.uk/id/7000000000018085,http://data.ordnancesurvey.co.uk/ontology/admingeo/District,Kent,http://data.ordnancesurvey.co.uk/id/7000000000018210,http://data.ordnancesurvey.co.uk/ontology/admingeo/County,South East,http://data.ordnancesurvey.co.uk/id/7000000000041421,England,http://data.ordnancesurvey.co.uk/id/country/england,,,
CT196LF,http://data.ordnancesurvey.co.uk/id/postcodeunit/CT196LF,CT19 6LF,,,,other,Postcode,622849,137758,3500,18000,,,,,,,Folkestone,http://data.ordnancesurvey.co.uk/id/4000000074566736,http://www.ordnancesurvey.co.uk/xml/codelists/localtype.xml#town,Folkestone and Hythe,http://data.ordnancesurvey.co.uk/id/7000000000018085,http://data.ordnancesurvey.co.uk/ontology/admingeo/District,Kent,http://data.ordnancesurvey.co.uk/id/7000000000018210,http://data.ordnancesurvey.co.uk/ontology/admingeo/County,South East,http://data.ordnancesurvey.co.uk/id/7000000000041421,England,http://data.ordnancesurvey.co.uk/id/country/england,,,
CT195QD,http://data.ordnancesurvey.co.uk/id/postcodeunit/CT195QD,CT19 5QD,,,,other,Postcode,622699,137476,3500,18000,,,,,,,Folkestone,http://data.ordnancesurvey.co.uk/id/4000000074566736,http://www.ordnancesurvey.co.uk/xml/codelists/localtype.xml#town,Folkestone and Hythe,http://data.ordnancesurvey.co.uk/id/7000000000018085,http://data.ordnancesurvey.co.uk/ontology/admingeo/District,Kent,http://data.ordnancesurvey.co.uk/id/7000000000018210,http://data.ordnancesurvey.co.uk/ontology/admingeo/County,South East,http://data.ordnancesurvey.co.uk/id/7000000000041421,England,http://data.ordnancesurvey.co.uk/id/country/england,,,
CT209TE,http://data.ordnancesurvey.co.uk/id/postcodeunit/CT209TE,CT20 9TE,,,,other,Postcode,622119,135914,3500,18000,,,,,,,Folkestone,http://data.ordnancesurvey.co.uk/id/4000000074566736,http://www.ordnancesurvey.co.uk/xml/codelists/localtype.xml#town,Folkestone and Hythe,http://data.ordnancesurvey.co.uk/id/7000000000018085,http://data.ordnancesurvey.co.uk/ontology/admingeo/District,Kent,http://data.ordnancesurvey.co.uk/id/7000000000018210,http://data.ordnancesurvey.co.uk/ontology/admingeo/County,South East,http://data.ordnancesurvey.co.uk/id/7000000000041421,England,http://data.ordnancesurvey.co.uk/id/country/england,,,
CT201BW,http://data.ordnancesurvey.co.uk/id/postcodeunit/CT201BW,CT20 1BW,,,,other,Postcode,622755,136059,3500,18000,,,,,,,Folkestone,http://data.ordnancesurvey.co.uk/id/4000000074566736,http://www.ordnancesurvey.co.uk/xml/codelists/localtype.xml#town,Folkestone and Hythe,http://data.ordnancesurvey.co.uk/id/7000000000018085,http://data.ordnancesurvey.co.uk/ontology/admingeo/District,Kent,http://data.ordnancesurvey.co.uk/id/7000000000018210,http://data.ordnancesurvey.co.uk/ontology/admingeo/County,South East,http://data.ordnancesurvey.co.uk/id/7000000000041421,England,http://data.ordnancesurvey.co.uk/id/country/england,,,
CT187LH,http://data.ordnancesurvey.co.uk/id/postcodeunit/CT187LH,CT18 7LH,,,,other,Postcode,625148,138791,3500,18000,,,,,,,Capel-le-Ferne,http://data.ordnancesurvey.co.uk/id/4000000074568384,http://www.ordnancesurvey.co.uk/xml/codelists/localtype.xml#village,Dover,http://data.ordnancesurvey.co.uk/id/7000000000017977,http://data.ordnancesurvey.co.uk/ontology/admingeo/District,Kent,http://data.ordnancesurvey.co.uk/id/7000000000018210,http://data.ordnancesurvey.co.uk/ontology/admingeo/County,South East,http://data.ordnancesurvey.co.uk/id/7000000000041421,England,http://data.ordnancesurvey.co.uk/id/country/england,,,
CT194PE,http://data.ordnancesurvey.co.uk/id/postcodeunit/CT194PE,CT19 4PE,,,,other,Postcode,620483,137186,3500,18000,,,,,,,Folkestone,http://data.ordnancesurvey.co.uk/id/4000000074566736,http://www.ordnancesurvey.co.uk/xml/codelists/localtype.xml#town,Folkestone and Hythe,http://data.ordnancesurvey.co.uk/id/7000000000018085,http://data.ordnancesurvey.co.uk/ontology/admingeo/District,Kent,http://data.ordnancesurvey.co.uk/id/7000000000018210,http://data.ordnancesurvey.co.uk/ontology/admingeo/County,South East,http://data.ordnancesurvey.co.uk/id/7000000000041421,England,http://data.ordnancesurvey.co.uk/id/country/england,,,
CT194FT,http://data.ordnancesurvey.co.uk/id/postcodeunit/CT194FT,CT19 4FT,,,,other,Postcode,620027,136763,3500,18000,,,,,,,Folkestone,http://data.ordnancesurvey.co.uk/id/4000000074566736,http://www.ordnancesurvey.co.uk/xml/codelists/localtype.xml#town,Folkestone and Hythe,http://data.ordnancesurvey.co.uk/id/7000000000018085,http://data.ordnancesurvey.co.uk/ontology/admingeo/District,Kent,http://data.ordnancesurvey.co.uk/id/7000000000018210,http://data.ordnancesurvey.co.uk/ontology/admingeo/County,South East,http://data.ordnancesurvey.co.uk/id/7000000000041421,England,http://data.ordnancesurvey.co.uk/id/country/england,,,
CT202DF,http://data.ordnancesurvey.co.uk/id/postcodeunit/CT202DF,CT20 2DF,,,,other,Postcode,621464,136249,3500,18000,,,,,,,Folkestone,http://data.ordnancesurvey.co.uk/id/4000000074566736,http://www.ordnancesurvey.co.uk/xml/codelists/localtype.xml#town,Folkestone and Hythe,http://data.ordnancesurvey.co.uk/id/7000000000018085,http://data.ordnancesurvey.co.uk/ontology/admingeo/District,Kent,http://data.ordnancesurvey.co.uk/id/7000000000018210,http://data.ordnancesurvey.co.uk/ontology/admingeo/County,South East,http://data.ordnancesurvey.co.uk/id/7000000000041421,England,http://data.ordnancesurvey.co.uk/id/country/england,,,
CT195FG,http://data.ordnancesurvey.co.uk/id/postcodeunit/CT195FG,CT19 5FG,,,,other,Postcode,621929,137803,3500,18000,,,,,,,Folkestone,http://data.ordnancesurvey.co.uk/id/4000000074566736,http://www.ordnancesurvey.co.uk/xml/codelists/localtype.xml#town,Folkestone and Hythe,http://data.ordnancesurvey.co.uk/id/7000000000018085,http://data.ordnancesurvey.co.uk/ontology/admingeo/District,Kent,http://data.ordnancesurvey.co.uk/id/7000000000018210,http://data.ordnancesurvey.co.uk/ontology/admingeo/County,South East,http://data.ordnancesurvey.co.uk/id/7000000000041421,England,http://data.ordnancesurvey.co.uk/id/country/england,,,
CT195LU,http://data.ordnancesurvey.co.uk/id/postcodeunit/CT195LU,CT19 5LU,,,,other,Postcode,621520,137437,3500,18000,,,,,,,Folkestone,http://data.ordnancesurvey.co.uk/id/4000000074566736,http://www.ordnancesurvey.co.uk/xml/codelists/localtype.xml#town,Folkestone and Hythe,http://data.ordnancesurvey.co.uk/id/7000000000018085,http://data.ordnancesurvey.co.uk/ontology/admingeo/District,Kent,http://data.ordnancesurvey.co.uk/id/7000000000018210,http://data.ordnancesurvey.co.uk/ontology/admingeo/County,South East,http://data.ordnancesurvey.co.uk/id/7000000000041421,England,http://data.ordnancesurvey.co.uk/id/country/england,,,
CT209UY,http://data.ordnancesurvey.co.uk/id/postcodeunit/CT209UY,CT20 9UY,,,,other,Postcode,622119,135914,3500,18000,,,,,,,Folkestone,http://data.ordnancesurvey.co.uk/id/4000000074566736,http://www.ordnancesurvey.co.uk/xml/codelists/localtype.xml#town,Folkestone and Hythe,http://data.ordnancesurvey.co.uk/id/7000000000018085,http://data.ordnancesurvey.co.uk/ontology/admingeo/District,Kent,http://data.ordnancesurvey.co.uk/id/7000000000018210,http://data.ordnancesurvey.co.uk/ontology/admingeo/County,South East,http://data.ordnancesurvey.co.uk/id/7000000000041421,England,http://data.ordnancesurvey.co.uk/id/country/england,,,
CT195LE,http://data.ordnancesurvey.co.uk/id/postcodeunit/CT195LE,CT19 5LE,,,,other,Postcode,621118,136988,3500,18000,,,,,,,Folkestone,http://data.ordnancesurvey.co.uk/id/4000000074566736,http://www.ordnancesurvey.co.uk/xml/codelists/localtype.xml#town,Folkestone and Hythe,http://data.ordnancesurvey.co.uk/id/7000000000018085,http://data.ordnancesurvey.co.uk/ontology/admingeo/District,Kent,http://data.ordnancesurvey.co.uk/id/7000000000018210,http://data.ordnancesurvey.co.uk/ontology/admingeo/County,South East,http://data.ordnancesurvey.co.uk/id/7000000000041421,England,http://data.ordnancesurvey.co.uk/id/country/england,,,
CT195LH,http://data.ordnancesurvey.co.uk/id/postcodeunit/CT195LH,CT19 5LH,,,,other,Postcode,621249,136974,3500,18000,,,,,,,Folkestone,http://data.ordnancesurvey.co.uk/id/4000000074566736,http://www.ordnancesurvey.co.uk/xml/codelists/localtype.xml#town,Folkestone and Hythe,http://data.ordnancesurvey.co.uk/id/7000000000018085,http://data.ordnancesurvey.co.uk/ontology/admingeo/District,Kent,http://data.ordnancesurvey.co.uk/id/7000000000018210,http://data.ordnancesurvey.co.uk/ontology/admingeo/County,South East,http://data.ordnancesurvey.co.uk/id/7000000000041421,England,http://data.ordnancesurvey.co.uk/id/country/england,,,
CT501AE,http://data.ordnancesurvey.co.uk/id/postcodeunit/CT501AE,CT50 1AE,,,,other,Postcode,620132,135989,3500,18000,,,,,,,Folkestone,http://data.ordnancesurvey.co.uk/id/4000000074566736,http://www.ordnancesurvey.co.uk/xml/codelists/localtype.xml#town,Folkestone and Hythe,http://data.ordnancesurvey.co.uk/id/7000000000018085,http://data.ordnancesurvey.co.uk/ontology/admingeo/District,Kent,http://data.ordnancesurvey.co.uk/id/7000000000018210,http://data.ordnancesurvey.co.uk/ontology/admingeo/County,South East,http://data.ordnancesurvey.co.uk/id/7000000000041421,England,http://data.ordnancesurvey.co.uk/id/country/england,,,
CT203PN,http://data.ordnancesurvey.co.uk/id/postcodeunit/CT203PN,CT20 3PN,,,,other,Postcode,620495,136336,3500,18000,,,,,,,Folkestone,http://data.ordnancesurvey.co.uk/id/4000000074566736,http://www.ordnancesurvey.co.uk/xml/codelists/localtype.xml#town,Folkestone and Hythe,http://data.ordnancesurvey.co.uk/id/7000000000018085,http://data.ordnancesurvey.co.uk/ontology/admingeo/District,Kent,http://data.ordnancesurvey.co.uk/id/7000000000018210,http://data.ordnancesurvey.co.uk/ontology/admingeo/County,South East,http://data.ordnancesurvey.co.uk/id/7000000000041421,England,http://data.ordnancesurvey.co.uk/id/country/england,,,
CT203ST,http://data.ordnancesurvey.co.uk/id/postcodeunit/CT203ST,CT20 3ST,,,,other,Postcode,620779,135257,3500,18000,,,,,,,Folkestone,http://data.ordnancesurvey.co.uk/id/4000000074566736,http://www.ordnancesurvey.co.uk/xml/codelists/localtype.xml#town,Folkestone and Hythe,http://data.ordnancesurvey.co.uk/id/7000000000018085,http://data.ordnancesurvey.co.uk/ontology/admingeo/District,Kent,http://data.ordnancesurvey.co.uk/id/7000000000018210,http://data.ordnancesurvey.co.uk/ontology/admingeo/County,South East,http://data.ordnancesurvey.co.uk/id/7000000000041421,England,http://data.ordnancesurvey.co.uk/id/country/england,,,
CT195WN,http://data.ordnancesurvey.co.uk/id/postcodeunit/CT195WN,CT19 5WN,,,,other,Postcode,622055,136770,3500,18000,,,,,,,Folkestone,http://data.ordnancesurvey.co.uk/id/4000000074566736,http://www.ordnancesurvey.co.uk/xml/codelists/localtype.xml#town,Folkestone and Hythe,http://data.ordnancesurvey.co.uk/id/7000000000018085,http://data.ordnancesurvey.co.uk/ontology/admingeo/District,Kent,http://data.ordnancesurvey.co.uk/id/7000000000018210,http://data.ordnancesurvey.co.uk/ontology/admingeo/County,South East,http://data.ordnancesurvey.co.uk/id/7000000000041421,England,http://data.ordnancesurvey.co.uk/id/country/england,,,
CT202TT,http://data.ordnancesurvey.co.uk/id/postcodeunit/CT202TT,CT20 2TT,,,,other,Postcode,621585,136161,3500,18000,,,,,,,Folkestone,http://data.ordnancesurvey.co.uk/id/4000000074566736,http://www.ordnancesurvey.co.uk/xml/codelists/localtype.xml#town,Folkestone and Hythe,http://data.ordnancesurvey.co.uk/id/7000000000018085,http://data.ordnancesurvey.co.uk/ontology/admingeo/District,Kent,http://data.ordnancesurvey.co.uk/id/7000000000018210,http://data.ordnancesurvey.co.uk/ontology/admingeo/County,South East,http://data.ordnancesurvey.co.uk/id/7000000000041421,England,http://data.ordnancesurvey.co.uk/id/country/england,,,
CT195NY,http://data.ordnancesurvey.co.uk/id/postcodeunit/CT195NY,CT19 5NY,,,,other,Postcode,622866,137204,3500,18000,,,,,,,Folkestone,http://data.ordnancesurvey.co.uk/id/4000000074566736,http://www.ordnancesurvey.co.uk/xml/codelists/localtype.xml#town,Folkestone and Hythe,http://data.ordnancesurvey.co.uk/id/7000000000018085,http://data.ordnancesurvey.co.uk/ontology/admingeo/District,Kent,http://data.ordnancesurvey.co.uk/id/7000000000018210,http://data.ordnancesurvey.co.uk/ontology/admingeo/County,South East,http://data.ordnancesurvey.co.uk/id/7000000000041421,England,http://data.ordnancesurvey.co.uk/id/country/england,,,
CT202ER,http://data.ordnancesurvey.co.uk/id/postcodeunit/CT202ER,CT20 2ER,,,,other,Postcode,621901,135381,3500,18000,,,,,,,Folkestone,http://data.ordnancesurvey.co.uk/id/4000000074566736,http://www.ordnancesurvey.co.uk/xml/codelists/localtype.xml#town,Folkestone and Hythe,http://data.ordnancesurvey.co.uk/id/7000000000018085,http://data.ordnancesurvey.co.uk/ontology/admingeo/District,Kent,http://data.ordnancesurvey.co.uk/id/7000000000018210,http://data.ordnancesurvey.co.uk/ontology/admingeo/County,South East,http://data.ordnancesurvey.co.uk/id/7000000000041421,England,http://data.ordnancesurvey.co.uk/id/country/england,,,
CT194DL,http://data.ordnancesurvey.co.uk/id/postcodeunit/CT194DL,CT19 4DL,,,,other,Postcode,620207,136754,3500,18000,,,,,,,Folkestone,http://data.ordnancesurvey.co.uk/id/4000000074566736,http://www.ordnancesurvey.co.uk/xml/codelists/localtype.xml#town,Folkestone and Hythe,http://data.ordnancesurvey.co.uk/id/7000000000018085,http://data.ordnancesurvey.co.uk/ontology/admingeo/District,Kent,http://data.ordnancesurvey.co.uk/id/7000000000018210,http://data.ordnancesurvey.co.uk/ontology/admingeo/County,South East,http://data.ordnancesurvey.co.uk/id/7000000000041421,England,http://data.ordnancesurvey.co.uk/id/country/england,,,
CT196EJ,http://data.ordnancesurvey.co.uk/id/postcodeunit/CT196EJ,CT19 6EJ,,,,other,Postcode,623194,136902,3500,18000,,,,,,,Folkestone,http://data.ordnancesurvey.co.uk/id/4000000074566736,http://www.ordnancesurvey.co.uk/xml/codelists/localtype.xml#town,Folkestone and Hythe,http://data.ordnancesurvey.co.uk/id/7000000000018085,http://data.ordnancesurvey.co.uk/ontology/admingeo/District,Kent,http://data.ordnancesurvey.co.uk/id/7000000000018210,http://data.ordnancesurvey.co.uk/ontology/admingeo/County,South East,http://data.ordnancesurvey.co.uk/id/7000000000041421,England,http://data.ordnancesurvey.co.uk/id/country/england,,,
CT187PA,http://data.ordnancesurvey.co.uk/id/postcodeunit/CT187PA,CT18 7PA,,,,other,Postcode,621028,139680,3500,18000,,,,,,,Hawkinge,http://data.ordnancesurvey.co.uk/id/4000000074566747,http://www.ordnancesurvey.co.uk/xml/codelists/localtype.xml#village,Folkestone and Hythe,http://data.ordnancesurvey.co.uk/id/7000000000018085,http://data.ordnancesurvey.co.uk/ontology/admingeo/District,Kent,http://data.ordnancesurvey.co.uk/id/7000000000018210,http://data.ordnancesurvey.co.uk/ontology/admingeo/County,South East,http://data.ordnancesurvey.co.uk/id/7000000000041421,England,http://data.ordnancesurvey.co.uk/id/country/england,,,
CT203AU,http://data.ordnancesurvey.co.uk/id/postcodeunit/CT203AU,CT20 3AU,,,,other,Postcode,620999,135480,3500,18000,,,,,,,Folkestone,http://data.ordnancesurvey.co.uk/id/4000000074566736,http://www.ordnancesurvey.co.uk/xml/codelists/localtype.xml#town,Folkestone and Hythe,http://data.ordnancesurvey.co.uk/id/7000000000018085,http://data.ordnancesurvey.co.uk/ontology/admingeo/District,Kent,http://data.ordnancesurvey.co.uk/id/7000000000018210,http://data.ordnancesurvey.co.uk/ontology/admingeo/County,South East,http://data.ordnancesurvey.co.uk/id/7000000000041421,England,http://data.ordnancesurvey.co.uk/id/country/england,,,
CT195JS,http://data.ordnancesurvey.co.uk/id/postcodeunit/CT195JS,CT19 5JS,,,,other,Postcode,621475,136516,3500,18000,,,,,,,Folkestone,http://data.ordnancesurvey.co.uk/id/4000000074566736,http://www.ordnancesurvey.co.uk/xml/codelists/localtype.xml#town,Folkestone and Hythe,http://data.ordnancesurvey.co.uk/id/7000000000018085,http://data.ordnancesurvey.co.uk/ontology/admingeo/District,Kent,http://data.ordnancesurvey.co.uk/id/7000000000018210,http://data.ordnancesurvey.co.uk/ontology/admingeo/County,South East,http://data.ordnancesurvey.co.uk/id/7000000000041421,England,http://data.ordnancesurvey.co.uk/id/country/england,,,
CT203QL,http://data.ordnancesurvey.co.uk/id/postcodeunit/CT203QL,CT20 3QL,,,,other,Postcode,620746,136138,3500,18000,,,,,,,Folkestone,http://data.ordnancesurvey.co.uk/id/4000000074566736,http://www.ordnancesurvey.co.uk/xml/codelists/localtype.xml#town,Folkestone and Hythe,http://data.ordnancesurvey.co.uk/id/7000000000018085,http://data.ordnancesurvey.co.uk/ontology/admingeo/District,Kent,http://data.ordnancesurvey.co.uk/id/7000000000018210,http://data.ordnancesurvey.co.uk/ontology/admingeo/County,South East,http://data.ordnancesurvey.co.uk/id/7000000000041421,England,http://data.ordnancesurvey.co.uk/id/country/england,,,
CT201NA,http://data.ordnancesurvey.co.uk/id/postcodeunit/CT201NA,CT20 1NA,,,,other,Postcode,623191,136383,3500,18000,,,,,,,Folkestone,http://data.ordnancesurvey.co.uk/id/4000000074566736,http://www.ordnancesurvey.co.uk/xml/codelists/localtype.xml#town,Folkestone and Hythe,http://data.ordnancesurvey.co.uk/id/7000000000018085,http://data.ordnancesurvey.co.uk/ontology/admingeo/District,Kent,http://data.ordnancesurvey.co.uk/id/7000000000018210,http://data.ordnancesurvey.co.uk/ontology/admingeo/County,South East,http://data.ordnancesurvey.co.uk/id/7000000000041421,England,http://data.ordnancesurvey.co.uk/id/country/england,,,
CT196HT,http://data.ordnancesurvey.co.uk/id/postcodeunit/CT196HT,CT19 6HT,,,,other,Postcode,622928,137481,3500,18000,,,,,,,Folkestone,http://data.ordnancesurvey.co.uk/id/4000000074566736,http://www.ordnancesurvey.co.uk/xml/codelists/localtype.xml#town,Folkestone and Hythe,http://data.ordnancesurvey.co.uk/id/7000000000018085,http://data.ordnancesurvey.co.uk/ontology/admingeo/District,Kent,http://data.ordnancesurvey.co.uk/id/7000000000018210,http://data.ordnancesurvey.co.uk/ontology/admingeo/County,South East,http://data.ordnancesurvey.co.uk/id/7000000000041421,England,http://data.ordnancesurvey.co.uk/id/country/england,,,
CT203RE,http://data.ordnancesurvey.co.uk/id/postcodeunit/CT203RE,CT20 3RE,,,,other,Postcode,621045,135593,3500,18000,,,,,,,Folkestone,http://data.ordnancesurvey.co.uk/id/4000000074566736,http://www.ordnancesurvey.co.uk/xml/codelists/localtype.xml#town,Folkestone and Hythe,http://data.ordnancesurvey.co.uk/id/7000000000018085,http://data.ordnancesurvey.co.uk/ontology/admingeo/District,Kent,http://data.ordnancesurvey.co.uk/id/7000000000018210,http://data.ordnancesurvey.co.uk/ontology/admingeo/County,South East,http://data.ordnancesurvey.co.uk/id/7000000000041421,England,http://data.ordnancesurvey.co.uk/id/country/england,,,
CT202XA,http://data.ordnancesurvey.co.uk/id/postcodeunit/CT202XA,CT20 2XA,,,,other,Postcode,622206,135568,3500,18000,,,,,,,Folkestone,http://data.ordnancesurvey.co.uk/id/4000000074566736,http://www.ordnancesurvey.co.uk/xml/codelists/localtype.xml#town,Folkestone and Hythe,http://data.ordnancesurvey.co.uk/id/7000000000018085,http://data.ordnancesurvey.co.uk/ontology/admingeo/District,Kent,http://data.ordnancesurvey.co.uk/id/7000000000018210,http://data.ordnancesurvey.co.uk/ontology/admingeo/County,South East,http://data.ordnancesurvey.co.uk/id/7000000000041421,England,http://data.ordnancesurvey.co.uk/id/country/england,,,
CT201LD,http://data.ordnancesurvey.co.uk/id/postcodeunit/CT201LD,CT20 1LD,,,,other,Postcode,623096,136377,3500,18000,,,,,,,Folkestone,http://data.ordnancesurvey.co.uk/id/4000000074566736,http://www.ordnancesurvey.co.uk/xml/codelists/localtype.xml#town,Folkestone and Hythe,http://data.ordnancesurvey.co.uk/id/7000000000018085,http://data.ordnancesurvey.co.uk/ontology/admingeo/District,Kent,http://data.ordnancesurvey.co.uk/id/7000000000018210,http://data.ordnancesurvey.co.uk/ontology/admingeo/County,South East,http://data.ordnancesurvey.co.uk/id/7000000000041421,England,http://data.ordnancesurvey.co.uk/id/country/england,,,
CT194BZ,http://data.ordnancesurvey.co.uk/id/postcodeunit/CT194BZ,CT19 4BZ,,,,other,Postcode,620336,136596,3500,18000,,,,,,,Folkestone,http://data.ordnancesurvey.co.uk/id/4000000074566736,http://www.ordnancesurvey.co.uk/xml/codelists/localtype.xml#town,Folkestone and Hythe,http://data.ordnancesurvey.co.uk/id/7000000000018085,http://data.ordnancesurvey.co.uk/ontology/admingeo/District,Kent,http://data.ordnancesurvey.co.uk/id/7000000000018210,http://data.ordnancesurvey.co.uk/ontology/admingeo/County,South East,http://data.ordnancesurvey.co.uk/id/7000000000041421,England,http://data.ordnancesurvey.co.uk/id/country/england,,,
CT187PQ,http://data.ordnancesurvey.co.uk/id/postcodeunit/CT187PQ,CT18 7PQ,,,,other,Postcode,621622,139377,3500,18000,,,,,,,Hawkinge,http://data.ordnancesurvey.co.uk/id/4000000074566747,http://www.ordnancesurvey.co.uk/xml/codelists/localtype.xml#village,Folkestone and Hythe,http://data.ordnancesurvey.co.uk/id/7000000000018085,http://data.ordnancesurvey.co.uk/ontology/admingeo/District,Kent,http://data.ordnancesurvey.co.uk/id/7000000000018210,http://data.ordnancesurvey.co.uk/ontology/admingeo/County,South East,http://data.ordnancesurvey.co.uk/id/7000000000041421,England,http://data.ordnancesurvey.co.uk/id/country/england,,,
CT201AE,http://data.ordnancesurvey.co.uk/id/postcodeunit/CT201AE,CT20 1AE,,,,other,Postcode,622669,135881,3500,18000,,,,,,,Folkestone,http://data.ordnancesurvey.co.uk/id/4000000074566736,http://www.ordnancesurvey.co.uk/xml/codelists/localtype.xml#town,Folkestone and Hythe,http://data.ordnancesurvey.co.uk/id/7000000000018085,http://data.ordnancesurvey.co.uk/ontology/admingeo/District,Kent,http://data.ordnancesurvey.co.uk/id/7000000000018210,http://data.ordnancesurvey.co.uk/ontology/admingeo/County,South East,http://data.ordnancesurvey.co.uk/id/7000000000041421,England,http://data.ordnancesurvey.co.uk/id/country/england,,,
CT209TD,http://data.ordnancesurvey.co.uk/id/postcodeunit/CT209TD,CT20 9TD,,,,other,Postcode,622119,135914,3500,18000,,,,,,,Folkestone,http://data.ordnancesurvey.co.uk/id/4000000074566736,http://www.ordnancesurvey.co.uk/xml/codelists/localtype.xml#town,Folkestone and Hythe,http://data.ordnancesurvey.co.uk/id/7000000000018085,http://data.ordnancesurvey.co.uk/ontology/admingeo/District,Kent,http://data.ordnancesurvey.co.uk/id/7000000000018210,http://data.ordnancesurvey.co.uk/ontology/admingeo/County,South East,http://data.ordnancesurvey.co.uk/id/7000000000041421,England,http://data.ordnancesurvey.co.uk/id/country/england,,,
CT187LL,http://data.ordnancesurvey.co.uk/id/postcodeunit/CT187LL,CT18 7LL,,,,other,Postcode,625093,138675,3500,18000,,,,,,,Capel-le-Ferne,http://data.ordnancesurvey.co.uk/id/4000000074568384,http://www.ordnancesurvey.co.uk/xml/codelists/localtype.xml#village,Dover,http://data.ordnancesurvey.co.uk/id/7000000000017977,http://data.ordnancesurvey.co.uk/ontology/admingeo/District,Kent,http://data.ordnancesurvey.co.uk/id/7000000000018210,http://data.ordnancesurvey.co.uk/ontology/admingeo/County,South East,http://data.ordnancesurvey.co.uk/id/7000000000041421,England,http://data.ordnancesurvey.co.uk/id/country/england,,,
CT201PN,http://data.ordnancesurvey.co.uk/id/postcodeunit/CT201PN,CT20 1PN,,,,other,Postcode,623305,136593,3500,18000,,,,,,,Folkestone,http://data.ordnancesurvey.co.uk/id/4000000074566736,http://www.ordnancesurvey.co.uk/xml/codelists/localtype.xml#town,Folkestone and Hythe,http://data.ordnancesurvey.co.uk/id/7000000000018085,http://data.ordnancesurvey.co.uk/ontology/admingeo/District,Kent,http://data.ordnancesurvey.co.uk/id/7000000000018210,http://data.ordnancesurvey.co.uk/ontology/admingeo/County,South East,http://data.ordnancesurvey.co.uk/id/7000000000041421,England,http://data.ordnancesurvey.co.uk/id/country/england,,,
CT196AT,http://data.ordnancesurvey.co.uk/id/postcodeunit/CT196AT,CT19 6AT,,,,other,Postcode,623542,136327,3500,18000,,,,,,,Folkestone,http://data.ordnancesurvey.co.uk/id/4000000074566736,http://www.ordnancesurvey.co.uk/xml/codelists/localtype.xml#town,Folkestone and Hythe,http://data.ordnancesurvey.co.uk/id/7000000000018085,http://data.ordnancesurvey.co.uk/ontology/admingeo/District,Kent,http://data.ordnancesurvey.co.uk/id/7000000000018210,http://data.ordnancesurvey.co.uk/ontology/admingeo/County,South East,http://data.ordnancesurvey.co.uk/id/7000000000041421,England,http://data.ordnancesurvey.co.uk/id/country/england,,,
CT202XL,http://data.ordnancesurvey.co.uk/id/postcodeunit/CT202XL,CT20 2XL,,,,other,Postcode,621702,135406,3500,18000,,,,,,,Folkestone,http://data.ordnancesurvey.co.uk/id/4000000074566736,http://www.ordnancesurvey.co.uk/xml/codelists/localtype.xml#town,Folkestone and Hythe,http://data.ordnancesurvey.co.uk/id/7000000000018085,http://data.ordnancesurvey.co.uk/ontology/admingeo/District,Kent,http://data.ordnancesurvey.co.uk/id/7000000000018210,http://data.ordnancesurvey.co.uk/ontology/admingeo/County,South East,http://data.ordnancesurvey.co.uk/id/7000000000041421,England,http://data.ordnancesurvey.co.uk/id/country/england,,,
CT201LL,http://data.ordnancesurvey.co.uk/id/postcodeunit/CT201LL,CT20 1LL,,,,other,Postcode,623057,136264,3500,18000,,,,,,,Folkestone,http://data.ordnancesurvey.co.uk/id/4000000074566736,http://www.ordnancesurvey.co.uk/xml/codelists/localtype.xml#town,Folkestone and Hythe,http://data.ordnancesurvey.co.uk/id/7000000000018085,http://data.ordnancesurvey.co.uk/ontology/admingeo/District,Kent,http://data.ordnancesurvey.co.uk/id/7000000000018210,http://data.ordnancesurvey.co.uk/ontology/admingeo/County,South East,http://data.ordnancesurvey.co.uk/id/7000000000041421,England,http://data.ordnancesurvey.co.uk/id/country/england,,,
CT201HQ,http://data.ordnancesurvey.co.uk/id/postcodeunit/CT201HQ,CT20 1HQ,,,,other,Postcode,622794,136232,3500,18000,,,,,,,Folkestone,http://data.ordnancesurvey.co.uk/id/4000000074566736,http://www.ordnancesurvey.co.uk/xml/codelists/localtype.xml#town,Folkestone and Hythe,http://data.ordnancesurvey.co.uk/id/7000000000018085,http://data.ordnancesurvey.co.uk/ontology/admingeo/District,Kent,http://data.ordnancesurvey.co.uk/id/7000000000018210,http://data.ordnancesurvey.co.uk/ontology/admingeo/County,South East,http://data.ordnancesurvey.co.uk/id/7000000000041421,England,http://data.ordnancesurvey.co.uk/id/country/england,,,
CT202AF,http://data.ordnancesurvey.co.uk/id/postcodeunit/CT202AF,CT20 2AF,,,,other,Postcode,622705,135783,3500,18000,,,,,,,Folkestone,http://data.ordnancesurvey.co.uk/id/4000000074566736,http://www.ordnancesurvey.co.uk/xml/codelists/localtype.xml#town,Folkestone and Hythe,http://data.ordnancesurvey.co.uk/id/7000000000018085,http://data.ordnancesurvey.co.uk/ontology/admingeo/District,Kent,http://data.ordnancesurvey.co.uk/id/7000000000018210,http://data.ordnancesurvey.co.uk/ontology/admingeo/County,South East,http://data.ordnancesurvey.co.uk/id/7000000000041421,England,http://data.ordnancesurvey.co.uk/id/country/england,,,
CT201QA,http://data.ordnancesurvey.co.uk/id/postcodeunit/CT201QA,CT20 1QA,,,,other,Postcode,623141,135862,3500,18000,,,,,,,Folkestone,http://data.ordnancesurvey.co.uk/id/4000000074566736,http://www.ordnancesurvey.co.uk/xml/codelists/localtype.xml#town,Folkestone and Hythe,http://data.ordnancesurvey.co.uk/id/7000000000018085,http://data.ordnancesurvey.co.uk/ontology/admingeo/District,Kent,http://data.ordnancesurvey.co.uk/id/7000000000018210,http://data.ordnancesurvey.co.uk/ontology/admingeo/County,South East,http://data.ordnancesurvey.co.uk/id/7000000000041421,England,http://data.ordnancesurvey.co.uk/id/country/england,,,
CT195NE,http://data.ordnancesurvey.co.uk/id/postcodeunit/CT195NE,CT19 5NE,,,,other,Postcode,623089,136725,3500,18000,,,,,,,Folkestone,http://data.ordnancesurvey.co.uk/id/4000000074566736,http://www.ordnancesurvey.co.uk/xml/codelists/localtype.xml#town,Folkestone and Hythe,http://data.ordnancesurvey.co.uk/id/7000000000018085,http://data.ordnancesurvey.co.uk/ontology/admingeo/District,Kent,http://data.ordnancesurvey.co.uk/id/7000000000018210,http://data.ordnancesurvey.co.uk/ontology/admingeo/County,South East,http://data.ordnancesurvey.co.uk/id/7000000000041421,England,http://data.ordnancesurvey.co.uk/id/country/england,,,
CT209SX,http://data.ordnancesurvey.co.uk/id/postcodeunit/CT209SX,CT20 9SX,,,,other,Postcode,622119,135914,3500,18000,,,,,,,Folkestone,http://data.ordnancesurvey.co.uk/id/4000000074566736,http://www.ordnancesurvey.co.uk/xml/codelists/localtype.xml#town,Folkestone and Hythe,http://data.ordnancesurvey.co.uk/id/7000000000018085,http://data.ordnancesurvey.co.uk/ontology/admingeo/District,Kent,http://data.ordnancesurvey.co.uk/id/7000000000018210,http://data.ordnancesurvey.co.uk/ontology/admingeo/County,South East,http://data.ordnancesurvey.co.uk/id/7000000000041421,England,http://data.ordnancesurvey.co.uk/id/country/england,,,
CT194BA,http://data.ordnancesurvey.co.uk/id/postcodeunit/CT194BA,CT19 4BA,,,,other,Postcode,620742,136582,3500,18000,,,,,,,Folkestone,http://data.ordnancesurvey.co.uk/id/4000000074566736,http://www.ordnancesurvey.co.uk/xml/codelists/localtype.xml#town,Folkestone and Hythe,http://data.ordnancesurvey.co.uk/id/7000000000018085,http://data.ordnancesurvey.co.uk/ontology/admingeo/District,Kent,http://data.ordnancesurvey.co.uk/id/7000000000018210,http://data.ordnancesurvey.co.uk/ontology/admingeo/County,South East,http://data.ordnancesurvey.co.uk/id/7000000000041421,England,http://data.ordnancesurvey.co.uk/id/country/england,,,
CT196QT,http://data.ordnancesurvey.co.uk/id/postcodeunit/CT196QT,CT19 6QT,,,,other,Postcode,623375,136908,3500,18000,,,,,,,Folkestone,http://data.ordnancesurvey.co.uk/id/4000000074566736,http://www.ordnancesurvey.co.uk/xml/codelists/localtype.xml#town,Folkestone and Hythe,http://data.ordnancesurvey.co.uk/id/7000000000018085,http://data.ordnancesurvey.co.uk/ontology/admingeo/District,Kent,http://data.ordnancesurvey.co.uk/id/7000000000018210,http://data.ordnancesurvey.co.uk/ontology/admingeo/County,South East,http://data.ordnancesurvey.co.uk/id/7000000000041421,England,http://data.ordnancesurvey.co.uk/id/country/england,,,
CT202TA,http://data.ordnancesurvey.co.uk/id/postcodeunit/CT202TA,CT20 2TA,,,,other,Postcode,622288,135757,3500,18000,,,,,,,Folkestone,http://data.ordnancesurvey.co.uk/id/4000000074566736,http://www.ordnancesurvey.co.uk/xml/codelists/localtype.xml#town,Folkestone and Hythe,http://data.ordnancesurvey.co.uk/id/7000000000018085,http://data.ordnancesurvey.co.uk/ontology/admingeo/District,Kent,http://data.ordnancesurvey.co.uk/id/7000000000018210,http://data.ordnancesurvey.co.uk/ontology/admingeo/County,South East,http://data.ordnancesurvey.co.uk/id/7000000000041421,England,http://data.ordnancesurvey.co.uk/id/country/england,,,
CT203FU,http://data.ordnancesurvey.co.uk/id/postcodeunit/CT203FU,CT20 3FU,,,,other,Postcode,620070,135852,3500,18000,,,,,,,Folkestone,http://data.ordnancesurvey.co.uk/id/4000000074566736,http://www.ordnancesurvey.co.uk/xml/codelists/localtype.xml#town,Folkestone and Hythe,http://data.ordnancesurvey.co.uk/id/7000000000018085,http://data.ordnancesurvey.co.uk/ontology/admingeo/District,Kent,http://data.ordnancesurvey.co.uk/id/7000000000018210,http://data.ordnancesurvey.co.uk/ontology/admingeo/County,South East,http://data.ordnancesurvey.co.uk/id/7000000000041421,England,http://data.ordnancesurvey.co.uk/id/country/england,,,
CT203RJ,http://data.ordnancesurvey.co.uk/id/postcodeunit/CT203RJ,CT20 3RJ,,,,other,Postcode,620981,135677,3500,18000,,,,,,,Folkestone,http://data.ordnancesurvey.co.uk/id/4000000074566736,http://www.ordnancesurvey.co.uk/xml/codelists/localtype.xml#town,Folkestone and Hythe,http://data.ordnancesurvey.co.uk/id/7000000000018085,http://data.ordnancesurvey.co.uk/ontology/admingeo/District,Kent,http://data.ordnancesurvey.co.uk/id/7000000000018210,http://data.ordnancesurvey.co.uk/ontology/admingeo/County,South East,http://data.ordnancesurvey.co.uk/id/7000000000041421,England,http://data.ordnancesurvey.co.uk/id/country/england,,,
CT202NT,http://data.ordnancesurvey.co.uk/id/postcodeunit/CT202NT,CT20 2NT,,,,other,Postcode,621043,136035,3500,18000,,,,,,,Folkestone,http://data.ordnancesurvey.co.uk/id/4000000074566736,http://www.ordnancesurvey.co.uk/xml/codelists/localtype.xml#town,Folkestone and Hythe,http://data.ordnancesurvey.co.uk/id/7000000000018085,http://data.ordnancesurvey.co.uk/ontology/admingeo/District,Kent,http://data.ordnancesurvey.co.uk/id/7000000000018210,http://data.ordnancesurvey.co.uk/ontology/admingeo/County,South East,http://data.ordnancesurvey.co.uk/id/7000000000041421,England,http://data.ordnancesurvey.co.uk/id/country/england,,,
CT187RA,http://data.ordnancesurvey.co.uk/id/postcodeunit/CT187RA,CT18 7RA,,,,other,Postcode,621966,139437,3500,18000,,,,,,,Hawkinge,http://data.ordnancesurvey.co.uk/id/4000000074566747,http://www.ordnancesurvey.co.uk/xml/codelists/localtype.xml#village,Folkestone and Hythe,http://data.ordnancesurvey.co.uk/id/7000000000018085,http://data.ordnancesurvey.co.uk/ontology/admingeo/District,Kent,http://data.ordnancesurvey.co.uk/id/7000000000018210,http://data.ordnancesurvey.co.uk/ontology/admingeo/County,South East,http://data.ordnancesurvey.co.uk/id/7000000000041421,England,http://data.ordnancesurvey.co.uk/id/country/england,,,
CT195BD,http://data.ordnancesurvey.co.uk/id/postcodeunit/CT195BD,CT19 5BD,,,,other,Postcode,622471,136526,3500,18000,,,,,,,Folkestone,http://data.ordnancesurvey.co.uk/id/4000000074566736,http://www.ordnancesurvey.co.uk/xml/codelists/localtype.xml#town,Folkestone and Hythe,http://data.ordnancesurvey.co.uk/id/7000000000018085,http://data.ordnancesurvey.co.uk/ontology/admingeo/District,Kent,http://data.ordnancesurvey.co.uk/id/7000000000018210,http://data.ordnancesurvey.co.uk/ontology/admingeo/County,South East,http://data.ordnancesurvey.co.uk/id/7000000000041421,England,http://data.ordnancesurvey.co.uk/id/country/england,,,
CT201DF,http://data.ordnancesurvey.co.uk/id/postcodeunit/CT201DF,CT20 1DF,,,,other,Postcode,622456,136108,3500,18000,,,,,,,Folkestone,http://data.ordnancesurvey.co.uk/id/4000000074566736,http://www.ordnancesurvey.co.uk/xml/codelists/localtype.xml#town,Folkestone and Hythe,http://data.ordnancesurvey.co.uk/id/7000000000018085,http://data.ordnancesurvey.co.uk/ontology/admingeo/District,Kent,http://data.ordnancesurvey.co.uk/id/7000000000018210,http://data.ordnancesurvey.co.uk/ontology/admingeo/County,South East,http://data.ordnancesurvey.co.uk/id/7000000000041421,England,http://data.ordnancesurvey.co.uk/id/country/england,,,
CT194BL,http://data.ordnancesurvey.co.uk/id/postcodeunit/CT194BL,CT19 4BL,,,,other,Postcode,620562,136559,3500,18000,,,,,,,Folkestone,http://data.ordnancesurvey.co.uk/id/4000000074566736,http://www.ordnancesurvey.co.uk/xml/codelists/localtype.xml#town,Folkestone and Hythe,http://data.ordnancesurvey.co.uk/id/7000000000018085,http://data.ordnancesurvey.co.uk/ontology/admingeo/District,Kent,http://data.ordnancesurvey.co.uk/id/7000000000018210,http://data.ordnancesurvey.co.uk/ontology/admingeo/County,South East,http://data.ordnancesurvey.co.uk/id/7000000000041421,England,http://data.ordnancesurvey.co.uk/id/country/england,,,
CT187FZ,http://data.ordnancesurvey.co.uk/id/postcodeunit/CT187FZ,CT18 7FZ,,,,other,Postcode,620630,139691,3500,18000,,,,,,,Hawkinge,http://data.ordnancesurvey.co.uk/id/4000000074566747,http://www.ordnancesurvey.co.uk/xml/codelists/localtype.xml#village,Folkestone and Hythe,http://data.ordnancesurvey.co.uk/id/7000000000018085,http://data.ordnancesurvey.co.uk/ontology/admingeo/District,Kent,http://data.ordnancesurvey.co.uk/id/7000000000018210,http://data.ordnancesurvey.co.uk/ontology/admingeo/County,South East,http://data.ordnancesurvey.co.uk/id/7000000000041421,England,http://data.ordnancesurvey.co.uk/id/country/england,,,
CT196JX,http://data.ordnancesurvey.co.uk/id/postcodeunit/CT196JX,CT19 6JX,,,,other,Postcode,622968,137696,3500,18000,,,,,,,Folkestone,http://data.ordnancesurvey.co.uk/id/4000000074566736,http://www.ordnancesurvey.co.uk/xml/codelists/localtype.xml#town,Folkestone and Hythe,http://data.ordnancesurvey.co.uk/id/7000000000018085,http://data.ordnancesurvey.co.uk/ontology/admingeo/District,Kent,http://data.ordnancesurvey.co.uk/id/7000000000018210,http://data.ordnancesurvey.co.uk/ontology/admingeo/County,South East,http://data.ordnancesurvey.co.uk/id/7000000000041421,England,http://data.ordnancesurvey.co.uk/id/country/england,,,
CT195FF,http://data.ordnancesurvey.co.uk/id/postcodeunit/CT195FF,CT19 5FF,,,,other,Postcode,621806,137734,3500,18000,,,,,,,Folkestone,http://data.ordnancesurvey.co.uk/id/4000000074566736,http://www.ordnancesurvey.co.uk/xml/codelists/localtype.xml#town,Folkestone and Hythe,http://data.ordnancesurvey.co.uk/id/7000000000018085,http://data.ordnancesurvey.co.uk/ontology/admingeo/District,Kent,http://data.ordnancesurvey.co.uk/id/7000000000018210,http://data.ordnancesurvey.co.uk/ontology/admingeo/County,South East,http://data.ordnancesurvey.co.uk/id/7000000000041421,England,http://data.ordnancesurvey.co.uk/id/country/england,,,
CT202LS,http://data.ordnancesurvey.co.uk/id/postcodeunit/CT202LS,CT20 2LS,,,,other,Postcode,621612,135394,3500,18000,,,,,,,Folkestone,http://data.ordnancesurvey.co.uk/id/4000000074566736,http://www.ordnancesurvey.co.uk/xml/codelists/localtype.xml#town,Folkestone and Hythe,http://data.ordnancesurvey.co.uk/id/7000000000018085,http://data.ordnancesurvey.co.uk/ontology/admingeo/District,Kent,http://data.ordnancesurvey.co.uk/id/7000000000018210,http://data.ordnancesurvey.co.uk/ontology/admingeo/County,South East,http://data.ordnancesurvey.co.uk/id/7000000000041421,England,http://data.ordnancesurvey.co.uk/id/country/england,,,
CT195BU,http://data.ordnancesurvey.co.uk/id/postcodeunit/CT195BU,CT19 5BU,,,,other,Postcode,622567,136663,3500,18000,,,,,,,Folkestone,http://data.ordnancesurvey.co.uk/id/4000000074566736,http://www.ordnancesurvey.co.uk/xml/codelists/localtype.xml#town,Folkestone and Hythe,http://data.ordnancesurvey.co.uk/id/7000000000018085,http://data.ordnancesurvey.co.uk/ontology/admingeo/District,Kent,http://data.ordnancesurvey.co.uk/id/7000000000018210,http://data.ordnancesurvey.co.uk/ontology/admingeo/County,South East,http://data.ordnancesurvey.co.uk/id/7000000000041421,England,http://data.ordnancesurvey.co.uk/id/country/england,,,
CT202EJ,http://data.ordnancesurvey.co.uk/id/postcodeunit/CT202EJ,CT20 2EJ,,,,other,Postcode,622082,135521,3500,18000,,,,,,,Folkestone,http://data.ordnancesurvey.co.uk/id/4000000074566736,http://www.ordnancesurvey.co.uk/xml/codelists/localtype.xml#town,Folkestone and Hythe,http://data.ordnancesurvey.co.uk/id/7000000000018085,http://data.ordnancesurvey.co.uk/ontology/admingeo/District,Kent,http://data.ordnancesurvey.co.uk/id/7000000000018210,http://data.ordnancesurvey.co.uk/ontology/admingeo/County,South East,http://data.ordnancesurvey.co.uk/id/7000000000041421,England,http://data.ordnancesurvey.co.uk/id/country/england,,,
CT187SQ,http://data.ordnancesurvey.co.uk/id/postcodeunit/CT187SQ,CT18 7SQ,,,,other,Postcode,620943,139066,3500,18000,,,,,,,Hawkinge,http://data.ordnancesurvey.co.uk/id/4000000074566747,http://www.ordnancesurvey.co.uk/xml/codelists/localtype.xml#village,Folkestone and Hythe,http://data.ordnancesurvey.co.uk/id/7000000000018085,http://data.ordnancesurvey.co.uk/ontology/admingeo/District,Kent,http://data.ordnancesurvey.co.uk/id/7000000000018210,http://data.ordnancesurvey.co.uk/ontology/admingeo/County,South East,http://data.ordnancesurvey.co.uk/id/7000000000041421,England,http://data.ordnancesurvey.co.uk/id/country/england,,,
CT203QD,http://data.ordnancesurvey.co.uk/id/postcodeunit/CT203QD,CT20 3QD,,,,other,Postcode,620816,136264,3500,18000,,,,,,,Folkestone,http://data.ordnancesurvey.co.uk/id/4000000074566736,http://www.ordnancesurvey.co.uk/xml/codelists/localtype.xml#town,Folkestone and Hythe,http://data.ordnancesurvey.co.uk/id/7000000000018085,http://data.ordnancesurvey.co.uk/ontology/admingeo/District,Kent,http://data.ordnancesurvey.co.uk/id/7000000000018210,http://data.ordnancesurvey.co.uk/ontology/admingeo/County,South East,http://data.ordnancesurvey.co.uk/id/7000000000041421,England,http://data.ordnancesurvey.co.uk/id/country/england,,,
CT201RH,http://data.ordnancesurvey.co.uk/id/postcodeunit/CT201RH,CT20 1RH,,,,other,Postcode,622964,135989,3500,18000,,,,,,,Folkestone,http://data.ordnancesurvey.co.uk/id/4000000074566736,http://www.ordnancesurvey.co.uk/xml/codelists/localtype.xml#town,Folkestone and Hythe,http://data.ordnancesurvey.co.uk/id/7000000000018085,http://data.ordnancesurvey.co.uk/ontology/admingeo/District,Kent,http://data.ordnancesurvey.co.uk/id/7000000000018210,http://data.ordnancesurvey.co.uk/ontology/admingeo/County,South East,http://data.ordnancesurvey.co.uk/id/7000000000041421,England,http://data.ordnancesurvey.co.uk/id/country/england,,,
CT194EP,http://data.ordnancesurvey.co.uk/id/postcodeunit/CT194EP,CT19 4EP,,,,other,Postcode,620719,136797,3500,18000,,,,,,,Folkestone,http://data.ordnancesurvey.co.uk/id/4000000074566736,http://www.ordnancesurvey.co.uk/xml/codelists/localtype.xml#town,Folkestone and Hythe,http://data.ordnancesurvey.co.uk/id/7000000000018085,http://data.ordnancesurvey.co.uk/ontology/admingeo/District,Kent,http://data.ordnancesurvey.co.uk/id/7000000000018210,http://data.ordnancesurvey.co.uk/ontology/admingeo/County,South East,http://data.ordnancesurvey.co.uk/id/7000000000041421,England,http://data.ordnancesurvey.co.uk/id/country/england,,,
CT195NW,http://data.ordnancesurvey.co.uk/id/postcodeunit/CT195NW,CT19 5NW,,,,other,Postcode,622971,136947,3500,18000,,,,,,,Folkestone,http://data.ordnancesurvey.co.uk/id/4000000074566736,http://www.ordnancesurvey.co.uk/xml/codelists/localtype.xml#town,Folkestone and Hythe,http://data.ordnancesurvey.co.uk/id/7000000000018085,http://data.ordnancesurvey.co.uk/ontology/admingeo/District,Kent,http://data.ordnancesurvey.co.uk/id/7000000000018210,http://data.ordnancesurvey.co.uk/ontology/admingeo/County,South East,http://data.ordnancesurvey.co.uk/id/7000000000041421,England,http://data.ordnancesurvey.co.uk/id/country/england,,,
CT202TZ,http://data.ordnancesurvey.co.uk/id/postcodeunit/CT202TZ,CT20 2TZ,,,,other,Postcode,621840,136223,3500,18000,,,,,,,Folkestone,http://data.ordnancesurvey.co.uk/id/4000000074566736,http://www.ordnancesurvey.co.uk/xml/codelists/localtype.xml#town,Folkestone and Hythe,http://data.ordnancesurvey.co.uk/id/7000000000018085,http://data.ordnancesurvey.co.uk/ontology/admingeo/District,Kent,http://data.ordnancesurvey.co.uk/id/7000000000018210,http://data.ordnancesurvey.co.uk/ontology/admingeo/County,South East,http://data.ordnancesurvey.co.uk/id/7000000000041421,England,http://data.ordnancesurvey.co.uk/id/country/england,,,
CT209ST,http://data.ordnancesurvey.co.uk/id/postcodeunit/CT209ST,CT20 9ST,,,,other,Postcode,622119,135914,3500,18000,,,,,,,Folkestone,http://data.ordnancesurvey.co.uk/id/4000000074566736,http://www.ordnancesurvey.co.uk/xml/codelists/localtype.xml#town,Folkestone and Hythe,http://data.ordnancesurvey.co.uk/id/7000000000018085,http://data.ordnancesurvey.co.uk/ontology/admingeo/District,Kent,http://data.ordnancesurvey.co.uk/id/7000000000018210,http://data.ordnancesurvey.co.uk/ontology/admingeo/County,South East,http://data.ordnancesurvey.co.uk/id/7000000000041421,England,http://data.ordnancesurvey.co.uk/id/country/england,,,
CT202LB,http://data.ordnancesurvey.co.uk/id/postcodeunit/CT202LB,CT20 2LB,,,,other,Postcode,621504,135661,3500,18000,,,,,,,Folkestone,http://data.ordnancesurvey.co.uk/id/4000000074566736,http://www.ordnancesurvey.co.uk/xml/codelists/localtype.xml#town,Folkestone and Hythe,http://data.ordnancesurvey.co.uk/id/7000000000018085,http://data.ordnancesurvey.co.uk/ontology/admingeo/District,Kent,http://data.ordnancesurvey.co.uk/id/7000000000018210,http://data.ordnancesurvey.co.uk/ontology/admingeo/County,South East,http://data.ordnancesurvey.co.uk/id/7000000000041421,England,http://data.ordnancesurvey.co.uk/id/country/england,,,
CT187SU,http://data.ordnancesurvey.co.uk/id/postcodeunit/CT187SU,CT18 7SU,,,,other,Postcode,621381,139401,3500,18000,,,,,,,Hawkinge,http://data.ordnancesurvey.co.uk/id/4000000074566747,http://www.ordnancesurvey.co.uk/xml/codelists/localtype.xml#village,Folkestone and Hythe,http://data.ordnancesurvey.co.uk/id/7000000000018085,http://data.ordnancesurvey.co.uk/ontology/admingeo/District,Kent,http://data.ordnancesurvey.co.uk/id/7000000000018210,http://data.ordnancesurvey.co.uk/ontology/admingeo/County,South East,http://data.ordnancesurvey.co.uk/id/7000000000041421,England,http://data.ordnancesurvey.co.uk/id/country/england,,,
CT203AR,http://data.ordnancesurvey.co.uk/id/postcodeunit/CT203AR,CT20 3AR,,,,other,Postcode,620426,135222,3500,18000,,,,,,,Folkestone,http://data.ordnancesurvey.co.uk/id/4000000074566736,http://www.ordnancesurvey.co.uk/xml/codelists/localtype.xml#town,Folkestone and Hythe,http://data.ordnancesurvey.co.uk/id/7000000000018085,http://data.ordnancesurvey.co.uk/ontology/admingeo/District,Kent,http://data.ordnancesurvey.co.uk/id/7000000000018210,http://data.ordnancesurvey.co.uk/ontology/admingeo/County,South East,http://data.ordnancesurvey.co.uk/id/7000000000041421,England,http://data.ordnancesurvey.co.uk/id/country/england,,,
CT195LA,http://data.ordnancesurvey.co.uk/id/postcodeunit/CT195LA,CT19 5LA,,,,other,Postcode,621044,136634,3500,18000,,,,,,,Folkestone,http://data.ordnancesurvey.co.uk/id/4000000074566736,http://www.ordnancesurvey.co.uk/xml/codelists/localtype.xml#town,Folkestone and Hythe,http://data.ordnancesurvey.co.uk/id/7000000000018085,http://data.ordnancesurvey.co.uk/ontology/admingeo/District,Kent,http://data.ordnancesurvey.co.uk/id/7000000000018210,http://data.ordnancesurvey.co.uk/ontology/admingeo/County,South East,http://data.ordnancesurvey.co.uk/id/7000000000041421,England,http://data.ordnancesurvey.co.uk/id/country/england,,,
CT194FG,http://data.ordnancesurvey.co.uk/id/postcodeunit/CT194FG,CT19 4FG,,,,other,Postcode,620184,136835,3500,18000,,,,,,,Folkestone,http://data.ordnancesurvey.co.uk/id/4000000074566736,http://www.ordnancesurvey.co.uk/xml/codelists/localtype.xml#town,Folkestone and Hythe,http://data.ordnancesurvey.co.uk/id/7000000000018085,http://data.ordnancesurvey.co.uk/ontology/admingeo/District,Kent,http://data.ordnancesurvey.co.uk/id/7000000000018210,http://data.ordnancesurvey.co.uk/ontology/admingeo/County,South East,http://data.ordnancesurvey.co.uk/id/7000000000041421,England,http://data.ordnancesurvey.co.uk/id/country/england,,,
CT187QT,http://data.ordnancesurvey.co.uk/id/postcodeunit/CT187QT,CT18 7QT,,,,other,Postcode,620776,139588,3500,18000,,,,,,,Hawkinge,http://data.ordnancesurvey.co.uk/id/4000000074566747,http://www.ordnancesurvey.co.uk/xml/codelists/localtype.xml#village,Folkestone and Hythe,http://data.ordnancesurvey.co.uk/id/7000000000018085,http://data.ordnancesurvey.co.uk/ontology/admingeo/District,Kent,http://data.ordnancesurvey.co.uk/id/7000000000018210,http://data.ordnancesurvey.co.uk/ontology/admingeo/County,South East,http://data.ordnancesurvey.co.uk/id/7000000000041421,England,http://data.ordnancesurvey.co.uk/id/country/england,,,
CT196HW,http://data.ordnancesurvey.co.uk/id/postcodeunit/CT196HW,CT19 6HW,,,,other,Postcode,623100,137334,3500,18000,,,,,,,Folkestone,http://data.ordnancesurvey.co.uk/id/4000000074566736,http://www.ordnancesurvey.co.uk/xml/codelists/localtype.xml#town,Folkestone and Hythe,http://data.ordnancesurvey.co.uk/id/7000000000018085,http://data.ordnancesurvey.co.uk/ontology/admingeo/District,Kent,http://data.ordnancesurvey.co.uk/id/7000000000018210,http://data.ordnancesurvey.co.uk/ontology/admingeo/County,South East,http://data.ordnancesurvey.co.uk/id/7000000000041421,England,http://data.ordnancesurvey.co.uk/id/country/england,,,
CT201SB,http://data.ordnancesurvey.co.uk/id/postcodeunit/CT201SB,CT20 1SB,,,,other,Postcode,622868,135946,3500,18000,,,,,,,Folkestone,http://data.ordnancesurvey.co.uk/id/4000000074566736,http://www.ordnancesurvey.co.uk/xml/codelists/localtype.xml#town,Folkestone and Hythe,http://data.ordnancesurvey.co.uk/id/7000000000018085,http://data.ordnancesurvey.co.uk/ontology/admingeo/District,Kent,http://data.ordnancesurvey.co.uk/id/7000000000018210,http://data.ordnancesurvey.co.uk/ontology/admingeo/County,South East,http://data.ordnancesurvey.co.uk/id/7000000000041421,England,http://data.ordnancesurvey.co.uk/id/country/england,,,
CT187RH,http://data.ordnancesurvey.co.uk/id/postcodeunit/CT187RH,CT18 7RH,,,,other,Postcode,621284,139540,3500,18000,,,,,,,Hawkinge,http://data.ordnancesurvey.co.uk/id/4000000074566747,http://www.ordnancesurvey.co.uk/xml/codelists/localtype.xml#village,Folkestone and Hythe,http://data.ordnancesurvey.co.uk/id/7000000000018085,http://data.ordnancesurvey.co.uk/ontology/admingeo/District,Kent,http://data.ordnancesurvey.co.uk/id/7000000000018210,http://data.ordnancesurvey.co.uk/ontology/admingeo/County,South East,http://data.ordnancesurvey.co.uk/id/7000000000041421,England,http://data.ordnancesurvey.co.uk/id/country/england,,,
CT195RD,http://data.ordnancesurvey.co.uk/id/postcodeunit/CT195RD,CT19 5RD,,,,other,Postcode,622594,136745,3500,18000,,,,,,,Folkestone,http://data.ordnancesurvey.co.uk/id/4000000074566736,http://www.ordnancesurvey.co.uk/xml/codelists/localtype.xml#town,Folkestone and Hythe,http://data.ordnancesurvey.co.uk/id/7000000000018085,http://data.ordnancesurvey.co.uk/ontology/admingeo/District,Kent,http://data.ordnancesurvey.co.uk/id/7000000000018210,http://data.ordnancesurvey.co.uk/ontology/admingeo/County,South East,http://data.ordnancesurvey.co.uk/id/7000000000041421,England,http://data.ordnancesurvey.co.uk/id/country/england,,,
CT195PN,http://data.ordnancesurvey.co.uk/id/postcodeunit/CT195PN,CT19 5PN,,,,other,Postcode,622710,137297,3500,18000,,,,,,,Folkestone,http://data.ordnancesurvey.co.uk/id/4000000074566736,http://www.ordnancesurvey.co.uk/xml/codelists/localtype.xml#town,Folkestone and Hythe,http://data.ordnancesurvey.co.uk/id/7000000000018085,http://data.ordnancesurvey.co.uk/ontology/admingeo/District,Kent,http://data.ordnancesurvey.co.uk/id/7000000000018210,http://data.ordnancesurvey.co.uk/ontology/admingeo/County,South East,http://data.ordnancesurvey.co.uk/id/7000000000041421,England,http://data.ordnancesurvey.co.uk/id/country/england,,,
CT203PY,http://data.ordnancesurvey.co.uk/id/postcodeunit/CT203PY,CT20 3PY,,,,other,Postcode,620489,136149,3500,18000,,,,,,,Folkestone,http://data.ordnancesurvey.co.uk/id/4000000074566736,http://www.ordnancesurvey.co.uk/xml/codelists/localtype.xml#town,Folkestone and Hythe,http://data.ordnancesurvey.co.uk/id/7000000000018085,http://data.ordnancesurvey.co.uk/ontology/admingeo/District,Kent,http://data.ordnancesurvey.co.uk/id/7000000000018210,http://data.ordnancesurvey.co.uk/ontology/admingeo/County,South East,http://data.ordnancesurvey.co.uk/id/7000000000041421,England,http://data.ordnancesurvey.co.uk/id/country/england,,,
CT202UH,http://data.ordnancesurvey.co.uk/id/postcodeunit/CT202UH,CT20 2UH,,,,other,Postcode,622422,135974,3500,18000,,,,,,,Folkestone,http://data.ordnancesurvey.co.uk/id/4000000074566736,http://www.ordnancesurvey.co.uk/xml/codelists/localtype.xml#town,Folkestone and Hythe,http://data.ordnancesurvey.co.uk/id/7000000000018085,http://data.ordnancesurvey.co.uk/ontology/admingeo/District,Kent,http://data.ordnancesurvey.co.uk/id/7000000000018210,http://data.ordnancesurvey.co.uk/ontology/admingeo/County,South East,http://data.ordnancesurvey.co.uk/id/7000000000041421,England,http://data.ordnancesurvey.co.uk/id/country/england,,,
CT195BN,http://data.ordnancesurvey.co.uk/id/postcodeunit/CT195BN,CT19 5BN,,,,other,Postcode,622211,136654,3500,18000,,,,,,,Folkestone,http://data.ordnancesurvey.co.uk/id/4000000074566736,http://www.ordnancesurvey.co.uk/xml/codelists/localtype.xml#town,Folkestone and Hythe,http://data.ordnancesurvey.co.uk/id/7000000000018085,http://data.ordnancesurvey.co.uk/ontology/admingeo/District,Kent,http://data.ordnancesurvey.co.uk/id/7000000000018210,http://data.ordnancesurvey.co.uk/ontology/admingeo/County,South East,http://data.ordnancesurvey.co.uk/id/7000000000041421,England,http://data.ordnancesurvey.co.uk/id/country/england,,,
CT194FD,http://data.ordnancesurvey.co.uk/id/postcodeunit/CT194FD,CT19 4FD,,,,other,Postcode,620559,136736,3500,18000,,,,,,,Folkestone,http://data.ordnancesurvey.co.uk/id/4000000074566736,http://www.ordnancesurvey.co.uk/xml/codelists/localtype.xml#town,Folkestone and Hythe,http://data.ordnancesurvey.co.uk/id/7000000000018085,http://data.ordnancesurvey.co.uk/ontology/admingeo/District,Kent,http://data.ordnancesurvey.co.uk/id/7000000000018210,http://data.ordnancesurvey.co.uk/ontology/admingeo/County,South East,http://data.ordnancesurvey.co.uk/id/7000000000041421,England,http://data.ordnancesurvey.co.uk/id/country/england,,,
CT187GA,http://data.ordnancesurvey.co.uk/id/postcodeunit/CT187GA,CT18 7GA,,,,other,Postcode,624157,137838,3500,18000,,,,,,,Capel-le-Ferne,http://data.ordnancesurvey.co.uk/id/4000000074568384,http://www.ordnancesurvey.co.uk/xml/codelists/localtype.xml#village,Folkestone and Hythe,http://data.ordnancesurvey.co.uk/id/7000000000018085,http://data.ordnancesurvey.co.uk/ontology/admingeo/District,Kent,http://data.ordnancesurvey.co.uk/id/7000000000018210,http://data.ordnancesurvey.co.uk/ontology/admingeo/County,South East,http://data.ordnancesurvey.co.uk/id/7000000000041421,England,http://data.ordnancesurvey.co.uk/id/country/england,,,
CT203PU,http://data.ordnancesurvey.co.uk/id/postcodeunit/CT203PU,CT20 3PU,,,,other,Postcode,620268,136357,3500,18000,,,,,,,Folkestone,http://data.ordnancesurvey.co.uk/id/4000000074566736,http://www.ordnancesurvey.co.uk/xml/codelists/localtype.xml#town,Folkestone and Hythe,http://data.ordnancesurvey.co.uk/id/7000000000018085,http://data.ordnancesurvey.co.uk/ontology/admingeo/District,Kent,http://data.ordnancesurvey.co.uk/id/7000000000018210,http://data.ordnancesurvey.co.uk/ontology/admingeo/County,South East,http://data.ordnancesurvey.co.uk/id/7000000000041421,England,http://data.ordnancesurvey.co.uk/id/country/england,,,
CT187JJ,http://data.ordnancesurvey.co.uk/id/postcodeunit/CT187JJ,CT18 7JJ,,,,other,Postcode,624258,138046,3500,18000,,,,,,,Capel-le-Ferne,http://data.ordnancesurvey.co.uk/id/4000000074568384,http://www.ordnancesurvey.co.uk/xml/codelists/localtype.xml#village,Folkestone and Hythe,http://data.ordnancesurvey.co.uk/id/7000000000018085,http://data.ordnancesurvey.co.uk/ontology/admingeo/District,Kent,http://data.ordnancesurvey.co.uk/id/7000000000018210,http://data.ordnancesurvey.co.uk/ontology/admingeo/County,South East,http://data.ordnancesurvey.co.uk/id/7000000000041421,England,http://data.ordnancesurvey.co.uk/id/country/england,,,
CT196LQ,http://data.ordnancesurvey.co.uk/id/postcodeunit/CT196LQ,CT19 6LQ,,,,other,Postcode,623027,137726,3500,18000,,,,,,,Folkestone,http://data.ordnancesurvey.co.uk/id/4000000074566736,http://www.ordnancesurvey.co.uk/xml/codelists/localtype.xml#town,Folkestone and Hythe,http://data.ordnancesurvey.co.uk/id/7000000000018085,http://data.ordnancesurvey.co.uk/ontology/admingeo/District,Kent,http://data.ordnancesurvey.co.uk/id/7000000000018210,http://data.ordnancesurvey.co.uk/ontology/admingeo/County,South East,http://data.ordnancesurvey.co.uk/id/7000000000041421,England,http://data.ordnancesurvey.co.uk/id/country/england,,,
CT203AG,http://data.ordnancesurvey.co.uk/id/postcodeunit/CT203AG,CT20 3AG,,,,other,Postcode,620731,135196,3500,18000,,,,,,,Folkestone,http://data.ordnancesurvey.co.uk/id/4000000074566736,http://www.ordnancesurvey.co.uk/xml/codelists/localtype.xml#town,Folkestone and Hythe,http://data.ordnancesurvey.co.uk/id/7000000000018085,http://data.ordnancesurvey.co.uk/ontology/admingeo/District,Kent,http://data.ordnancesurvey.co.uk/id/7000000000018210,http://data.ordnancesurvey.co.uk/ontology/admingeo/County,South East,http://data.ordnancesurvey.co.uk/id/7000000000041421,England,http://data.ordnancesurvey.co.uk/id/country/england,,,
CT195DB,http://data.ordnancesurvey.co.uk/id/postcodeunit/CT195DB,CT19 5DB,,,,other,Postcode,622134,136985,3500,18000,,,,,,,Folkestone,http://data.ordnancesurvey.co.uk/id/4000000074566736,http://www.ordnancesurvey.co.uk/xml/codelists/localtype.xml#town,Folkestone and Hythe,http://data.ordnancesurvey.co.uk/id/7000000000018085,http://data.ordnancesurvey.co.uk/ontology/admingeo/District,Kent,http://data.ordnancesurvey.co.uk/id/7000000000018210,http://data.ordnancesurvey.co.uk/ontology/admingeo/County,South East,http://data.ordnancesurvey.co.uk/id/7000000000041421,England,http://data.ordnancesurvey.co.uk/id/country/england,,,
CT201EF,http://data.ordnancesurvey.co.uk/id/postcodeunit/CT201EF,CT20 1EF,,,,other,Postcode,622715,136132,3500,18000,,,,,,,Folkestone,http://data.ordnancesurvey.co.uk/id/4000000074566736,http://www.ordnancesurvey.co.uk/xml/codelists/localtype.xml#town,Folkestone and Hythe,http://data.ordnancesurvey.co.uk/id/7000000000018085,http://data.ordnancesurvey.co.uk/ontology/admingeo/District,Kent,http://data.ordnancesurvey.co.uk/id/7000000000018210,http://data.ordnancesurvey.co.uk/ontology/admingeo/County,South East,http://data.ordnancesurvey.co.uk/id/7000000000041421,England,http://data.ordnancesurvey.co.uk/id/country/england,,,
CT201TA,http://data.ordnancesurvey.co.uk/id/postcodeunit/CT201TA,CT20 1TA,,,,other,Postcode,623255,136692,3500,18000,,,,,,,Folkestone,http://data.ordnancesurvey.co.uk/id/4000000074566736,http://www.ordnancesurvey.co.uk/xml/codelists/localtype.xml#town,Folkestone and Hythe,http://data.ordnancesurvey.co.uk/id/7000000000018085,http://data.ordnancesurvey.co.uk/ontology/admingeo/District,Kent,http://data.ordnancesurvey.co.uk/id/7000000000018210,http://data.ordnancesurvey.co.uk/ontology/admingeo/County,South East,http://data.ordnancesurvey.co.uk/id/7000000000041421,England,http://data.ordnancesurvey.co.uk/id/country/england,,,
CT195PQ,http://data.ordnancesurvey.co.uk/id/postcodeunit/CT195PQ,CT19 5PQ,,,,other,Postcode,622903,137190,3500,18000,,,,,,,Folkestone,http://data.ordnancesurvey.co.uk/id/4000000074566736,http://www.ordnancesurvey.co.uk/xml/codelists/localtype.xml#town,Folkestone and Hythe,http://data.ordnancesurvey.co.uk/id/7000000000018085,http://data.ordnancesurvey.co.uk/ontology/admingeo/District,Kent,http://data.ordnancesurvey.co.uk/id/7000000000018210,http://data.ordnancesurvey.co.uk/ontology/admingeo/County,South East,http://data.ordnancesurvey.co.uk/id/7000000000041421,England,http://data.ordnancesurvey.co.uk/id/country/england,,,
CT187HA,http://data.ordnancesurvey.co.uk/id/postcodeunit/CT187HA,CT18 7HA,,,,other,Postcode,625020,139327,3500,18000,,,,,,,Capel-le-Ferne,http://data.ordnancesurvey.co.uk/id/4000000074568384,http://www.ordnancesurvey.co.uk/xml/codelists/localtype.xml#village,Dover,http://data.ordnancesurvey.co.uk/id/7000000000017977,http://data.ordnancesurvey.co.uk/ontology/admingeo/District,Kent,http://data.ordnancesurvey.co.uk/id/7000000000018210,http://data.ordnancesurvey.co.uk/ontology/admingeo/County,South East,http://data.ordnancesurvey.co.uk/id/7000000000041421,England,http://data.ordnancesurvey.co.uk/id/country/england,,,
CT202NB,http://data.ordnancesurvey.co.uk/id/postcodeunit/CT202NB,CT20 2NB,,,,other,Postcode,621721,136098,3500,18000,,,,,,,Folkestone,http://data.ordnancesurvey.co.uk/id/4000000074566736,http://www.ordnancesurvey.co.uk/xml/codelists/localtype.xml#town,Folkestone and Hythe,http://data.ordnancesurvey.co.uk/id/7000000000018085,http://data.ordnancesurvey.co.uk/ontology/admingeo/District,Kent,http://data.ordnancesurvey.co.uk/id/7000000000018210,http://data.ordnancesurvey.co.uk/ontology/admingeo/County,South East,http://data.ordnancesurvey.co.uk/id/7000000000041421,England,http://data.ordnancesurvey.co.uk/id/country/england,,,
CT195ET,http://data.ordnancesurvey.co.uk/id/postcodeunit/CT195ET,CT19 5ET,,,,other,Postcode,622524,136839,3500,18000,,,,,,,Folkestone,http://data.ordnancesurvey.co.uk/id/4000000074566736,http://www.ordnancesurvey.co.uk/xml/codelists/localtype.xml#town,Folkestone and Hythe,http://data.ordnancesurvey.co.uk/id/7000000000018085,http://data.ordnancesurvey.co.uk/ontology/admingeo/District,Kent,http://data.ordnancesurvey.co.uk/id/7000000000018210,http://data.ordnancesurvey.co.uk/ontology/admingeo/County,South East,http://data.ordnancesurvey.co.uk/id/7000000000041421,England,http://data.ordnancesurvey.co.uk/id/country/england,,,
CT187FS,http://data.ordnancesurvey.co.uk/id/postcodeunit/CT187FS,CT18 7FS,,,,other,Postcode,620522,139705,3500,18000,,,,,,,Hawkinge,http://data.ordnancesurvey.co.uk/id/4000000074566747,http://www.ordnancesurvey.co.uk/xml/codelists/localtype.xml#village,Folkestone and Hythe,http://data.ordnancesurvey.co.uk/id/7000000000018085,http://data.ordnancesurvey.co.uk/ontology/admingeo/District,Kent,http://data.ordnancesurvey.co.uk/id/7000000000018210,http://data.ordnancesurvey.co.uk/ontology/admingeo/County,South East,http://data.ordnancesurvey.co.uk/id/7000000000041421,England,http://data.ordnancesurvey.co.uk/id/country/england,,,
CT187PR,http://data.ordnancesurvey.co.uk/id/postcodeunit/CT187PR,CT18 7PR,,,,other,Postcode,621751,139386,3500,18000,,,,,,,Hawkinge,http://data.ordnancesurvey.co.uk/id/4000000074566747,http://www.ordnancesurvey.co.uk/xml/codelists/localtype.xml#village,Folkestone and Hythe,http://data.ordnancesurvey.co.uk/id/7000000000018085,http://data.ordnancesurvey.co.uk/ontology/admingeo/District,Kent,http://data.ordnancesurvey.co.uk/id/7000000000018210,http://data.ordnancesurvey.co.uk/ontology/admingeo/County,South East,http://data.ordnancesurvey.co.uk/id/7000000000041421,England,http://data.ordnancesurvey.co.uk/id/country/england,,,
CT209HY,http://data.ordnancesurvey.co.uk/id/postcodeunit/CT209HY,CT20 9HY,,,,other,Postcode,622641,135834,3500,18000,,,,,,,Folkestone,http://data.ordnancesurvey.co.uk/id/4000000074566736,http://www.ordnancesurvey.co.uk/xml/codelists/localtype.xml#town,Folkestone and Hythe,http://data.ordnancesurvey.co.uk/id/7000000000018085,http://data.ordnancesurvey.co.uk/ontology/admingeo/District,Kent,http://data.ordnancesurvey.co.uk/id/7000000000018210,http://data.ordnancesurvey.co.uk/ontology/admingeo/County,South East,http://data.ordnancesurvey.co.uk/id/7000000000041421,England,http://data.ordnancesurvey.co.uk/id/country/england,,,
CT196DY,http://data.ordnancesurvey.co.uk/id/postcodeunit/CT196DY,CT19 6DY,,,,other,Postcode,623932,136809,3500,18000,,,,,,,Folkestone,http://data.ordnancesurvey.co.uk/id/4000000074566736,http://www.ordnancesurvey.co.uk/xml/codelists/localtype.xml#town,Folkestone and Hythe,http://data.ordnancesurvey.co.uk/id/7000000000018085,http://data.ordnancesurvey.co.uk/ontology/admingeo/District,Kent,http://data.ordnancesurvey.co.uk/id/7000000000018210,http://data.ordnancesurvey.co.uk/ontology/admingeo/County,South East,http://data.ordnancesurvey.co.uk/id/7000000000041421,England,http://data.ordnancesurvey.co.uk/id/country/england,,,
CT201PH,http://data.ordnancesurvey.co.uk/id/postcodeunit/CT201PH,CT20 1PH,,,,other,Postcode,623330,136696,3500,18000,,,,,,,Folkestone,http://data.ordnancesurvey.co.uk/id/4000000074566736,http://www.ordnancesurvey.co.uk/xml/codelists/localtype.xml#town,Folkestone and Hythe,http://data.ordnancesurvey.co.uk/id/7000000000018085,http://data.ordnancesurvey.co.uk/ontology/admingeo/District,Kent,http://data.ordnancesurvey.co.uk/id/7000000000018210,http://data.ordnancesurvey.co.uk/ontology/admingeo/County,South East,http://data.ordnancesurvey.co.uk/id/7000000000041421,England,http://data.ordnancesurvey.co.uk/id/country/england,,,
CT201SP,http://data.ordnancesurvey.co.uk/id/postcodeunit/CT201SP,CT20 1SP,,,,other,Postcode,622863,135907,3500,18000,,,,,,,Folkestone,http://data.ordnancesurvey.co.uk/id/4000000074566736,http://www.ordnancesurvey.co.uk/xml/codelists/localtype.xml#town,Folkestone and Hythe,http://data.ordnancesurvey.co.uk/id/7000000000018085,http://data.ordnancesurvey.co.uk/ontology/admingeo/District,Kent,http://data.ordnancesurvey.co.uk/id/7000000000018210,http://data.ordnancesurvey.co.uk/ontology/admingeo/County,South East,http://data.ordnancesurvey.co.uk/id/7000000000041421,England,http://data.ordnancesurvey.co.uk/id/country/england,,,
CT196LH,http://data.ordnancesurvey.co.uk/id/postcodeunit/CT196LH,CT19 6LH,,,,other,Postcode,623041,137790,3500,18000,,,,,,,Folkestone,http://data.ordnancesurvey.co.uk/id/4000000074566736,http://www.ordnancesurvey.co.uk/xml/codelists/localtype.xml#town,Folkestone and Hythe,http://data.ordnancesurvey.co.uk/id/7000000000018085,http://data.ordnancesurvey.co.uk/ontology/admingeo/District,Kent,http://data.ordnancesurvey.co.uk/id/7000000000018210,http://data.ordnancesurvey.co.uk/ontology/admingeo/County,South East,http://data.ordnancesurvey.co.uk/id/7000000000041421,England,http://data.ordnancesurvey.co.uk/id/country/england,,,
CT187NJ,http://data.ordnancesurvey.co.uk/id/postcodeunit/CT187NJ,CT18 7NJ,,,,other,Postcode,620654,139669,3500,18000,,,,,,,Hawkinge,http://data.ordnancesurvey.co.uk/id/4000000074566747,http://www.ordnancesurvey.co.uk/xml/codelists/localtype.xml#village,Folkestone and Hythe,http://data.ordnancesurvey.co.uk/id/7000000000018085,http://data.ordnancesurvey.co.uk/ontology/admingeo/District,Kent,http://data.ordnancesurvey.co.uk/id/7000000000018210,http://data.ordnancesurvey.co.uk/ontology/admingeo/County,South East,http://data.ordnancesurvey.co.uk/id/7000000000041421,England,http://data.ordnancesurvey.co.uk/id/country/england,,,
CT187SY,http://data.ordnancesurvey.co.uk/id/postcodeunit/CT187SY,CT18 7SY,,,,other,Postcode,621264,139213,3500,18000,,,,,,,Hawkinge,http://data.ordnancesurvey.co.uk/id/4000000074566747,http://www.ordnancesurvey.co.uk/xml/codelists/localtype.xml#village,Folkestone and Hythe,http://data.ordnancesurvey.co.uk/id/7000000000018085,http://data.ordnancesurvey.co.uk/ontology/admingeo/District,Kent,http://data.ordnancesurvey.co.uk/id/7000000000018210,http://data.ordnancesurvey.co.uk/ontology/admingeo/County,South East,http://data.ordnancesurvey.co.uk/id/7000000000041421,England,http://data.ordnancesurvey.co.uk/id/country/england,,,
CT203AP,http://data.ordnancesurvey.co.uk/id/postcodeunit/CT203AP,CT20 3AP,,,,other,Postcode,620491,135216,3500,18000,,,,,,,Folkestone,http://data.ordnancesurvey.co.uk/id/4000000074566736,http://www.ordnancesurvey.co.uk/xml/codelists/localtype.xml#town,Folkestone and Hythe,http://data.ordnancesurvey.co.uk/id/7000000000018085,http://data.ordnancesurvey.co.uk/ontology/admingeo/District,Kent,http://data.ordnancesurvey.co.uk/id/7000000000018210,http://data.ordnancesurvey.co.uk/ontology/admingeo/County,South East,http://data.ordnancesurvey.co.uk/id/7000000000041421,England,http://data.ordnancesurvey.co.uk/id/country/england,,,
CT196QB,http://data.ordnancesurvey.co.uk/id/postcodeunit/CT196QB,CT19 6QB,,,,other,Postcode,623024,137699,3500,18000,,,,,,,Folkestone,http://data.ordnancesurvey.co.uk/id/4000000074566736,http://www.ordnancesurvey.co.uk/xml/codelists/localtype.xml#town,Folkestone and Hythe,http://data.ordnancesurvey.co.uk/id/7000000000018085,http://data.ordnancesurvey.co.uk/ontology/admingeo/District,Kent,http://data.ordnancesurvey.co.uk/id/7000000000018210,http://data.ordnancesurvey.co.uk/ontology/admingeo/County,South East,http://data.ordnancesurvey.co.uk/id/7000000000041421,England,http://data.ordnancesurvey.co.uk/id/country/england,,,
CT203HX,http://data.ordnancesurvey.co.uk/id/postcodeunit/CT203HX,CT20 3HX,,,,other,Postcode,620122,135140,3500,18000,,,,,,,Folkestone,http://data.ordnancesurvey.co.uk/id/4000000074566736,http://www.ordnancesurvey.co.uk/xml/codelists/localtype.xml#town,Folkestone and Hythe,http://data.ordnancesurvey.co.uk/id/7000000000018085,http://data.ordnancesurvey.co.uk/ontology/admingeo/District,Kent,http://data.ordnancesurvey.co.uk/id/7000000000018210,http://data.ordnancesurvey.co.uk/ontology/admingeo/County,South East,http://data.ordnancesurvey.co.uk/id/7000000000041421,England,http://data.ordnancesurvey.co.uk/id/country/england,,,
CT195PW,http://data.ordnancesurvey.co.uk/id/postcodeunit/CT195PW,CT19 5PW,,,,other,Postcode,622621,137096,3500,18000,,,,,,,Folkestone,http://data.ordnancesurvey.co.uk/id/4000000074566736,http://www.ordnancesurvey.co.uk/xml/codelists/localtype.xml#town,Folkestone and Hythe,http://data.ordnancesurvey.co.uk/id/7000000000018085,http://data.ordnancesurvey.co.uk/ontology/admingeo/District,Kent,http://data.ordnancesurvey.co.uk/id/7000000000018210,http://data.ordnancesurvey.co.uk/ontology/admingeo/County,South East,http://data.ordnancesurvey.co.uk/id/7000000000041421,England,http://data.ordnancesurvey.co.uk/id/country/england,,,
CT195NT,http://data.ordnancesurvey.co.uk/id/postcodeunit/CT195NT,CT19 5NT,,,,other,Postcode,622875,136961,3500,18000,,,,,,,Folkestone,http://data.ordnancesurvey.co.uk/id/4000000074566736,http://www.ordnancesurvey.co.uk/xml/codelists/localtype.xml#town,Folkestone and Hythe,http://data.ordnancesurvey.co.uk/id/7000000000018085,http://data.ordnancesurvey.co.uk/ontology/admingeo/District,Kent,http://data.ordnancesurvey.co.uk/id/7000000000018210,http://data.ordnancesurvey.co.uk/ontology/admingeo/County,South East,http://data.ordnancesurvey.co.uk/id/7000000000041421,England,http://data.ordnancesurvey.co.uk/id/country/england,,,
CT195HF,http://data.ordnancesurvey.co.uk/id/postcodeunit/CT195HF,CT19 5HF,,,,other,Postcode,621910,136369,3500,18000,,,,,,,Folkestone,http://data.ordnancesurvey.co.uk/id/4000000074566736,http://www.ordnancesurvey.co.uk/xml/codelists/localtype.xml#town,Folkestone and Hythe,http://data.ordnancesurvey.co.uk/id/7000000000018085,http://data.ordnancesurvey.co.uk/ontology/admingeo/District,Kent,http://data.ordnancesurvey.co.uk/id/7000000000018210,http://data.ordnancesurvey.co.uk/ontology/admingeo/County,South East,http://data.ordnancesurvey.co.uk/id/7000000000041421,England,http://data.ordnancesurvey.co.uk/id/country/england,,,
CT187AL,http://data.ordnancesurvey.co.uk/id/postcodeunit/CT187AL,CT18 7AL,,,,other,Postcode,622056,139250,3500,18000,,,,,,,Hawkinge,http://data.ordnancesurvey.co.uk/id/4000000074566747,http://www.ordnancesurvey.co.uk/xml/codelists/localtype.xml#village,Folkestone and Hythe,http://data.ordnancesurvey.co.uk/id/7000000000018085,http://data.ordnancesurvey.co.uk/ontology/admingeo/District,Kent,http://data.ordnancesurvey.co.uk/id/7000000000018210,http://data.ordnancesurvey.co.uk/ontology/admingeo/County,South East,http://data.ordnancesurvey.co.uk/id/7000000000041421,England,http://data.ordnancesurvey.co.uk/id/country/england,,,
CT195PS,http://data.ordnancesurvey.co.uk/id/postcodeunit/CT195PS,CT19 5PS,,,,other,Postcode,622498,137232,3500,18000,,,,,,,Folkestone,http://data.ordnancesurvey.co.uk/id/4000000074566736,http://www.ordnancesurvey.co.uk/xml/codelists/localtype.xml#town,Folkestone and Hythe,http://data.ordnancesurvey.co.uk/id/7000000000018085,http://data.ordnancesurvey.co.uk/ontology/admingeo/District,Kent,http://data.ordnancesurvey.co.uk/id/7000000000018210,http://data.ordnancesurvey.co.uk/ontology/admingeo/County,South East,http://data.ordnancesurvey.co.uk/id/7000000000041421,England,http://data.ordnancesurvey.co.uk/id/country/england,,,
CT201JE,http://data.ordnancesurvey.co.uk/id/postcodeunit/CT201JE,CT20 1JE,,,,other,Postcode,623020,136469,3500,18000,,,,,,,Folkestone,http://data.ordnancesurvey.co.uk/id/4000000074566736,http://www.ordnancesurvey.co.uk/xml/codelists/localtype.xml#town,Folkestone and Hythe,http://data.ordnancesurvey.co.uk/id/7000000000018085,http://data.ordnancesurvey.co.uk/ontology/admingeo/District,Kent,http://data.ordnancesurvey.co.uk/id/7000000000018210,http://data.ordnancesurvey.co.uk/ontology/admingeo/County,South East,http://data.ordnancesurvey.co.uk/id/7000000000041421,England,http://data.ordnancesurvey.co.uk/id/country/england,,,
CT201FB,http://data.ordnancesurvey.co.uk/id/postcodeunit/CT201FB,CT20 1FB,,,,other,Postcode,622835,135623,3500,18000,,,,,,,Folkestone,http://data.ordnancesurvey.co.uk/id/4000000074566736,http://www.ordnancesurvey.co.uk/xml/codelists/localtype.xml#town,Folkestone and Hythe,http://data.ordnancesurvey.co.uk/id/7000000000018085,http://data.ordnancesurvey.co.uk/ontology/admingeo/District,Kent,http://data.ordnancesurvey.co.uk/id/7000000000018210,http://data.ordnancesurvey.co.uk/ontology/admingeo/County,South East,http://data.ordnancesurvey.co.uk/id/7000000000041421,England,http://data.ordnancesurvey.co.uk/id/country/england,,,
CT202JE,http://data.ordnancesurvey.co.uk/id/postcodeunit/CT202JE,CT20 2JE,,,,other,Postcode,621086,135339,3500,18000,,,,,,,Folkestone,http://data.ordnancesurvey.co.uk/id/4000000074566736,http://www.ordnancesurvey.co.uk/xml/codelists/localtype.xml#town,Folkestone and Hythe,http://data.ordnancesurvey.co.uk/id/7000000000018085,http://data.ordnancesurvey.co.uk/ontology/admingeo/District,Kent,http://data.ordnancesurvey.co.uk/id/7000000000018210,http://data.ordnancesurvey.co.uk/ontology/admingeo/County,South East,http://data.ordnancesurvey.co.uk/id/7000000000041421,England,http://data.ordnancesurvey.co.uk/id/country/england,,,
CT201JY,http://data.ordnancesurvey.co.uk/id/postcodeunit/CT201JY,CT20 1JY,,,,other,Postcode,622918,136288,3500,18000,,,,,,,Folkestone,http://data.ordnancesurvey.co.uk/id/4000000074566736,http://www.ordnancesurvey.co.uk/xml/codelists/localtype.xml#town,Folkestone and Hythe,http://data.ordnancesurvey.co.uk/id/7000000000018085,http://data.ordnancesurvey.co.uk/ontology/admingeo/District,Kent,http://data.ordnancesurvey.co.uk/id/7000000000018210,http://data.ordnancesurvey.co.uk/ontology/admingeo/County,South East,http://data.ordnancesurvey.co.uk/id/7000000000041421,England,http://data.ordnancesurvey.co.uk/id/country/england,,,
CT202DJ,http://data.ordnancesurvey.co.uk/id/postcodeunit/CT202DJ,CT20 2DJ,,,,other,Postcode,622406,135576,3500,18000,,,,,,,Folkestone,http://data.ordnancesurvey.co.uk/id/4000000074566736,http://www.ordnancesurvey.co.uk/xml/codelists/localtype.xml#town,Folkestone and Hythe,http://data.ordnancesurvey.co.uk/id/7000000000018085,http://data.ordnancesurvey.co.uk/ontology/admingeo/District,Kent,http://data.ordnancesurvey.co.uk/id/7000000000018210,http://data.ordnancesurvey.co.uk/ontology/admingeo/County,South East,http://data.ordnancesurvey.co.uk/id/7000000000041421,England,http://data.ordnancesurvey.co.uk/id/country/england,,,
CT201GB,http://data.ordnancesurvey.co.uk/id/postcodeunit/CT201GB,CT20 1GB,,,,other,Postcode,622861,136308,3500,18000,,,,,,,Folkestone,http://data.ordnancesurvey.co.uk/id/4000000074566736,http://www.ordnancesurvey.co.uk/xml/codelists/localtype.xml#town,Folkestone and Hythe,http://data.ordnancesurvey.co.uk/id/7000000000018085,http://data.ordnancesurvey.co.uk/ontology/admingeo/District,Kent,http://data.ordnancesurvey.co.uk/id/7000000000018210,http://data.ordnancesurvey.co.uk/ontology/admingeo/County,South East,http://data.ordnancesurvey.co.uk/id/7000000000041421,England,http://data.ordnancesurvey.co.uk/id/country/england,,,
CT194PA,http://data.ordnancesurvey.co.uk/id/postcodeunit/CT194PA,CT19 4PA,,,,other,Postcode,620447,137229,3500,18000,,,,,,,Folkestone,http://data.ordnancesurvey.co.uk/id/4000000074566736,http://www.ordnancesurvey.co.uk/xml/codelists/localtype.xml#town,Folkestone and Hythe,http://data.ordnancesurvey.co.uk/id/7000000000018085,http://data.ordnancesurvey.co.uk/ontology/admingeo/District,Kent,http://data.ordnancesurvey.co.uk/id/7000000000018210,http://data.ordnancesurvey.co.uk/ontology/admingeo/County,South East,http://data.ordnancesurvey.co.uk/id/7000000000041421,England,http://data.ordnancesurvey.co.uk/id/country/england,,,
CT202LH,http://data.ordnancesurvey.co.uk/id/postcodeunit/CT202LH,CT20 2LH,,,,other,Postcode,621562,135543,3500,18000,,,,,,,Folkestone,http://data.ordnancesurvey.co.uk/id/4000000074566736,http://www.ordnancesurvey.co.uk/xml/codelists/localtype.xml#town,Folkestone and Hythe,http://data.ordnancesurvey.co.uk/id/7000000000018085,http://data.ordnancesurvey.co.uk/ontology/admingeo/District,Kent,http://data.ordnancesurvey.co.uk/id/7000000000018210,http://data.ordnancesurvey.co.uk/ontology/admingeo/County,South East,http://data.ordnancesurvey.co.uk/id/7000000000041421,England,http://data.ordnancesurvey.co.uk/id/country/england,,,
CT188AB,http://data.ordnancesurvey.co.uk/id/postcodeunit/CT188AB,CT18 8AB,,,,other,Postcode,620130,139998,3500,18000,,,,,,,,,,Folkestone and Hythe,http://data.ordnancesurvey.co.uk/id/7000000000018085,http://data.ordnancesurvey.co.uk/ontology/admingeo/District,Kent,http://data.ordnancesurvey.co.uk/id/7000000000018210,http://data.ordnancesurvey.co.uk/ontology/admingeo/County,South East,http://data.ordnancesurvey.co.uk/id/7000000000041421,England,http://data.ordnancesurvey.co.uk/id/country/england,,,
CT194DS,http://data.ordnancesurvey.co.uk/id/postcodeunit/CT194DS,CT19 4DS,,,,other,Postcode,620569,136718,3500,18000,,,,,,,Folkestone,http://data.ordnancesurvey.co.uk/id/4000000074566736,http://www.ordnancesurvey.co.uk/xml/codelists/localtype.xml#town,Folkestone and Hythe,http://data.ordnancesurvey.co.uk/id/7000000000018085,http://data.ordnancesurvey.co.uk/ontology/admingeo/District,Kent,http://data.ordnancesurvey.co.uk/id/7000000000018210,http://data.ordnancesurvey.co.uk/ontology/admingeo/County,South East,http://data.ordnancesurvey.co.uk/id/7000000000041421,England,http://data.ordnancesurvey.co.uk/id/country/england,,,
CT194ET,http://data.ordnancesurvey.co.uk/id/postcodeunit/CT194ET,CT19 4ET,,,,other,Postcode,620360,136775,3500,18000,,,,,,,Folkestone,http://data.ordnancesurvey.co.uk/id/4000000074566736,http://www.ordnancesurvey.co.uk/xml/codelists/localtype.xml#town,Folkestone and Hythe,http://data.ordnancesurvey.co.uk/id/7000000000018085,http://data.ordnancesurvey.co.uk/ontology/admingeo/District,Kent,http://data.ordnancesurvey.co.uk/id/7000000000018210,http://data.ordnancesurvey.co.uk/ontology/admingeo/County,South East,http://data.ordnancesurvey.co.uk/id/7000000000041421,England,http://data.ordnancesurvey.co.uk/id/country/england,,,
CT179HL,http://data.ordnancesurvey.co.uk/id/postcodeunit/CT179HL,CT17 9HL,,,,other,Postcode,630301,139908,3500,18000,,,,,,,Dover,http://data.ordnancesurvey.co.uk/id/4000000074568379,http://www.ordnancesurvey.co.uk/xml/codelists/localtype.xml#town,Dover,http://data.ordnancesurvey.co.uk/id/7000000000017977,http://data.ordnancesurvey.co.uk/ontology/admingeo/District,Kent,http://data.ordnancesurvey.co.uk/id/7000000000018210,http://data.ordnancesurvey.co.uk/ontology/admingeo/County,South East,http://data.ordnancesurvey.co.uk/id/7000000000041421,England,http://data.ordnancesurvey.co.uk/id/country/england,,,
CT203AW,http://data.ordnancesurvey.co.uk/id/postcodeunit/CT203AW,CT20 3AW,,,,other,Postcode,620459,135164,3500,18000,,,,,,,Folkestone,http://data.ordnancesurvey.co.uk/id/4000000074566736,http://www.ordnancesurvey.co.uk/xml/codelists/localtype.xml#town,Folkestone and Hythe,http://data.ordnancesurvey.co.uk/id/7000000000018085,http://data.ordnancesurvey.co.uk/ontology/admingeo/District,Kent,http://data.ordnancesurvey.co.uk/id/7000000000018210,http://data.ordnancesurvey.co.uk/ontology/admingeo/County,South East,http://data.ordnancesurvey.co.uk/id/7000000000041421,England,http://data.ordnancesurvey.co.uk/id/country/england,,,
CT202UR,http://data.ordnancesurvey.co.uk/id/postcodeunit/CT202UR,CT20 2UR,,,,other,Postcode,622397,136055,3500,18000,,,,,,,Folkestone,http://data.ordnancesurvey.co.uk/id/4000000074566736,http://www.ordnancesurvey.co.uk/xml/codelists/localtype.xml#town,Folkestone and Hythe,http://data.ordnancesurvey.co.uk/id/7000000000018085,http://data.ordnancesurvey.co.uk/ontology/admingeo/District,Kent,http://data.ordnancesurvey.co.uk/id/7000000000018210,http://data.ordnancesurvey.co.uk/ontology/admingeo/County,South East,http://data.ordnancesurvey.co.uk/id/7000000000041421,England,http://data.ordnancesurvey.co.uk/id/country/england,,,
CT187GE,http://data.ordnancesurvey.co.uk/id/postcodeunit/CT187GE,CT18 7GE,,,,other,Postcode,621086,139236,3500,18000,,,,,,,Hawkinge,http://data.ordnancesurvey.co.uk/id/4000000074566747,http://www.ordnancesurvey.co.uk/xml/codelists/localtype.xml#village,Folkestone and Hythe,http://data.ordnancesurvey.co.uk/id/7000000000018085,http://data.ordnancesurvey.co.uk/ontology/admingeo/District,Kent,http://data.ordnancesurvey.co.uk/id/7000000000018210,http://data.ordnancesurvey.co.uk/ontology/admingeo/County,South East,http://data.ordnancesurvey.co.uk/id/7000000000041421,England,http://data.ordnancesurvey.co.uk/id/country/england,,,
CT194AA,http://data.ordnancesurvey.co.uk/id/postcodeunit/CT194AA,CT19 4AA,,,,other,Postcode,621113,136470,3500,18000,,,,,,,Folkestone,http://data.ordnancesurvey.co.uk/id/4000000074566736,http://www.ordnancesurvey.co.uk/xml/codelists/localtype.xml#town,Folkestone and Hythe,http://data.ordnancesurvey.co.uk/id/7000000000018085,http://data.ordnancesurvey.co.uk/ontology/admingeo/District,Kent,http://data.ordnancesurvey.co.uk/id/7000000000018210,http://data.ordnancesurvey.co.uk/ontology/admingeo/County,South East,http://data.ordnancesurvey.co.uk/id/7000000000041421,England,http://data.ordnancesurvey.co.uk/id/country/england,,,
CT196PS,http://data.ordnancesurvey.co.uk/id/postcodeunit/CT196PS,CT19 6PS,,,,other,Postcode,624307,137732,3500,18000,,,,,,,,,,Folkestone and Hythe,http://data.ordnancesurvey.co.uk/id/7000000000018085,http://data.ordnancesurvey.co.uk/ontology/admingeo/District,Kent,http://data.ordnancesurvey.co.uk/id/7000000000018210,http://data.ordnancesurvey.co.uk/ontology/admingeo/County,South East,http://data.ordnancesurvey.co.uk/id/7000000000041421,England,http://data.ordnancesurvey.co.uk/id/country/england,,,
CT202LD,http://data.ordnancesurvey.co.uk/id/postcodeunit/CT202LD,CT20 2LD,,,,other,Postcode,621387,135697,3500,18000,,,,,,,Folkestone,http://data.ordnancesurvey.co.uk/id/4000000074566736,http://www.ordnancesurvey.co.uk/xml/codelists/localtype.xml#town,Folkestone and Hythe,http://data.ordnancesurvey.co.uk/id/7000000000018085,http://data.ordnancesurvey.co.uk/ontology/admingeo/District,Kent,http://data.ordnancesurvey.co.uk/id/7000000000018210,http://data.ordnancesurvey.co.uk/ontology/admingeo/County,South East,http://data.ordnancesurvey.co.uk/id/7000000000041421,England,http://data.ordnancesurvey.co.uk/id/country/england,,,
CT195DJ,http://data.ordnancesurvey.co.uk/id/postcodeunit/CT195DJ,CT19 5DJ,,,,other,Postcode,622462,137087,3500,18000,,,,,,,Folkestone,http://data.ordnancesurvey.co.uk/id/4000000074566736,http://www.ordnancesurvey.co.uk/xml/codelists/localtype.xml#town,Folkestone and Hythe,http://data.ordnancesurvey.co.uk/id/7000000000018085,http://data.ordnancesurvey.co.uk/ontology/admingeo/District,Kent,http://data.ordnancesurvey.co.uk/id/7000000000018210,http://data.ordnancesurvey.co.uk/ontology/admingeo/County,South East,http://data.ordnancesurvey.co.uk/id/7000000000041421,England,http://data.ordnancesurvey.co.uk/id/country/england,,,
CT203RS,http://data.ordnancesurvey.co.uk/id/postcodeunit/CT203RS,CT20 3RS,,,,other,Postcode,620250,135123,3500,18000,,,,,,,Folkestone,http://data.ordnancesurvey.co.uk/id/4000000074566736,http://www.ordnancesurvey.co.uk/xml/codelists/localtype.xml#town,Folkestone and Hythe,http://data.ordnancesurvey.co.uk/id/7000000000018085,http://data.ordnancesurvey.co.uk/ontology/admingeo/District,Kent,http://data.ordnancesurvey.co.uk/id/7000000000018210,http://data.ordnancesurvey.co.uk/ontology/admingeo/County,South East,http://data.ordnancesurvey.co.uk/id/7000000000041421,England,http://data.ordnancesurvey.co.uk/id/country/england,,,
CT202PB,http://data.ordnancesurvey.co.uk/id/postcodeunit/CT202PB,CT20 2PB,,,,other,Postcode,621009,136287,3500,18000,,,,,,,Folkestone,http://data.ordnancesurvey.co.uk/id/4000000074566736,http://www.ordnancesurvey.co.uk/xml/codelists/localtype.xml#town,Folkestone and Hythe,http://data.ordnancesurvey.co.uk/id/7000000000018085,http://data.ordnancesurvey.co.uk/ontology/admingeo/District,Kent,http://data.ordnancesurvey.co.uk/id/7000000000018210,http://data.ordnancesurvey.co.uk/ontology/admingeo/County,South East,http://data.ordnancesurvey.co.uk/id/7000000000041421,England,http://data.ordnancesurvey.co.uk/id/country/england,,,
CT194DH,http://data.ordnancesurvey.co.uk/id/postcodeunit/CT194DH,CT19 4DH,,,,other,Postcode,620188,136675,3500,18000,,,,,,,Folkestone,http://data.ordnancesurvey.co.uk/id/4000000074566736,http://www.ordnancesurvey.co.uk/xml/codelists/localtype.xml#town,Folkestone and Hythe,http://data.ordnancesurvey.co.uk/id/7000000000018085,http://data.ordnancesurvey.co.uk/ontology/admingeo/District,Kent,http://data.ordnancesurvey.co.uk/id/7000000000018210,http://data.ordnancesurvey.co.uk/ontology/admingeo/County,South East,http://data.ordnancesurvey.co.uk/id/7000000000041421,England,http://data.ordnancesurvey.co.uk/id/country/england,,,
CT187RB,http://data.ordnancesurvey.co.uk/id/postcodeunit/CT187RB,CT18 7RB,,,,other,Postcode,620833,139335,3500,18000,,,,,,,Hawkinge,http://data.ordnancesurvey.co.uk/id/4000000074566747,http://www.ordnancesurvey.co.uk/xml/codelists/localtype.xml#village,Folkestone and Hythe,http://data.ordnancesurvey.co.uk/id/7000000000018085,http://data.ordnancesurvey.co.uk/ontology/admingeo/District,Kent,http://data.ordnancesurvey.co.uk/id/7000000000018210,http://data.ordnancesurvey.co.uk/ontology/admingeo/County,South East,http://data.ordnancesurvey.co.uk/id/7000000000041421,England,http://data.ordnancesurvey.co.uk/id/country/england,,,
CT196HJ,http://data.ordnancesurvey.co.uk/id/postcodeunit/CT196HJ,CT19 6HJ,,,,other,Postcode,623130,137256,3500,18000,,,,,,,Folkestone,http://data.ordnancesurvey.co.uk/id/4000000074566736,http://www.ordnancesurvey.co.uk/xml/codelists/localtype.xml#town,Folkestone and Hythe,http://data.ordnancesurvey.co.uk/id/7000000000018085,http://data.ordnancesurvey.co.uk/ontology/admingeo/District,Kent,http://data.ordnancesurvey.co.uk/id/7000000000018210,http://data.ordnancesurvey.co.uk/ontology/admingeo/County,South East,http://data.ordnancesurvey.co.uk/id/7000000000041421,England,http://data.ordnancesurvey.co.uk/id/country/england,,,
CT201AX,http://data.ordnancesurvey.co.uk/id/postcodeunit/CT201AX,CT20 1AX,,,,other,Postcode,623392,136506,3500,18000,,,,,,,Folkestone,http://data.ordnancesurvey.co.uk/id/4000000074566736,http://www.ordnancesurvey.co.uk/xml/codelists/localtype.xml#town,Folkestone and Hythe,http://data.ordnancesurvey.co.uk/id/7000000000018085,http://data.ordnancesurvey.co.uk/ontology/admingeo/District,Kent,http://data.ordnancesurvey.co.uk/id/7000000000018210,http://data.ordnancesurvey.co.uk/ontology/admingeo/County,South East,http://data.ordnancesurvey.co.uk/id/7000000000041421,England,http://data.ordnancesurvey.co.uk/id/country/england,,,
CT195QG,http://data.ordnancesurvey.co.uk/id/postcodeunit/CT195QG,CT19 5QG,,,,other,Postcode,622804,137515,3500,18000,,,,,,,Folkestone,http://data.ordnancesurvey.co.uk/id/4000000074566736,http://www.ordnancesurvey.co.uk/xml/codelists/localtype.xml#town,Folkestone and Hythe,http://data.ordnancesurvey.co.uk/id/7000000000018085,http://data.ordnancesurvey.co.uk/ontology/admingeo/District,Kent,http://data.ordnancesurvey.co.uk/id/7000000000018210,http://data.ordnancesurvey.co.uk/ontology/admingeo/County,South East,http://data.ordnancesurvey.co.uk/id/7000000000041421,England,http://data.ordnancesurvey.co.uk/id/country/england,,,
CT195RQ,http://data.ordnancesurvey.co.uk/id/postcodeunit/CT195RQ,CT19 5RQ,,,,other,Postcode,622562,136878,3500,18000,,,,,,,Folkestone,http://data.ordnancesurvey.co.uk/id/4000000074566736,http://www.ordnancesurvey.co.uk/xml/codelists/localtype.xml#town,Folkestone and Hythe,http://data.ordnancesurvey.co.uk/id/7000000000018085,http://data.ordnancesurvey.co.uk/ontology/admingeo/District,Kent,http://data.ordnancesurvey.co.uk/id/7000000000018210,http://data.ordnancesurvey.co.uk/ontology/admingeo/County,South East,http://data.ordnancesurvey.co.uk/id/7000000000041421,England,http://data.ordnancesurvey.co.uk/id/country/england,,,
CT202RF,http://data.ordnancesurvey.co.uk/id/postcodeunit/CT202RF,CT20 2RF,,,,other,Postcode,621933,135968,3500,18000,,,,,,,Folkestone,http://data.ordnancesurvey.co.uk/id/4000000074566736,http://www.ordnancesurvey.co.uk/xml/codelists/localtype.xml#town,Folkestone and Hythe,http://data.ordnancesurvey.co.uk/id/7000000000018085,http://data.ordnancesurvey.co.uk/ontology/admingeo/District,Kent,http://data.ordnancesurvey.co.uk/id/7000000000018210,http://data.ordnancesurvey.co.uk/ontology/admingeo/County,South East,http://data.ordnancesurvey.co.uk/id/7000000000041421,England,http://data.ordnancesurvey.co.uk/id/country/england,,,
CT195DD,http://data.ordnancesurvey.co.uk/id/postcodeunit/CT195DD,CT19 5DD,,,,other,Postcode,622117,137124,3500,18000,,,,,,,Folkestone,http://data.ordnancesurvey.co.uk/id/4000000074566736,http://www.ordnancesurvey.co.uk/xml/codelists/localtype.xml#town,Folkestone and Hythe,http://data.ordnancesurvey.co.uk/id/7000000000018085,http://data.ordnancesurvey.co.uk/ontology/admingeo/District,Kent,http://data.ordnancesurvey.co.uk/id/7000000000018210,http://data.ordnancesurvey.co.uk/ontology/admingeo/County,South East,http://data.ordnancesurvey.co.uk/id/7000000000041421,England,http://data.ordnancesurvey.co.uk/id/country/england,,,
CT202HW,http://data.ordnancesurvey.co.uk/id/postcodeunit/CT202HW,CT20 2HW,,,,other,Postcode,621878,135539,3500,18000,,,,,,,Folkestone,http://data.ordnancesurvey.co.uk/id/4000000074566736,http://www.ordnancesurvey.co.uk/xml/codelists/localtype.xml#town,Folkestone and Hythe,http://data.ordnancesurvey.co.uk/id/7000000000018085,http://data.ordnancesurvey.co.uk/ontology/admingeo/District,Kent,http://data.ordnancesurvey.co.uk/id/7000000000018210,http://data.ordnancesurvey.co.uk/ontology/admingeo/County,South East,http://data.ordnancesurvey.co.uk/id/7000000000041421,England,http://data.ordnancesurvey.co.uk/id/country/england,,,
CT203RU,http://data.ordnancesurvey.co.uk/id/postcodeunit/CT203RU,CT20 3RU,,,,other,Postcode,620460,135235,3500,18000,,,,,,,Folkestone,http://data.ordnancesurvey.co.uk/id/4000000074566736,http://www.ordnancesurvey.co.uk/xml/codelists/localtype.xml#town,Folkestone and Hythe,http://data.ordnancesurvey.co.uk/id/7000000000018085,http://data.ordnancesurvey.co.uk/ontology/admingeo/District,Kent,http://data.ordnancesurvey.co.uk/id/7000000000018210,http://data.ordnancesurvey.co.uk/ontology/admingeo/County,South East,http://data.ordnancesurvey.co.uk/id/7000000000041421,England,http://data.ordnancesurvey.co.uk/id/country/england,,,
CT195BH,http://data.ordnancesurvey.co.uk/id/postcodeunit/CT195BH,CT19 5BH,,,,other,Postcode,622398,136638,3500,18000,,,,,,,Folkestone,http://data.ordnancesurvey.co.uk/id/4000000074566736,http://www.ordnancesurvey.co.uk/xml/codelists/localtype.xml#town,Folkestone and Hythe,http://data.ordnancesurvey.co.uk/id/7000000000018085,http://data.ordnancesurvey.co.uk/ontology/admingeo/District,Kent,http://data.ordnancesurvey.co.uk/id/7000000000018210,http://data.ordnancesurvey.co.uk/ontology/admingeo/County,South East,http://data.ordnancesurvey.co.uk/id/7000000000041421,England,http://data.ordnancesurvey.co.uk/id/country/england,,,
CT209TJ,http://data.ordnancesurvey.co.uk/id/postcodeunit/CT209TJ,CT20 9TJ,,,,other,Postcode,622119,135914,3500,18000,,,,,,,Folkestone,http://data.ordnancesurvey.co.uk/id/4000000074566736,http://www.ordnancesurvey.co.uk/xml/codelists/localtype.xml#town,Folkestone and Hythe,http://data.ordnancesurvey.co.uk/id/7000000000018085,http://data.ordnancesurvey.co.uk/ontology/admingeo/District,Kent,http://data.ordnancesurvey.co.uk/id/7000000000018210,http://data.ordnancesurvey.co.uk/ontology/admingeo/County,South East,http://data.ordnancesurvey.co.uk/id/7000000000041421,England,http://data.ordnancesurvey.co.uk/id/country/england,,,
CT196JJ,http://data.ordnancesurvey.co.uk/id/postcodeunit/CT196JJ,CT19 6JJ,,,,other,Postcode,623222,137252,3500,18000,,,,,,,Folkestone,http://data.ordnancesurvey.co.uk/id/4000000074566736,http://www.ordnancesurvey.co.uk/xml/codelists/localtype.xml#town,Folkestone and Hythe,http://data.ordnancesurvey.co.uk/id/7000000000018085,http://data.ordnancesurvey.co.uk/ontology/admingeo/District,Kent,http://data.ordnancesurvey.co.uk/id/7000000000018210,http://data.ordnancesurvey.co.uk/ontology/admingeo/County,South East,http://data.ordnancesurvey.co.uk/id/7000000000041421,England,http://data.ordnancesurvey.co.uk/id/country/england,,,
CT195AG,http://data.ordnancesurvey.co.uk/id/postcodeunit/CT195AG,CT19 5AG,,,,other,Postcode,622685,136587,3500,18000,,,,,,,Folkestone,http://data.ordnancesurvey.co.uk/id/4000000074566736,http://www.ordnancesurvey.co.uk/xml/codelists/localtype.xml#town,Folkestone and Hythe,http://data.ordnancesurvey.co.uk/id/7000000000018085,http://data.ordnancesurvey.co.uk/ontology/admingeo/District,Kent,http://data.ordnancesurvey.co.uk/id/7000000000018210,http://data.ordnancesurvey.co.uk/ontology/admingeo/County,South East,http://data.ordnancesurvey.co.uk/id/7000000000041421,England,http://data.ordnancesurvey.co.uk/id/country/england,,,
CT195AR,http://data.ordnancesurvey.co.uk/id/postcodeunit/CT195AR,CT19 5AR,,,,other,Postcode,622272,136330,3500,18000,,,,,,,Folkestone,http://data.ordnancesurvey.co.uk/id/4000000074566736,http://www.ordnancesurvey.co.uk/xml/codelists/localtype.xml#town,Folkestone and Hythe,http://data.ordnancesurvey.co.uk/id/7000000000018085,http://data.ordnancesurvey.co.uk/ontology/admingeo/District,Kent,http://data.ordnancesurvey.co.uk/id/7000000000018210,http://data.ordnancesurvey.co.uk/ontology/admingeo/County,South East,http://data.ordnancesurvey.co.uk/id/7000000000041421,England,http://data.ordnancesurvey.co.uk/id/country/england,,,
CT187QE,http://data.ordnancesurvey.co.uk/id/postcodeunit/CT187QE,CT18 7QE,,,,other,Postcode,620844,139284,3500,18000,,,,,,,Hawkinge,http://data.ordnancesurvey.co.uk/id/4000000074566747,http://www.ordnancesurvey.co.uk/xml/codelists/localtype.xml#village,Folkestone and Hythe,http://data.ordnancesurvey.co.uk/id/7000000000018085,http://data.ordnancesurvey.co.uk/ontology/admingeo/District,Kent,http://data.ordnancesurvey.co.uk/id/7000000000018210,http://data.ordnancesurvey.co.uk/ontology/admingeo/County,South East,http://data.ordnancesurvey.co.uk/id/7000000000041421,England,http://data.ordnancesurvey.co.uk/id/country/england,,,
CT195BY,http://data.ordnancesurvey.co.uk/id/postcodeunit/CT195BY,CT19 5BY,,,,other,Postcode,622307,136776,3500,18000,,,,,,,Folkestone,http://data.ordnancesurvey.co.uk/id/4000000074566736,http://www.ordnancesurvey.co.uk/xml/codelists/localtype.xml#town,Folkestone and Hythe,http://data.ordnancesurvey.co.uk/id/7000000000018085,http://data.ordnancesurvey.co.uk/ontology/admingeo/District,Kent,http://data.ordnancesurvey.co.uk/id/7000000000018210,http://data.ordnancesurvey.co.uk/ontology/admingeo/County,South East,http://data.ordnancesurvey.co.uk/id/7000000000041421,England,http://data.ordnancesurvey.co.uk/id/country/england,,,
CT187EG,http://data.ordnancesurvey.co.uk/id/postcodeunit/CT187EG,CT18 7EG,,,,other,Postcode,622691,138215,3500,18000,,,,,,,,,,Folkestone and Hythe,http://data.ordnancesurvey.co.uk/id/7000000000018085,http://data.ordnancesurvey.co.uk/ontology/admingeo/District,Kent,http://data.ordnancesurvey.co.uk/id/7000000000018210,http://data.ordnancesurvey.co.uk/ontology/admingeo/County,South East,http://data.ordnancesurvey.co.uk/id/7000000000041421,England,http://data.ordnancesurvey.co.uk/id/country/england,,,
CT203AH,http://data.ordnancesurvey.co.uk/id/postcodeunit/CT203AH,CT20 3AH,,,,other,Postcode,620513,135191,3500,18000,,,,,,,Folkestone,http://data.ordnancesurvey.co.uk/id/4000000074566736,http://www.ordnancesurvey.co.uk/xml/codelists/localtype.xml#town,Folkestone and Hythe,http://data.ordnancesurvey.co.uk/id/7000000000018085,http://data.ordnancesurvey.co.uk/ontology/admingeo/District,Kent,http://data.ordnancesurvey.co.uk/id/7000000000018210,http://data.ordnancesurvey.co.uk/ontology/admingeo/County,South East,http://data.ordnancesurvey.co.uk/id/7000000000041421,England,http://data.ordnancesurvey.co.uk/id/country/england,,,
CT196DE,http://data.ordnancesurvey.co.uk/id/postcodeunit/CT196DE,CT19 6DE,,,,other,Postcode,623568,136725,3500,18000,,,,,,,Folkestone,http://data.ordnancesurvey.co.uk/id/4000000074566736,http://www.ordnancesurvey.co.uk/xml/codelists/localtype.xml#town,Folkestone and Hythe,http://data.ordnancesurvey.co.uk/id/7000000000018085,http://data.ordnancesurvey.co.uk/ontology/admingeo/District,Kent,http://data.ordnancesurvey.co.uk/id/7000000000018210,http://data.ordnancesurvey.co.uk/ontology/admingeo/County,South East,http://data.ordnancesurvey.co.uk/id/7000000000041421,England,http://data.ordnancesurvey.co.uk/id/country/england,,,
CT203BH,http://data.ordnancesurvey.co.uk/id/postcodeunit/CT203BH,CT20 3BH,,,,other,Postcode,620393,135466,3500,18000,,,,,,,Folkestone,http://data.ordnancesurvey.co.uk/id/4000000074566736,http://www.ordnancesurvey.co.uk/xml/codelists/localtype.xml#town,Folkestone and Hythe,http://data.ordnancesurvey.co.uk/id/7000000000018085,http://data.ordnancesurvey.co.uk/ontology/admingeo/District,Kent,http://data.ordnancesurvey.co.uk/id/7000000000018210,http://data.ordnancesurvey.co.uk/ontology/admingeo/County,South East,http://data.ordnancesurvey.co.uk/id/7000000000041421,England,http://data.ordnancesurvey.co.uk/id/country/england,,,
CT202QJ,http://data.ordnancesurvey.co.uk/id/postcodeunit/CT202QJ,CT20 2QJ,,,,other,Postcode,622270,136193,3500,18000,,,,,,,Folkestone,http://data.ordnancesurvey.co.uk/id/4000000074566736,http://www.ordnancesurvey.co.uk/xml/codelists/localtype.xml#town,Folkestone and Hythe,http://data.ordnancesurvey.co.uk/id/7000000000018085,http://data.ordnancesurvey.co.uk/ontology/admingeo/District,Kent,http://data.ordnancesurvey.co.uk/id/7000000000018210,http://data.ordnancesurvey.co.uk/ontology/admingeo/County,South East,http://data.ordnancesurvey.co.uk/id/7000000000041421,England,http://data.ordnancesurvey.co.uk/id/country/england,,,
CT202ND,http://data.ordnancesurvey.co.uk/id/postcodeunit/CT202ND,CT20 2ND,,,,other,Postcode,621685,136129,3500,18000,,,,,,,Folkestone,http://data.ordnancesurvey.co.uk/id/4000000074566736,http://www.ordnancesurvey.co.uk/xml/codelists/localtype.xml#town,Folkestone and Hythe,http://data.ordnancesurvey.co.uk/id/7000000000018085,http://data.ordnancesurvey.co.uk/ontology/admingeo/District,Kent,http://data.ordnancesurvey.co.uk/id/7000000000018210,http://data.ordnancesurvey.co.uk/ontology/admingeo/County,South East,http://data.ordnancesurvey.co.uk/id/7000000000041421,England,http://data.ordnancesurvey.co.uk/id/country/england,,,
CT194AG,http://data.ordnancesurvey.co.uk/id/postcodeunit/CT194AG,CT19 4AG,,,,other,Postcode,620697,137086,3500,18000,,,,,,,Folkestone,http://data.ordnancesurvey.co.uk/id/4000000074566736,http://www.ordnancesurvey.co.uk/xml/codelists/localtype.xml#town,Folkestone and Hythe,http://data.ordnancesurvey.co.uk/id/7000000000018085,http://data.ordnancesurvey.co.uk/ontology/admingeo/District,Kent,http://data.ordnancesurvey.co.uk/id/7000000000018210,http://data.ordnancesurvey.co.uk/ontology/admingeo/County,South East,http://data.ordnancesurvey.co.uk/id/7000000000041421,England,http://data.ordnancesurvey.co.uk/id/country/england,,,
CT203QE,http://data.ordnancesurvey.co.uk/id/postcodeunit/CT203QE,CT20 3QE,,,,other,Postcode,620809,136334,3500,18000,,,,,,,Folkestone,http://data.ordnancesurvey.co.uk/id/4000000074566736,http://www.ordnancesurvey.co.uk/xml/codelists/localtype.xml#town,Folkestone and Hythe,http://data.ordnancesurvey.co.uk/id/7000000000018085,http://data.ordnancesurvey.co.uk/ontology/admingeo/District,Kent,http://data.ordnancesurvey.co.uk/id/7000000000018210,http://data.ordnancesurvey.co.uk/ontology/admingeo/County,South East,http://data.ordnancesurvey.co.uk/id/7000000000041421,England,http://data.ordnancesurvey.co.uk/id/country/england,,,
CT202BU,http://data.ordnancesurvey.co.uk/id/postcodeunit/CT202BU,CT20 2BU,,,,other,Postcode,622083,135981,3500,18000,,,,,,,Folkestone,http://data.ordnancesurvey.co.uk/id/4000000074566736,http://www.ordnancesurvey.co.uk/xml/codelists/localtype.xml#town,Folkestone and Hythe,http://data.ordnancesurvey.co.uk/id/7000000000018085,http://data.ordnancesurvey.co.uk/ontology/admingeo/District,Kent,http://data.ordnancesurvey.co.uk/id/7000000000018210,http://data.ordnancesurvey.co.uk/ontology/admingeo/County,South East,http://data.ordnancesurvey.co.uk/id/7000000000041421,England,http://data.ordnancesurvey.co.uk/id/country/england,,,
CT202QH,http://data.ordnancesurvey.co.uk/id/postcodeunit/CT202QH,CT20 2QH,,,,other,Postcode,622287,136172,3500,18000,,,,,,,Folkestone,http://data.ordnancesurvey.co.uk/id/4000000074566736,http://www.ordnancesurvey.co.uk/xml/codelists/localtype.xml#town,Folkestone and Hythe,http://data.ordnancesurvey.co.uk/id/7000000000018085,http://data.ordnancesurvey.co.uk/ontology/admingeo/District,Kent,http://data.ordnancesurvey.co.uk/id/7000000000018210,http://data.ordnancesurvey.co.uk/ontology/admingeo/County,South East,http://data.ordnancesurvey.co.uk/id/7000000000041421,England,http://data.ordnancesurvey.co.uk/id/country/england,,,
CT187EY,http://data.ordnancesurvey.co.uk/id/postcodeunit/CT187EY,CT18 7EY,,,,other,Postcode,625080,139552,3500,18000,,,,,,,Capel-le-Ferne,http://data.ordnancesurvey.co.uk/id/4000000074568384,http://www.ordnancesurvey.co.uk/xml/codelists/localtype.xml#village,Dover,http://data.ordnancesurvey.co.uk/id/7000000000017977,http://data.ordnancesurvey.co.uk/ontology/admingeo/District,Kent,http://data.ordnancesurvey.co.uk/id/7000000000018210,http://data.ordnancesurvey.co.uk/ontology/admingeo/County,South East,http://data.ordnancesurvey.co.uk/id/7000000000041421,England,http://data.ordnancesurvey.co.uk/id/country/england,,,
CT195SA,http://data.ordnancesurvey.co.uk/id/postcodeunit/CT195SA,CT19 5SA,,,,other,Postcode,622908,136778,3500,18000,,,,,,,Folkestone,http://data.ordnancesurvey.co.uk/id/4000000074566736,http://www.ordnancesurvey.co.uk/xml/codelists/localtype.xml#town,Folkestone and Hythe,http://data.ordnancesurvey.co.uk/id/7000000000018085,http://data.ordnancesurvey.co.uk/ontology/admingeo/District,Kent,http://data.ordnancesurvey.co.uk/id/7000000000018210,http://data.ordnancesurvey.co.uk/ontology/admingeo/County,South East,http://data.ordnancesurvey.co.uk/id/7000000000041421,England,http://data.ordnancesurvey.co.uk/id/country/england,,,
CT195SR,http://data.ordnancesurvey.co.uk/id/postcodeunit/CT195SR,CT19 5SR,,,,other,Postcode,622920,137020,3500,18000,,,,,,,Folkestone,http://data.ordnancesurvey.co.uk/id/4000000074566736,http://www.ordnancesurvey.co.uk/xml/codelists/localtype.xml#town,Folkestone and Hythe,http://data.ordnancesurvey.co.uk/id/7000000000018085,http://data.ordnancesurvey.co.uk/ontology/admingeo/District,Kent,http://data.ordnancesurvey.co.uk/id/7000000000018210,http://data.ordnancesurvey.co.uk/ontology/admingeo/County,South East,http://data.ordnancesurvey.co.uk/id/7000000000041421,England,http://data.ordnancesurvey.co.uk/id/country/england,,,
CT201WT,http://data.ordnancesurvey.co.uk/id/postcodeunit/CT201WT,CT20 1WT,,,,other,Postcode,623228,136404,3500,18000,,,,,,,Folkestone,http://data.ordnancesurvey.co.uk/id/4000000074566736,http://www.ordnancesurvey.co.uk/xml/codelists/localtype.xml#town,Folkestone and Hythe,http://data.ordnancesurvey.co.uk/id/7000000000018085,http://data.ordnancesurvey.co.uk/ontology/admingeo/District,Kent,http://data.ordnancesurvey.co.uk/id/7000000000018210,http://data.ordnancesurvey.co.uk/ontology/admingeo/County,South East,http://data.ordnancesurvey.co.uk/id/7000000000041421,England,http://data.ordnancesurvey.co.uk/id/country/england,,,
CT194FB,http://data.ordnancesurvey.co.uk/id/postcodeunit/CT194FB,CT19 4FB,,,,other,Postcode,620476,137280,3500,18000,,,,,,,Folkestone,http://data.ordnancesurvey.co.uk/id/4000000074566736,http://www.ordnancesurvey.co.uk/xml/codelists/localtype.xml#town,Folkestone and Hythe,http://data.ordnancesurvey.co.uk/id/7000000000018085,http://data.ordnancesurvey.co.uk/ontology/admingeo/District,Kent,http://data.ordnancesurvey.co.uk/id/7000000000018210,http://data.ordnancesurvey.co.uk/ontology/admingeo/County,South East,http://data.ordnancesurvey.co.uk/id/7000000000041421,England,http://data.ordnancesurvey.co.uk/id/country/england,,,
CT203RL,http://data.ordnancesurvey.co.uk/id/postcodeunit/CT203RL,CT20 3RL,,,,other,Postcode,620113,136539,3500,18000,,,,,,,Folkestone,http://data.ordnancesurvey.co.uk/id/4000000074566736,http://www.ordnancesurvey.co.uk/xml/codelists/localtype.xml#town,Folkestone and Hythe,http://data.ordnancesurvey.co.uk/id/7000000000018085,http://data.ordnancesurvey.co.uk/ontology/admingeo/District,Kent,http://data.ordnancesurvey.co.uk/id/7000000000018210,http://data.ordnancesurvey.co.uk/ontology/admingeo/County,South East,http://data.ordnancesurvey.co.uk/id/7000000000041421,England,http://data.ordnancesurvey.co.uk/id/country/england,,,
CT187EH,http://data.ordnancesurvey.co.uk/id/postcodeunit/CT187EH,CT18 7EH,,,,other,Postcode,622449,138913,3500,18000,,,,,,,,,,Folkestone and Hythe,http://data.ordnancesurvey.co.uk/id/7000000000018085,http://data.ordnancesurvey.co.uk/ontology/admingeo/District,Kent,http://data.ordnancesurvey.co.uk/id/7000000000018210,http://data.ordnancesurvey.co.uk/ontology/admingeo/County,South East,http://data.ordnancesurvey.co.uk/id/7000000000041421,England,http://data.ordnancesurvey.co.uk/id/country/england,,,
CT194NX,http://data.ordnancesurvey.co.uk/id/postcodeunit/CT194NX,CT19 4NX,,,,other,Postcode,620370,137224,3500,18000,,,,,,,Folkestone,http://data.ordnancesurvey.co.uk/id/4000000074566736,http://www.ordnancesurvey.co.uk/xml/codelists/localtype.xml#town,Folkestone and Hythe,http://data.ordnancesurvey.co.uk/id/7000000000018085,http://data.ordnancesurvey.co.uk/ontology/admingeo/District,Kent,http://data.ordnancesurvey.co.uk/id/7000000000018210,http://data.ordnancesurvey.co.uk/ontology/admingeo/County,South East,http://data.ordnancesurvey.co.uk/id/7000000000041421,England,http://data.ordnancesurvey.co.uk/id/country/england,,,
CT202UA,http://data.ordnancesurvey.co.uk/id/postcodeunit/CT202UA,CT20 2UA,,,,other,Postcode,621764,135772,3500,18000,,,,,,,Folkestone,http://data.ordnancesurvey.co.uk/id/4000000074566736,http://www.ordnancesurvey.co.uk/xml/codelists/localtype.xml#town,Folkestone and Hythe,http://data.ordnancesurvey.co.uk/id/7000000000018085,http://data.ordnancesurvey.co.uk/ontology/admingeo/District,Kent,http://data.ordnancesurvey.co.uk/id/7000000000018210,http://data.ordnancesurvey.co.uk/ontology/admingeo/County,South East,http://data.ordnancesurvey.co.uk/id/7000000000041421,England,http://data.ordnancesurvey.co.uk/id/country/england,,,
CT202EL,http://data.ordnancesurvey.co.uk/id/postcodeunit/CT202EL,CT20 2EL,,,,other,Postcode,622052,135451,3500,18000,,,,,,,Folkestone,http://data.ordnancesurvey.co.uk/id/4000000074566736,http://www.ordnancesurvey.co.uk/xml/codelists/localtype.xml#town,Folkestone and Hythe,http://data.ordnancesurvey.co.uk/id/7000000000018085,http://data.ordnancesurvey.co.uk/ontology/admingeo/District,Kent,http://data.ordnancesurvey.co.uk/id/7000000000018210,http://data.ordnancesurvey.co.uk/ontology/admingeo/County,South East,http://data.ordnancesurvey.co.uk/id/7000000000041421,England,http://data.ordnancesurvey.co.uk/id/country/england,,,
CT196DT,http://data.ordnancesurvey.co.uk/id/postcodeunit/CT196DT,CT19 6DT,,,,other,Postcode,623799,136916,3500,18000,,,,,,,Folkestone,http://data.ordnancesurvey.co.uk/id/4000000074566736,http://www.ordnancesurvey.co.uk/xml/codelists/localtype.xml#town,Folkestone and Hythe,http://data.ordnancesurvey.co.uk/id/7000000000018085,http://data.ordnancesurvey.co.uk/ontology/admingeo/District,Kent,http://data.ordnancesurvey.co.uk/id/7000000000018210,http://data.ordnancesurvey.co.uk/ontology/admingeo/County,South East,http://data.ordnancesurvey.co.uk/id/7000000000041421,England,http://data.ordnancesurvey.co.uk/id/country/england,,,
CT196BZ,http://data.ordnancesurvey.co.uk/id/postcodeunit/CT196BZ,CT19 6BZ,,,,other,Postcode,623467,136423,3500,18000,,,,,,,Folkestone,http://data.ordnancesurvey.co.uk/id/4000000074566736,http://www.ordnancesurvey.co.uk/xml/codelists/localtype.xml#town,Folkestone and Hythe,http://data.ordnancesurvey.co.uk/id/7000000000018085,http://data.ordnancesurvey.co.uk/ontology/admingeo/District,Kent,http://data.ordnancesurvey.co.uk/id/7000000000018210,http://data.ordnancesurvey.co.uk/ontology/admingeo/County,South East,http://data.ordnancesurvey.co.uk/id/7000000000041421,England,http://data.ordnancesurvey.co.uk/id/country/england,,,
CT195QZ,http://data.ordnancesurvey.co.uk/id/postcodeunit/CT195QZ,CT19 5QZ,,,,other,Postcode,622623,136944,3500,18000,,,,,,,Folkestone,http://data.ordnancesurvey.co.uk/id/4000000074566736,http://www.ordnancesurvey.co.uk/xml/codelists/localtype.xml#town,Folkestone and Hythe,http://data.ordnancesurvey.co.uk/id/7000000000018085,http://data.ordnancesurvey.co.uk/ontology/admingeo/District,Kent,http://data.ordnancesurvey.co.uk/id/7000000000018210,http://data.ordnancesurvey.co.uk/ontology/admingeo/County,South East,http://data.ordnancesurvey.co.uk/id/7000000000041421,England,http://data.ordnancesurvey.co.uk/id/country/england,,,
CT201DZ,http://data.ordnancesurvey.co.uk/id/postcodeunit/CT201DZ,CT20 1DZ,,,,other,Postcode,622861,136032,3500,18000,,,,,,,Folkestone,http://data.ordnancesurvey.co.uk/id/4000000074566736,http://www.ordnancesurvey.co.uk/xml/codelists/localtype.xml#town,Folkestone and Hythe,http://data.ordnancesurvey.co.uk/id/7000000000018085,http://data.ordnancesurvey.co.uk/ontology/admingeo/District,Kent,http://data.ordnancesurvey.co.uk/id/7000000000018210,http://data.ordnancesurvey.co.uk/ontology/admingeo/County,South East,http://data.ordnancesurvey.co.uk/id/7000000000041421,England,http://data.ordnancesurvey.co.uk/id/country/england,,,
CT187BF,http://data.ordnancesurvey.co.uk/id/postcodeunit/CT187BF,CT18 7BF,,,,other,Postcode,620623,139539,3500,18000,,,,,,,Hawkinge,http://data.ordnancesurvey.co.uk/id/4000000074566747,http://www.ordnancesurvey.co.uk/xml/codelists/localtype.xml#village,Folkestone and Hythe,http://data.ordnancesurvey.co.uk/id/7000000000018085,http://data.ordnancesurvey.co.uk/ontology/admingeo/District,Kent,http://data.ordnancesurvey.co.uk/id/7000000000018210,http://data.ordnancesurvey.co.uk/ontology/admingeo/County,South East,http://data.ordnancesurvey.co.uk/id/7000000000041421,England,http://data.ordnancesurvey.co.uk/id/country/england,,,
CT196AP,http://data.ordnancesurvey.co.uk/id/postcodeunit/CT196AP,CT19 6AP,,,,other,Postcode,623375,136301,3500,18000,,,,,,,Folkestone,http://data.ordnancesurvey.co.uk/id/4000000074566736,http://www.ordnancesurvey.co.uk/xml/codelists/localtype.xml#town,Folkestone and Hythe,http://data.ordnancesurvey.co.uk/id/7000000000018085,http://data.ordnancesurvey.co.uk/ontology/admingeo/District,Kent,http://data.ordnancesurvey.co.uk/id/7000000000018210,http://data.ordnancesurvey.co.uk/ontology/admingeo/County,South East,http://data.ordnancesurvey.co.uk/id/7000000000041421,England,http://data.ordnancesurvey.co.uk/id/country/england,,,
CT196DL,http://data.ordnancesurvey.co.uk/id/postcodeunit/CT196DL,CT19 6DL,,,,other,Postcode,623649,136697,3500,18000,,,,,,,Folkestone,http://data.ordnancesurvey.co.uk/id/4000000074566736,http://www.ordnancesurvey.co.uk/xml/codelists/localtype.xml#town,Folkestone and Hythe,http://data.ordnancesurvey.co.uk/id/7000000000018085,http://data.ordnancesurvey.co.uk/ontology/admingeo/District,Kent,http://data.ordnancesurvey.co.uk/id/7000000000018210,http://data.ordnancesurvey.co.uk/ontology/admingeo/County,South East,http://data.ordnancesurvey.co.uk/id/7000000000041421,England,http://data.ordnancesurvey.co.uk/id/country/england,,,
CT202LQ,http://data.ordnancesurvey.co.uk/id/postcodeunit/CT202LQ,CT20 2LQ,,,,other,Postcode,621436,135553,3500,18000,,,,,,,Folkestone,http://data.ordnancesurvey.co.uk/id/4000000074566736,http://www.ordnancesurvey.co.uk/xml/codelists/localtype.xml#town,Folkestone and Hythe,http://data.ordnancesurvey.co.uk/id/7000000000018085,http://data.ordnancesurvey.co.uk/ontology/admingeo/District,Kent,http://data.ordnancesurvey.co.uk/id/7000000000018210,http://data.ordnancesurvey.co.uk/ontology/admingeo/County,South East,http://data.ordnancesurvey.co.uk/id/7000000000041421,England,http://data.ordnancesurvey.co.uk/id/country/england,,,
CT202BY,http://data.ordnancesurvey.co.uk/id/postcodeunit/CT202BY,CT20 2BY,,,,other,Postcode,622363,135700,3500,18000,,,,,,,Folkestone,http://data.ordnancesurvey.co.uk/id/4000000074566736,http://www.ordnancesurvey.co.uk/xml/codelists/localtype.xml#town,Folkestone and Hythe,http://data.ordnancesurvey.co.uk/id/7000000000018085,http://data.ordnancesurvey.co.uk/ontology/admingeo/District,Kent,http://data.ordnancesurvey.co.uk/id/7000000000018210,http://data.ordnancesurvey.co.uk/ontology/admingeo/County,South East,http://data.ordnancesurvey.co.uk/id/7000000000041421,England,http://data.ordnancesurvey.co.uk/id/country/england,,,
CT187HU,http://data.ordnancesurvey.co.uk/id/postcodeunit/CT187HU,CT18 7HU,,,,other,Postcode,625718,138610,3500,18000,,,,,,,Capel-le-Ferne,http://data.ordnancesurvey.co.uk/id/4000000074568384,http://www.ordnancesurvey.co.uk/xml/codelists/localtype.xml#village,Dover,http://data.ordnancesurvey.co.uk/id/7000000000017977,http://data.ordnancesurvey.co.uk/ontology/admingeo/District,Kent,http://data.ordnancesurvey.co.uk/id/7000000000018210,http://data.ordnancesurvey.co.uk/ontology/admingeo/County,South East,http://data.ordnancesurvey.co.uk/id/7000000000041421,England,http://data.ordnancesurvey.co.uk/id/country/england,,,
CT209SJ,http://data.ordnancesurvey.co.uk/id/postcodeunit/CT209SJ,CT20 9SJ,,,,other,Postcode,622119,135914,3500,18000,,,,,,,Folkestone,http://data.ordnancesurvey.co.uk/id/4000000074566736,http://www.ordnancesurvey.co.uk/xml/codelists/localtype.xml#town,Folkestone and Hythe,http://data.ordnancesurvey.co.uk/id/7000000000018085,http://data.ordnancesurvey.co.uk/ontology/admingeo/District,Kent,http://data.ordnancesurvey.co.uk/id/7000000000018210,http://data.ordnancesurvey.co.uk/ontology/admingeo/County,South East,http://data.ordnancesurvey.co.uk/id/7000000000041421,England,http://data.ordnancesurvey.co.uk/id/country/england,,,
CT194BJ,http://data.ordnancesurvey.co.uk/id/postcodeunit/CT194BJ,CT19 4BJ,,,,other,Postcode,620603,136605,3500,18000,,,,,,,Folkestone,http://data.ordnancesurvey.co.uk/id/4000000074566736,http://www.ordnancesurvey.co.uk/xml/codelists/localtype.xml#town,Folkestone and Hythe,http://data.ordnancesurvey.co.uk/id/7000000000018085,http://data.ordnancesurvey.co.uk/ontology/admingeo/District,Kent,http://data.ordnancesurvey.co.uk/id/7000000000018210,http://data.ordnancesurvey.co.uk/ontology/admingeo/County,South East,http://data.ordnancesurvey.co.uk/id/7000000000041421,England,http://data.ordnancesurvey.co.uk/id/country/england,,,
CT203PE,http://data.ordnancesurvey.co.uk/id/postcodeunit/CT203PE,CT20 3PE,,,,other,Postcode,620706,136423,3500,18000,,,,,,,Folkestone,http://data.ordnancesurvey.co.uk/id/4000000074566736,http://www.ordnancesurvey.co.uk/xml/codelists/localtype.xml#town,Folkestone and Hythe,http://data.ordnancesurvey.co.uk/id/7000000000018085,http://data.ordnancesurvey.co.uk/ontology/admingeo/District,Kent,http://data.ordnancesurvey.co.uk/id/7000000000018210,http://data.ordnancesurvey.co.uk/ontology/admingeo/County,South East,http://data.ordnancesurvey.co.uk/id/7000000000041421,England,http://data.ordnancesurvey.co.uk/id/country/england,,,
CT195JG,http://data.ordnancesurvey.co.uk/id/postcodeunit/CT195JG,CT19 5JG,,,,other,Postcode,621768,137006,3500,18000,,,,,,,Folkestone,http://data.ordnancesurvey.co.uk/id/4000000074566736,http://www.ordnancesurvey.co.uk/xml/codelists/localtype.xml#town,Folkestone and Hythe,http://data.ordnancesurvey.co.uk/id/7000000000018085,http://data.ordnancesurvey.co.uk/ontology/admingeo/District,Kent,http://data.ordnancesurvey.co.uk/id/7000000000018210,http://data.ordnancesurvey.co.uk/ontology/admingeo/County,South East,http://data.ordnancesurvey.co.uk/id/7000000000041421,England,http://data.ordnancesurvey.co.uk/id/country/england,,,
CT187SN,http://data.ordnancesurvey.co.uk/id/postcodeunit/CT187SN,CT18 7SN,,,,other,Postcode,620845,139133,3500,18000,,,,,,,Hawkinge,http://data.ordnancesurvey.co.uk/id/4000000074566747,http://www.ordnancesurvey.co.uk/xml/codelists/localtype.xml#village,Folkestone and Hythe,http://data.ordnancesurvey.co.uk/id/7000000000018085,http://data.ordnancesurvey.co.uk/ontology/admingeo/District,Kent,http://data.ordnancesurvey.co.uk/id/7000000000018210,http://data.ordnancesurvey.co.uk/ontology/admingeo/County,South East,http://data.ordnancesurvey.co.uk/id/7000000000041421,England,http://data.ordnancesurvey.co.uk/id/country/england,,,
CT203BP,http://data.ordnancesurvey.co.uk/id/postcodeunit/CT203BP,CT20 3BP,,,,other,Postcode,620325,135807,3500,18000,,,,,,,Folkestone,http://data.ordnancesurvey.co.uk/id/4000000074566736,http://www.ordnancesurvey.co.uk/xml/codelists/localtype.xml#town,Folkestone and Hythe,http://data.ordnancesurvey.co.uk/id/7000000000018085,http://data.ordnancesurvey.co.uk/ontology/admingeo/District,Kent,http://data.ordnancesurvey.co.uk/id/7000000000018210,http://data.ordnancesurvey.co.uk/ontology/admingeo/County,South East,http://data.ordnancesurvey.co.uk/id/7000000000041421,England,http://data.ordnancesurvey.co.uk/id/country/england,,,
CT203BU,http://data.ordnancesurvey.co.uk/id/postcodeunit/CT203BU,CT20 3BU,,,,other,Postcode,620529,135246,3500,18000,,,,,,,Folkestone,http://data.ordnancesurvey.co.uk/id/4000000074566736,http://www.ordnancesurvey.co.uk/xml/codelists/localtype.xml#town,Folkestone and Hythe,http://data.ordnancesurvey.co.uk/id/7000000000018085,http://data.ordnancesurvey.co.uk/ontology/admingeo/District,Kent,http://data.ordnancesurvey.co.uk/id/7000000000018210,http://data.ordnancesurvey.co.uk/ontology/admingeo/County,South East,http://data.ordnancesurvey.co.uk/id/7000000000041421,England,http://data.ordnancesurvey.co.uk/id/country/england,,,
CT196EG,http://data.ordnancesurvey.co.uk/id/postcodeunit/CT196EG,CT19 6EG,,,,other,Postcode,623251,136980,3500,18000,,,,,,,Folkestone,http://data.ordnancesurvey.co.uk/id/4000000074566736,http://www.ordnancesurvey.co.uk/xml/codelists/localtype.xml#town,Folkestone and Hythe,http://data.ordnancesurvey.co.uk/id/7000000000018085,http://data.ordnancesurvey.co.uk/ontology/admingeo/District,Kent,http://data.ordnancesurvey.co.uk/id/7000000000018210,http://data.ordnancesurvey.co.uk/ontology/admingeo/County,South East,http://data.ordnancesurvey.co.uk/id/7000000000041421,England,http://data.ordnancesurvey.co.uk/id/country/england,,,
CT195DE,http://data.ordnancesurvey.co.uk/id/postcodeunit/CT195DE,CT19 5DE,,,,other,Postcode,621986,137112,3500,18000,,,,,,,Folkestone,http://data.ordnancesurvey.co.uk/id/4000000074566736,http://www.ordnancesurvey.co.uk/xml/codelists/localtype.xml#town,Folkestone and Hythe,http://data.ordnancesurvey.co.uk/id/7000000000018085,http://data.ordnancesurvey.co.uk/ontology/admingeo/District,Kent,http://data.ordnancesurvey.co.uk/id/7000000000018210,http://data.ordnancesurvey.co.uk/ontology/admingeo/County,South East,http://data.ordnancesurvey.co.uk/id/7000000000041421,England,http://data.ordnancesurvey.co.uk/id/country/england,,,
CT201BJ,http://data.ordnancesurvey.co.uk/id/postcodeunit/CT201BJ,CT20 1BJ,,,,other,Postcode,622784,135848,3500,18000,,,,,,,Folkestone,http://data.ordnancesurvey.co.uk/id/4000000074566736,http://www.ordnancesurvey.co.uk/xml/codelists/localtype.xml#town,Folkestone and Hythe,http://data.ordnancesurvey.co.uk/id/7000000000018085,http://data.ordnancesurvey.co.uk/ontology/admingeo/District,Kent,http://data.ordnancesurvey.co.uk/id/7000000000018210,http://data.ordnancesurvey.co.uk/ontology/admingeo/County,South East,http://data.ordnancesurvey.co.uk/id/7000000000041421,England,http://data.ordnancesurvey.co.uk/id/country/england,,,
CT195DQ,http://data.ordnancesurvey.co.uk/id/postcodeunit/CT195DQ,CT19 5DQ,,,,other,Postcode,622443,137202,3500,18000,,,,,,,Folkestone,http://data.ordnancesurvey.co.uk/id/4000000074566736,http://www.ordnancesurvey.co.uk/xml/codelists/localtype.xml#town,Folkestone and Hythe,http://data.ordnancesurvey.co.uk/id/7000000000018085,http://data.ordnancesurvey.co.uk/ontology/admingeo/District,Kent,http://data.ordnancesurvey.co.uk/id/7000000000018210,http://data.ordnancesurvey.co.uk/ontology/admingeo/County,South East,http://data.ordnancesurvey.co.uk/id/7000000000041421,England,http://data.ordnancesurvey.co.uk/id/country/england,,,
CT209JW,http://data.ordnancesurvey.co.uk/id/postcodeunit/CT209JW,CT20 9JW,,,,other,Postcode,622641,135834,3500,18000,,,,,,,Folkestone,http://data.ordnancesurvey.co.uk/id/4000000074566736,http://www.ordnancesurvey.co.uk/xml/codelists/localtype.xml#town,Folkestone and Hythe,http://data.ordnancesurvey.co.uk/id/7000000000018085,http://data.ordnancesurvey.co.uk/ontology/admingeo/District,Kent,http://data.ordnancesurvey.co.uk/id/7000000000018210,http://data.ordnancesurvey.co.uk/ontology/admingeo/County,South East,http://data.ordnancesurvey.co.uk/id/7000000000041421,England,http://data.ordnancesurvey.co.uk/id/country/england,,,
CT201AJ,http://data.ordnancesurvey.co.uk/id/postcodeunit/CT201AJ,CT20 1AJ,,,,other,Postcode,623176,136088,3500,18000,,,,,,,Folkestone,http://data.ordnancesurvey.co.uk/id/4000000074566736,http://www.ordnancesurvey.co.uk/xml/codelists/localtype.xml#town,Folkestone and Hythe,http://data.ordnancesurvey.co.uk/id/7000000000018085,http://data.ordnancesurvey.co.uk/ontology/admingeo/District,Kent,http://data.ordnancesurvey.co.uk/id/7000000000018210,http://data.ordnancesurvey.co.uk/ontology/admingeo/County,South East,http://data.ordnancesurvey.co.uk/id/7000000000041421,England,http://data.ordnancesurvey.co.uk/id/country/england,,,
CT201NP,http://data.ordnancesurvey.co.uk/id/postcodeunit/CT201NP,CT20 1NP,,,,other,Postcode,623255,136565,3500,18000,,,,,,,Folkestone,http://data.ordnancesurvey.co.uk/id/4000000074566736,http://www.ordnancesurvey.co.uk/xml/codelists/localtype.xml#town,Folkestone and Hythe,http://data.ordnancesurvey.co.uk/id/7000000000018085,http://data.ordnancesurvey.co.uk/ontology/admingeo/District,Kent,http://data.ordnancesurvey.co.uk/id/7000000000018210,http://data.ordnancesurvey.co.uk/ontology/admingeo/County,South East,http://data.ordnancesurvey.co.uk/id/7000000000041421,England,http://data.ordnancesurvey.co.uk/id/country/england,,,
CT194JH,http://data.ordnancesurvey.co.uk/id/postcodeunit/CT194JH,CT19 4JH,,,,other,Postcode,620114,136682,3500,18000,,,,,,,Folkestone,http://data.ordnancesurvey.co.uk/id/4000000074566736,http://www.ordnancesurvey.co.uk/xml/codelists/localtype.xml#town,Folkestone and Hythe,http://data.ordnancesurvey.co.uk/id/7000000000018085,http://data.ordnancesurvey.co.uk/ontology/admingeo/District,Kent,http://data.ordnancesurvey.co.uk/id/7000000000018210,http://data.ordnancesurvey.co.uk/ontology/admingeo/County,South East,http://data.ordnancesurvey.co.uk/id/7000000000041421,England,http://data.ordnancesurvey.co.uk/id/country/england,,,
CT201PG,http://data.ordnancesurvey.co.uk/id/postcodeunit/CT201PG,CT20 1PG,,,,other,Postcode,623382,136587,3500,18000,,,,,,,Folkestone,http://data.ordnancesurvey.co.uk/id/4000000074566736,http://www.ordnancesurvey.co.uk/xml/codelists/localtype.xml#town,Folkestone and Hythe,http://data.ordnancesurvey.co.uk/id/7000000000018085,http://data.ordnancesurvey.co.uk/ontology/admingeo/District,Kent,http://data.ordnancesurvey.co.uk/id/7000000000018210,http://data.ordnancesurvey.co.uk/ontology/admingeo/County,South East,http://data.ordnancesurvey.co.uk/id/7000000000041421,England,http://data.ordnancesurvey.co.uk/id/country/england,,,
CT195TW,http://data.ordnancesurvey.co.uk/id/postcodeunit/CT195TW,CT19 5TW,,,,other,Postcode,621483,137053,3500,18000,,,,,,,Folkestone,http://data.ordnancesurvey.co.uk/id/4000000074566736,http://www.ordnancesurvey.co.uk/xml/codelists/localtype.xml#town,Folkestone and Hythe,http://data.ordnancesurvey.co.uk/id/7000000000018085,http://data.ordnancesurvey.co.uk/ontology/admingeo/District,Kent,http://data.ordnancesurvey.co.uk/id/7000000000018210,http://data.ordnancesurvey.co.uk/ontology/admingeo/County,South East,http://data.ordnancesurvey.co.uk/id/7000000000041421,England,http://data.ordnancesurvey.co.uk/id/country/england,,,
CT201RE,http://data.ordnancesurvey.co.uk/id/postcodeunit/CT201RE,CT20 1RE,,,,other,Postcode,623327,136390,3500,18000,,,,,,,Folkestone,http://data.ordnancesurvey.co.uk/id/4000000074566736,http://www.ordnancesurvey.co.uk/xml/codelists/localtype.xml#town,Folkestone and Hythe,http://data.ordnancesurvey.co.uk/id/7000000000018085,http://data.ordnancesurvey.co.uk/ontology/admingeo/District,Kent,http://data.ordnancesurvey.co.uk/id/7000000000018210,http://data.ordnancesurvey.co.uk/ontology/admingeo/County,South East,http://data.ordnancesurvey.co.uk/id/7000000000041421,England,http://data.ordnancesurvey.co.uk/id/country/england,,,
CT202LL,http://data.ordnancesurvey.co.uk/id/postcodeunit/CT202LL,CT20 2LL,,,,other,Postcode,621488,135502,3500,18000,,,,,,,Folkestone,http://data.ordnancesurvey.co.uk/id/4000000074566736,http://www.ordnancesurvey.co.uk/xml/codelists/localtype.xml#town,Folkestone and Hythe,http://data.ordnancesurvey.co.uk/id/7000000000018085,http://data.ordnancesurvey.co.uk/ontology/admingeo/District,Kent,http://data.ordnancesurvey.co.uk/id/7000000000018210,http://data.ordnancesurvey.co.uk/ontology/admingeo/County,South East,http://data.ordnancesurvey.co.uk/id/7000000000041421,England,http://data.ordnancesurvey.co.uk/id/country/england,,,
CT195BW,http://data.ordnancesurvey.co.uk/id/postcodeunit/CT195BW,CT19 5BW,,,,other,Postcode,622361,136647,3500,18000,,,,,,,Folkestone,http://data.ordnancesurvey.co.uk/id/4000000074566736,http://www.ordnancesurvey.co.uk/xml/codelists/localtype.xml#town,Folkestone and Hythe,http://data.ordnancesurvey.co.uk/id/7000000000018085,http://data.ordnancesurvey.co.uk/ontology/admingeo/District,Kent,http://data.ordnancesurvey.co.uk/id/7000000000018210,http://data.ordnancesurvey.co.uk/ontology/admingeo/County,South East,http://data.ordnancesurvey.co.uk/id/7000000000041421,England,http://data.ordnancesurvey.co.uk/id/country/england,,,
CT202ET,http://data.ordnancesurvey.co.uk/id/postcodeunit/CT202ET,CT20 2ET,,,,other,Postcode,621994,135527,3500,18000,,,,,,,Folkestone,http://data.ordnancesurvey.co.uk/id/4000000074566736,http://www.ordnancesurvey.co.uk/xml/codelists/localtype.xml#town,Folkestone and Hythe,http://data.ordnancesurvey.co.uk/id/7000000000018085,http://data.ordnancesurvey.co.uk/ontology/admingeo/District,Kent,http://data.ordnancesurvey.co.uk/id/7000000000018210,http://data.ordnancesurvey.co.uk/ontology/admingeo/County,South East,http://data.ordnancesurvey.co.uk/id/7000000000041421,England,http://data.ordnancesurvey.co.uk/id/country/england,,,
CT195TE,http://data.ordnancesurvey.co.uk/id/postcodeunit/CT195TE,CT19 5TE,,,,other,Postcode,621325,137344,3500,18000,,,,,,,Folkestone,http://data.ordnancesurvey.co.uk/id/4000000074566736,http://www.ordnancesurvey.co.uk/xml/codelists/localtype.xml#town,Folkestone and Hythe,http://data.ordnancesurvey.co.uk/id/7000000000018085,http://data.ordnancesurvey.co.uk/ontology/admingeo/District,Kent,http://data.ordnancesurvey.co.uk/id/7000000000018210,http://data.ordnancesurvey.co.uk/ontology/admingeo/County,South East,http://data.ordnancesurvey.co.uk/id/7000000000041421,England,http://data.ordnancesurvey.co.uk/id/country/england,,,
CT195JJ,http://data.ordnancesurvey.co.uk/id/postcodeunit/CT195JJ,CT19 5JJ,,,,other,Postcode,621958,137029,3500,18000,,,,,,,Folkestone,http://data.ordnancesurvey.co.uk/id/4000000074566736,http://www.ordnancesurvey.co.uk/xml/codelists/localtype.xml#town,Folkestone and Hythe,http://data.ordnancesurvey.co.uk/id/7000000000018085,http://data.ordnancesurvey.co.uk/ontology/admingeo/District,Kent,http://data.ordnancesurvey.co.uk/id/7000000000018210,http://data.ordnancesurvey.co.uk/ontology/admingeo/County,South East,http://data.ordnancesurvey.co.uk/id/7000000000041421,England,http://data.ordnancesurvey.co.uk/id/country/england,,,
CT187QZ,http://data.ordnancesurvey.co.uk/id/postcodeunit/CT187QZ,CT18 7QZ,,,,other,Postcode,620730,139331,3500,18000,,,,,,,Hawkinge,http://data.ordnancesurvey.co.uk/id/4000000074566747,http://www.ordnancesurvey.co.uk/xml/codelists/localtype.xml#village,Folkestone and Hythe,http://data.ordnancesurvey.co.uk/id/7000000000018085,http://data.ordnancesurvey.co.uk/ontology/admingeo/District,Kent,http://data.ordnancesurvey.co.uk/id/7000000000018210,http://data.ordnancesurvey.co.uk/ontology/admingeo/County,South East,http://data.ordnancesurvey.co.uk/id/7000000000041421,England,http://data.ordnancesurvey.co.uk/id/country/england,,,
CT195HB,http://data.ordnancesurvey.co.uk/id/postcodeunit/CT195HB,CT19 5HB,,,,other,Postcode,622018,136275,3500,18000,,,,,,,Folkestone,http://data.ordnancesurvey.co.uk/id/4000000074566736,http://www.ordnancesurvey.co.uk/xml/codelists/localtype.xml#town,Folkestone and Hythe,http://data.ordnancesurvey.co.uk/id/7000000000018085,http://data.ordnancesurvey.co.uk/ontology/admingeo/District,Kent,http://data.ordnancesurvey.co.uk/id/7000000000018210,http://data.ordnancesurvey.co.uk/ontology/admingeo/County,South East,http://data.ordnancesurvey.co.uk/id/7000000000041421,England,http://data.ordnancesurvey.co.uk/id/country/england,,,
CT187NE,http://data.ordnancesurvey.co.uk/id/postcodeunit/CT187NE,CT18 7NE,,,,other,Postcode,620970,139737,3500,18000,,,,,,,Hawkinge,http://data.ordnancesurvey.co.uk/id/4000000074566747,http://www.ordnancesurvey.co.uk/xml/codelists/localtype.xml#village,Folkestone and Hythe,http://data.ordnancesurvey.co.uk/id/7000000000018085,http://data.ordnancesurvey.co.uk/ontology/admingeo/District,Kent,http://data.ordnancesurvey.co.uk/id/7000000000018210,http://data.ordnancesurvey.co.uk/ontology/admingeo/County,South East,http://data.ordnancesurvey.co.uk/id/7000000000041421,England,http://data.ordnancesurvey.co.uk/id/country/england,,,
CT195RZ,http://data.ordnancesurvey.co.uk/id/postcodeunit/CT195RZ,CT19 5RZ,,,,other,Postcode,622983,136852,3500,18000,,,,,,,Folkestone,http://data.ordnancesurvey.co.uk/id/4000000074566736,http://www.ordnancesurvey.co.uk/xml/codelists/localtype.xml#town,Folkestone and Hythe,http://data.ordnancesurvey.co.uk/id/7000000000018085,http://data.ordnancesurvey.co.uk/ontology/admingeo/District,Kent,http://data.ordnancesurvey.co.uk/id/7000000000018210,http://data.ordnancesurvey.co.uk/ontology/admingeo/County,South East,http://data.ordnancesurvey.co.uk/id/7000000000041421,England,http://data.ordnancesurvey.co.uk/id/country/england,,,
CT157AE,http://data.ordnancesurvey.co.uk/id/postcodeunit/CT157AE,CT15 7AE,,,,other,Postcode,627389,139029,3500,18000,,,,,,,,,,Dover,http://data.ordnancesurvey.co.uk/id/7000000000017977,http://data.ordnancesurvey.co.uk/ontology/admingeo/District,Kent,http://data.ordnancesurvey.co.uk/id/7000000000018210,http://data.ordnancesurvey.co.uk/ontology/admingeo/County,South East,http://data.ordnancesurvey.co.uk/id/7000000000041421,England,http://data.ordnancesurvey.co.uk/id/country/england,,,
CT187LA,http://data.ordnancesurvey.co.uk/id/postcodeunit/CT187LA,CT18 7LA,,,,other,Postcode,625111,138441,3500,18000,,,,,,,Capel-le-Ferne,http://data.ordnancesurvey.co.uk/id/4000000074568384,http://www.ordnancesurvey.co.uk/xml/codelists/localtype.xml#village,Dover,http://data.ordnancesurvey.co.uk/id/7000000000017977,http://data.ordnancesurvey.co.uk/ontology/admingeo/District,Kent,http://data.ordnancesurvey.co.uk/id/7000000000018210,http://data.ordnancesurvey.co.uk/ontology/admingeo/County,South East,http://data.ordnancesurvey.co.uk/id/7000000000041421,England,http://data.ordnancesurvey.co.uk/id/country/england,,,
CT201SL,http://data.ordnancesurvey.co.uk/id/postcodeunit/CT201SL,CT20 1SL,,,,other,Postcode,623128,136017,3500,18000,,,,,,,Folkestone,http://data.ordnancesurvey.co.uk/id/4000000074566736,http://www.ordnancesurvey.co.uk/xml/codelists/localtype.xml#town,Folkestone and Hythe,http://data.ordnancesurvey.co.uk/id/7000000000018085,http://data.ordnancesurvey.co.uk/ontology/admingeo/District,Kent,http://data.ordnancesurvey.co.uk/id/7000000000018210,http://data.ordnancesurvey.co.uk/ontology/admingeo/County,South East,http://data.ordnancesurvey.co.uk/id/7000000000041421,England,http://data.ordnancesurvey.co.uk/id/country/england,,,
CT187LY,http://data.ordnancesurvey.co.uk/id/postcodeunit/CT187LY,CT18 7LY,,,,other,Postcode,624850,138800,3500,18000,,,,,,,Capel-le-Ferne,http://data.ordnancesurvey.co.uk/id/4000000074568384,http://www.ordnancesurvey.co.uk/xml/codelists/localtype.xml#village,Dover,http://data.ordnancesurvey.co.uk/id/7000000000017977,http://data.ordnancesurvey.co.uk/ontology/admingeo/District,Kent,http://data.ordnancesurvey.co.uk/id/7000000000018210,http://data.ordnancesurvey.co.uk/ontology/admingeo/County,South East,http://data.ordnancesurvey.co.uk/id/7000000000041421,England,http://data.ordnancesurvey.co.uk/id/country/england,,,
CT202UF,http://data.ordnancesurvey.co.uk/id/postcodeunit/CT202UF,CT20 2UF,,,,other,Postcode,621861,135629,3500,18000,,,,,,,Folkestone,http://data.ordnancesurvey.co.uk/id/4000000074566736,http://www.ordnancesurvey.co.uk/xml/codelists/localtype.xml#town,Folkestone and Hythe,http://data.ordnancesurvey.co.uk/id/7000000000018085,http://data.ordnancesurvey.co.uk/ontology/admingeo/District,Kent,http://data.ordnancesurvey.co.uk/id/7000000000018210,http://data.ordnancesurvey.co.uk/ontology/admingeo/County,South East,http://data.ordnancesurvey.co.uk/id/7000000000041421,England,http://data.ordnancesurvey.co.uk/id/country/england,,,
CT196BJ,http://data.ordnancesurvey.co.uk/id/postcodeunit/CT196BJ,CT19 6BJ,,,,other,Postcode,623919,136559,3500,18000,,,,,,,Folkestone,http://data.ordnancesurvey.co.uk/id/4000000074566736,http://www.ordnancesurvey.co.uk/xml/codelists/localtype.xml#town,Folkestone and Hythe,http://data.ordnancesurvey.co.uk/id/7000000000018085,http://data.ordnancesurvey.co.uk/ontology/admingeo/District,Kent,http://data.ordnancesurvey.co.uk/id/7000000000018210,http://data.ordnancesurvey.co.uk/ontology/admingeo/County,South East,http://data.ordnancesurvey.co.uk/id/7000000000041421,England,http://data.ordnancesurvey.co.uk/id/country/england,,,
CT201SH,http://data.ordnancesurvey.co.uk/id/postcodeunit/CT201SH,CT20 1SH,,,,other,Postcode,623036,135994,3500,18000,,,,,,,Folkestone,http://data.ordnancesurvey.co.uk/id/4000000074566736,http://www.ordnancesurvey.co.uk/xml/codelists/localtype.xml#town,Folkestone and Hythe,http://data.ordnancesurvey.co.uk/id/7000000000018085,http://data.ordnancesurvey.co.uk/ontology/admingeo/District,Kent,http://data.ordnancesurvey.co.uk/id/7000000000018210,http://data.ordnancesurvey.co.uk/ontology/admingeo/County,South East,http://data.ordnancesurvey.co.uk/id/7000000000041421,England,http://data.ordnancesurvey.co.uk/id/country/england,,,
CT194LW,http://data.ordnancesurvey.co.uk/id/postcodeunit/CT194LW,CT19 4LW,,,,other,Postcode,620018,137240,3500,18000,,,,,,,Folkestone,http://data.ordnancesurvey.co.uk/id/4000000074566736,http://www.ordnancesurvey.co.uk/xml/codelists/localtype.xml#town,Folkestone and Hythe,http://data.ordnancesurvey.co.uk/id/7000000000018085,http://data.ordnancesurvey.co.uk/ontology/admingeo/District,Kent,http://data.ordnancesurvey.co.uk/id/7000000000018210,http://data.ordnancesurvey.co.uk/ontology/admingeo/County,South East,http://data.ordnancesurvey.co.uk/id/7000000000041421,England,http://data.ordnancesurvey.co.uk/id/country/england,,,
CT196NJ,http://data.ordnancesurvey.co.uk/id/postcodeunit/CT196NJ,CT19 6NJ,,,,other,Postcode,623423,136993,3500,18000,,,,,,,Folkestone,http://data.ordnancesurvey.co.uk/id/4000000074566736,http://www.ordnancesurvey.co.uk/xml/codelists/localtype.xml#town,Folkestone and Hythe,http://data.ordnancesurvey.co.uk/id/7000000000018085,http://data.ordnancesurvey.co.uk/ontology/admingeo/District,Kent,http://data.ordnancesurvey.co.uk/id/7000000000018210,http://data.ordnancesurvey.co.uk/ontology/admingeo/County,South East,http://data.ordnancesurvey.co.uk/id/7000000000041421,England,http://data.ordnancesurvey.co.uk/id/country/england,,,
CT202BS,http://data.ordnancesurvey.co.uk/id/postcodeunit/CT202BS,CT20 2BS,,,,other,Postcode,622569,135778,3500,18000,,,,,,,Folkestone,http://data.ordnancesurvey.co.uk/id/4000000074566736,http://www.ordnancesurvey.co.uk/xml/codelists/localtype.xml#town,Folkestone and Hythe,http://data.ordnancesurvey.co.uk/id/7000000000018085,http://data.ordnancesurvey.co.uk/ontology/admingeo/District,Kent,http://data.ordnancesurvey.co.uk/id/7000000000018210,http://data.ordnancesurvey.co.uk/ontology/admingeo/County,South East,http://data.ordnancesurvey.co.uk/id/7000000000041421,England,http://data.ordnancesurvey.co.uk/id/country/england,,,
CT195SE,http://data.ordnancesurvey.co.uk/id/postcodeunit/CT195SE,CT19 5SE,,,,other,Postcode,622851,136916,3500,18000,,,,,,,Folkestone,http://data.ordnancesurvey.co.uk/id/4000000074566736,http://www.ordnancesurvey.co.uk/xml/codelists/localtype.xml#town,Folkestone and Hythe,http://data.ordnancesurvey.co.uk/id/7000000000018085,http://data.ordnancesurvey.co.uk/ontology/admingeo/District,Kent,http://data.ordnancesurvey.co.uk/id/7000000000018210,http://data.ordnancesurvey.co.uk/ontology/admingeo/County,South East,http://data.ordnancesurvey.co.uk/id/7000000000041421,England,http://data.ordnancesurvey.co.uk/id/country/england,,,
CT187RT,http://data.ordnancesurvey.co.uk/id/postcodeunit/CT187RT,CT18 7RT,,,,other,Postcode,621020,139073,3500,18000,,,,,,,Hawkinge,http://data.ordnancesurvey.co.uk/id/4000000074566747,http://www.ordnancesurvey.co.uk/xml/codelists/localtype.xml#village,Folkestone and Hythe,http://data.ordnancesurvey.co.uk/id/7000000000018085,http://data.ordnancesurvey.co.uk/ontology/admingeo/District,Kent,http://data.ordnancesurvey.co.uk/id/7000000000018210,http://data.ordnancesurvey.co.uk/ontology/admingeo/County,South East,http://data.ordnancesurvey.co.uk/id/7000000000041421,England,http://data.ordnancesurvey.co.uk/id/country/england,,,
CT196HA,http://data.ordnancesurvey.co.uk/id/postcodeunit/CT196HA,CT19 6HA,,,,other,Postcode,623142,136913,3500,18000,,,,,,,Folkestone,http://data.ordnancesurvey.co.uk/id/4000000074566736,http://www.ordnancesurvey.co.uk/xml/codelists/localtype.xml#town,Folkestone and Hythe,http://data.ordnancesurvey.co.uk/id/7000000000018085,http://data.ordnancesurvey.co.uk/ontology/admingeo/District,Kent,http://data.ordnancesurvey.co.uk/id/7000000000018210,http://data.ordnancesurvey.co.uk/ontology/admingeo/County,South East,http://data.ordnancesurvey.co.uk/id/7000000000041421,England,http://data.ordnancesurvey.co.uk/id/country/england,,,
CT202LG,http://data.ordnancesurvey.co.uk/id/postcodeunit/CT202LG,CT20 2LG,,,,other,Postcode,621329,135564,3500,18000,,,,,,,Folkestone,http://data.ordnancesurvey.co.uk/id/4000000074566736,http://www.ordnancesurvey.co.uk/xml/codelists/localtype.xml#town,Folkestone and Hythe,http://data.ordnancesurvey.co.uk/id/7000000000018085,http://data.ordnancesurvey.co.uk/ontology/admingeo/District,Kent,http://data.ordnancesurvey.co.uk/id/7000000000018210,http://data.ordnancesurvey.co.uk/ontology/admingeo/County,South East,http://data.ordnancesurvey.co.uk/id/7000000000041421,England,http://data.ordnancesurvey.co.uk/id/country/england,,,
CT203YU,http://data.ordnancesurvey.co.uk/id/postcodeunit/CT203YU,CT20 3YU,,,,other,Postcode,622559,135936,3500,18000,,,,,,,Folkestone,http://data.ordnancesurvey.co.uk/id/4000000074566736,http://www.ordnancesurvey.co.uk/xml/codelists/localtype.xml#town,Folkestone and Hythe,http://data.ordnancesurvey.co.uk/id/7000000000018085,http://data.ordnancesurvey.co.uk/ontology/admingeo/District,Kent,http://data.ordnancesurvey.co.uk/id/7000000000018210,http://data.ordnancesurvey.co.uk/ontology/admingeo/County,South East,http://data.ordnancesurvey.co.uk/id/7000000000041421,England,http://data.ordnancesurvey.co.uk/id/country/england,,,
CT202DG,http://data.ordnancesurvey.co.uk/id/postcodeunit/CT202DG,CT20 2DG,,,,other,Postcode,621442,136187,3500,18000,,,,,,,Folkestone,http://data.ordnancesurvey.co.uk/id/4000000074566736,http://www.ordnancesurvey.co.uk/xml/codelists/localtype.xml#town,Folkestone and Hythe,http://data.ordnancesurvey.co.uk/id/7000000000018085,http://data.ordnancesurvey.co.uk/ontology/admingeo/District,Kent,http://data.ordnancesurvey.co.uk/id/7000000000018210,http://data.ordnancesurvey.co.uk/ontology/admingeo/County,South East,http://data.ordnancesurvey.co.uk/id/7000000000041421,England,http://data.ordnancesurvey.co.uk/id/country/england,,,
CT187HP,http://data.ordnancesurvey.co.uk/id/postcodeunit/CT187HP,CT18 7HP,,,,other,Postcode,625161,138405,3500,18000,,,,,,,Capel-le-Ferne,http://data.ordnancesurvey.co.uk/id/4000000074568384,http://www.ordnancesurvey.co.uk/xml/codelists/localtype.xml#village,Dover,http://data.ordnancesurvey.co.uk/id/7000000000017977,http://data.ordnancesurvey.co.uk/ontology/admingeo/District,Kent,http://data.ordnancesurvey.co.uk/id/7000000000018210,http://data.ordnancesurvey.co.uk/ontology/admingeo/County,South East,http://data.ordnancesurvey.co.uk/id/7000000000041421,England,http://data.ordnancesurvey.co.uk/id/country/england,,,
CT195HY,http://data.ordnancesurvey.co.uk/id/postcodeunit/CT195HY,CT19 5HY,,,,other,Postcode,622232,136569,3500,18000,,,,,,,Folkestone,http://data.ordnancesurvey.co.uk/id/4000000074566736,http://www.ordnancesurvey.co.uk/xml/codelists/localtype.xml#town,Folkestone and Hythe,http://data.ordnancesurvey.co.uk/id/7000000000018085,http://data.ordnancesurvey.co.uk/ontology/admingeo/District,Kent,http://data.ordnancesurvey.co.uk/id/7000000000018210,http://data.ordnancesurvey.co.uk/ontology/admingeo/County,South East,http://data.ordnancesurvey.co.uk/id/7000000000041421,England,http://data.ordnancesurvey.co.uk/id/country/england,,,
CT201NU,http://data.ordnancesurvey.co.uk/id/postcodeunit/CT201NU,CT20 1NU,,,,other,Postcode,623253,136657,3500,18000,,,,,,,Folkestone,http://data.ordnancesurvey.co.uk/id/4000000074566736,http://www.ordnancesurvey.co.uk/xml/codelists/localtype.xml#town,Folkestone and Hythe,http://data.ordnancesurvey.co.uk/id/7000000000018085,http://data.ordnancesurvey.co.uk/ontology/admingeo/District,Kent,http://data.ordnancesurvey.co.uk/id/7000000000018210,http://data.ordnancesurvey.co.uk/ontology/admingeo/County,South East,http://data.ordnancesurvey.co.uk/id/7000000000041421,England,http://data.ordnancesurvey.co.uk/id/country/england,,,
CT195RU,http://data.ordnancesurvey.co.uk/id/postcodeunit/CT195RU,CT19 5RU,,,,other,Postcode,623039,136659,3500,18000,,,,,,,Folkestone,http://data.ordnancesurvey.co.uk/id/4000000074566736,http://www.ordnancesurvey.co.uk/xml/codelists/localtype.xml#town,Folkestone and Hythe,http://data.ordnancesurvey.co.uk/id/7000000000018085,http://data.ordnancesurvey.co.uk/ontology/admingeo/District,Kent,http://data.ordnancesurvey.co.uk/id/7000000000018210,http://data.ordnancesurvey.co.uk/ontology/admingeo/County,South East,http://data.ordnancesurvey.co.uk/id/7000000000041421,England,http://data.ordnancesurvey.co.uk/id/country/england,,,
CT194RL,http://data.ordnancesurvey.co.uk/id/postcodeunit/CT194RL,CT19 4RL,,,,other,Postcode,620054,137101,3500,18000,,,,,,,Folkestone,http://data.ordnancesurvey.co.uk/id/4000000074566736,http://www.ordnancesurvey.co.uk/xml/codelists/localtype.xml#town,Folkestone and Hythe,http://data.ordnancesurvey.co.uk/id/7000000000018085,http://data.ordnancesurvey.co.uk/ontology/admingeo/District,Kent,http://data.ordnancesurvey.co.uk/id/7000000000018210,http://data.ordnancesurvey.co.uk/ontology/admingeo/County,South East,http://data.ordnancesurvey.co.uk/id/7000000000041421,England,http://data.ordnancesurvey.co.uk/id/country/england,,,
CT194EW,http://data.ordnancesurvey.co.uk/id/postcodeunit/CT194EW,CT19 4EW,,,,other,Postcode,620824,136764,3500,18000,,,,,,,Folkestone,http://data.ordnancesurvey.co.uk/id/4000000074566736,http://www.ordnancesurvey.co.uk/xml/codelists/localtype.xml#town,Folkestone and Hythe,http://data.ordnancesurvey.co.uk/id/7000000000018085,http://data.ordnancesurvey.co.uk/ontology/admingeo/District,Kent,http://data.ordnancesurvey.co.uk/id/7000000000018210,http://data.ordnancesurvey.co.uk/ontology/admingeo/County,South East,http://data.ordnancesurvey.co.uk/id/7000000000041421,England,http://data.ordnancesurvey.co.uk/id/country/england,,,
CT202AL,http://data.ordnancesurvey.co.uk/id/postcodeunit/CT202AL,CT20 2AL,,,,other,Postcode,622667,135744,3500,18000,,,,,,,Folkestone,http://data.ordnancesurvey.co.uk/id/4000000074566736,http://www.ordnancesurvey.co.uk/xml/codelists/localtype.xml#town,Folkestone and Hythe,http://data.ordnancesurvey.co.uk/id/7000000000018085,http://data.ordnancesurvey.co.uk/ontology/admingeo/District,Kent,http://data.ordnancesurvey.co.uk/id/7000000000018210,http://data.ordnancesurvey.co.uk/ontology/admingeo/County,South East,http://data.ordnancesurvey.co.uk/id/7000000000041421,England,http://data.ordnancesurvey.co.uk/id/country/england,,,
CT203PJ,http://data.ordnancesurvey.co.uk/id/postcodeunit/CT203PJ,CT20 3PJ,,,,other,Postcode,620491,136467,3500,18000,,,,,,,Folkestone,http://data.ordnancesurvey.co.uk/id/4000000074566736,http://www.ordnancesurvey.co.uk/xml/codelists/localtype.xml#town,Folkestone and Hythe,http://data.ordnancesurvey.co.uk/id/7000000000018085,http://data.ordnancesurvey.co.uk/ontology/admingeo/District,Kent,http://data.ordnancesurvey.co.uk/id/7000000000018210,http://data.ordnancesurvey.co.uk/ontology/admingeo/County,South East,http://data.ordnancesurvey.co.uk/id/7000000000041421,England,http://data.ordnancesurvey.co.uk/id/country/england,,,
CT203NP,http://data.ordnancesurvey.co.uk/id/postcodeunit/CT203NP,CT20 3NP,,,,other,Postcode,620479,135911,3500,18000,,,,,,,Folkestone,http://data.ordnancesurvey.co.uk/id/4000000074566736,http://www.ordnancesurvey.co.uk/xml/codelists/localtype.xml#town,Folkestone and Hythe,http://data.ordnancesurvey.co.uk/id/7000000000018085,http://data.ordnancesurvey.co.uk/ontology/admingeo/District,Kent,http://data.ordnancesurvey.co.uk/id/7000000000018210,http://data.ordnancesurvey.co.uk/ontology/admingeo/County,South East,http://data.ordnancesurvey.co.uk/id/7000000000041421,England,http://data.ordnancesurvey.co.uk/id/country/england,,,
CT187UP,http://data.ordnancesurvey.co.uk/id/postcodeunit/CT187UP,CT18 7UP,,,,other,Postcode,620459,139368,3500,18000,,,,,,,Hawkinge,http://data.ordnancesurvey.co.uk/id/4000000074566747,http://www.ordnancesurvey.co.uk/xml/codelists/localtype.xml#village,Folkestone and Hythe,http://data.ordnancesurvey.co.uk/id/7000000000018085,http://data.ordnancesurvey.co.uk/ontology/admingeo/District,Kent,http://data.ordnancesurvey.co.uk/id/7000000000018210,http://data.ordnancesurvey.co.uk/ontology/admingeo/County,South East,http://data.ordnancesurvey.co.uk/id/7000000000041421,England,http://data.ordnancesurvey.co.uk/id/country/england,,,
CT187NZ,http://data.ordnancesurvey.co.uk/id/postcodeunit/CT187NZ,CT18 7NZ,,,,other,Postcode,621135,139750,3500,18000,,,,,,,Hawkinge,http://data.ordnancesurvey.co.uk/id/4000000074566747,http://www.ordnancesurvey.co.uk/xml/codelists/localtype.xml#village,Folkestone and Hythe,http://data.ordnancesurvey.co.uk/id/7000000000018085,http://data.ordnancesurvey.co.uk/ontology/admingeo/District,Kent,http://data.ordnancesurvey.co.uk/id/7000000000018210,http://data.ordnancesurvey.co.uk/ontology/admingeo/County,South East,http://data.ordnancesurvey.co.uk/id/7000000000041421,England,http://data.ordnancesurvey.co.uk/id/country/england,,,
CT196BX,http://data.ordnancesurvey.co.uk/id/postcodeunit/CT196BX,CT19 6BX,,,,other,Postcode,623526,136380,3500,18000,,,,,,,Folkestone,http://data.ordnancesurvey.co.uk/id/4000000074566736,http://www.ordnancesurvey.co.uk/xml/codelists/localtype.xml#town,Folkestone and Hythe,http://data.ordnancesurvey.co.uk/id/7000000000018085,http://data.ordnancesurvey.co.uk/ontology/admingeo/District,Kent,http://data.ordnancesurvey.co.uk/id/7000000000018210,http://data.ordnancesurvey.co.uk/ontology/admingeo/County,South East,http://data.ordnancesurvey.co.uk/id/7000000000041421,England,http://data.ordnancesurvey.co.uk/id/country/england,,,
CT196PU,http://data.ordnancesurvey.co.uk/id/postcodeunit/CT196PU,CT19 6PU,,,,other,Postcode,624018,136954,3500,18000,,,,,,,Folkestone,http://data.ordnancesurvey.co.uk/id/4000000074566736,http://www.ordnancesurvey.co.uk/xml/codelists/localtype.xml#town,Folkestone and Hythe,http://data.ordnancesurvey.co.uk/id/7000000000018085,http://data.ordnancesurvey.co.uk/ontology/admingeo/District,Kent,http://data.ordnancesurvey.co.uk/id/7000000000018210,http://data.ordnancesurvey.co.uk/ontology/admingeo/County,South East,http://data.ordnancesurvey.co.uk/id/7000000000041421,England,http://data.ordnancesurvey.co.uk/id/country/england,,,
CT187AT,http://data.ordnancesurvey.co.uk/id/postcodeunit/CT187AT,CT18 7AT,,,,other,Postcode,620514,139447,3500,18000,,,,,,,Hawkinge,http://data.ordnancesurvey.co.uk/id/4000000074566747,http://www.ordnancesurvey.co.uk/xml/codelists/localtype.xml#village,Folkestone and Hythe,http://data.ordnancesurvey.co.uk/id/7000000000018085,http://data.ordnancesurvey.co.uk/ontology/admingeo/District,Kent,http://data.ordnancesurvey.co.uk/id/7000000000018210,http://data.ordnancesurvey.co.uk/ontology/admingeo/County,South East,http://data.ordnancesurvey.co.uk/id/7000000000041421,England,http://data.ordnancesurvey.co.uk/id/country/england,,,
CT202QA,http://data.ordnancesurvey.co.uk/id/postcodeunit/CT202QA,CT20 2QA,,,,other,Postcode,621563,136000,3500,18000,,,,,,,Folkestone,http://data.ordnancesurvey.co.uk/id/4000000074566736,http://www.ordnancesurvey.co.uk/xml/codelists/localtype.xml#town,Folkestone and Hythe,http://data.ordnancesurvey.co.uk/id/7000000000018085,http://data.ordnancesurvey.co.uk/ontology/admingeo/District,Kent,http://data.ordnancesurvey.co.uk/id/7000000000018210,http://data.ordnancesurvey.co.uk/ontology/admingeo/County,South East,http://data.ordnancesurvey.co.uk/id/7000000000041421,England,http://data.ordnancesurvey.co.uk/id/country/england,,,
CT203BX,http://data.ordnancesurvey.co.uk/id/postcodeunit/CT203BX,CT20 3BX,,,,other,Postcode,620379,135196,3500,18000,,,,,,,Folkestone,http://data.ordnancesurvey.co.uk/id/4000000074566736,http://www.ordnancesurvey.co.uk/xml/codelists/localtype.xml#town,Folkestone and Hythe,http://data.ordnancesurvey.co.uk/id/7000000000018085,http://data.ordnancesurvey.co.uk/ontology/admingeo/District,Kent,http://data.ordnancesurvey.co.uk/id/7000000000018210,http://data.ordnancesurvey.co.uk/ontology/admingeo/County,South East,http://data.ordnancesurvey.co.uk/id/7000000000041421,England,http://data.ordnancesurvey.co.uk/id/country/england,,,
CT201EG,http://data.ordnancesurvey.co.uk/id/postcodeunit/CT201EG,CT20 1EG,,,,other,Postcode,622715,136187,3500,18000,,,,,,,Folkestone,http://data.ordnancesurvey.co.uk/id/4000000074566736,http://www.ordnancesurvey.co.uk/xml/codelists/localtype.xml#town,Folkestone and Hythe,http://data.ordnancesurvey.co.uk/id/7000000000018085,http://data.ordnancesurvey.co.uk/ontology/admingeo/District,Kent,http://data.ordnancesurvey.co.uk/id/7000000000018210,http://data.ordnancesurvey.co.uk/ontology/admingeo/County,South East,http://data.ordnancesurvey.co.uk/id/7000000000041421,England,http://data.ordnancesurvey.co.uk/id/country/england,,,
CT196JL,http://data.ordnancesurvey.co.uk/id/postcodeunit/CT196JL,CT19 6JL,,,,other,Postcode,623279,137370,3500,18000,,,,,,,Folkestone,http://data.ordnancesurvey.co.uk/id/4000000074566736,http://www.ordnancesurvey.co.uk/xml/codelists/localtype.xml#town,Folkestone and Hythe,http://data.ordnancesurvey.co.uk/id/7000000000018085,http://data.ordnancesurvey.co.uk/ontology/admingeo/District,Kent,http://data.ordnancesurvey.co.uk/id/7000000000018210,http://data.ordnancesurvey.co.uk/ontology/admingeo/County,South East,http://data.ordnancesurvey.co.uk/id/7000000000041421,England,http://data.ordnancesurvey.co.uk/id/country/england,,,
CT187ND,http://data.ordnancesurvey.co.uk/id/postcodeunit/CT187ND,CT18 7ND,,,,other,Postcode,624543,138350,3500,18000,,,,,,,Capel-le-Ferne,http://data.ordnancesurvey.co.uk/id/4000000074568384,http://www.ordnancesurvey.co.uk/xml/codelists/localtype.xml#village,Dover,http://data.ordnancesurvey.co.uk/id/7000000000017977,http://data.ordnancesurvey.co.uk/ontology/admingeo/District,Kent,http://data.ordnancesurvey.co.uk/id/7000000000018210,http://data.ordnancesurvey.co.uk/ontology/admingeo/County,South East,http://data.ordnancesurvey.co.uk/id/7000000000041421,England,http://data.ordnancesurvey.co.uk/id/country/england,,,
CT209SB,http://data.ordnancesurvey.co.uk/id/postcodeunit/CT209SB,CT20 9SB,,,,other,Postcode,622119,135914,3500,18000,,,,,,,Folkestone,http://data.ordnancesurvey.co.uk/id/4000000074566736,http://www.ordnancesurvey.co.uk/xml/codelists/localtype.xml#town,Folkestone and Hythe,http://data.ordnancesurvey.co.uk/id/7000000000018085,http://data.ordnancesurvey.co.uk/ontology/admingeo/District,Kent,http://data.ordnancesurvey.co.uk/id/7000000000018210,http://data.ordnancesurvey.co.uk/ontology/admingeo/County,South East,http://data.ordnancesurvey.co.uk/id/7000000000041421,England,http://data.ordnancesurvey.co.uk/id/country/england,,,
CT201SZ,http://data.ordnancesurvey.co.uk/id/postcodeunit/CT201SZ,CT20 1SZ,,,,other,Postcode,622855,135869,3500,18000,,,,,,,Folkestone,http://data.ordnancesurvey.co.uk/id/4000000074566736,http://www.ordnancesurvey.co.uk/xml/codelists/localtype.xml#town,Folkestone and Hythe,http://data.ordnancesurvey.co.uk/id/7000000000018085,http://data.ordnancesurvey.co.uk/ontology/admingeo/District,Kent,http://data.ordnancesurvey.co.uk/id/7000000000018210,http://data.ordnancesurvey.co.uk/ontology/admingeo/County,South East,http://data.ordnancesurvey.co.uk/id/7000000000041421,England,http://data.ordnancesurvey.co.uk/id/country/england,,,
CT203NL,http://data.ordnancesurvey.co.uk/id/postcodeunit/CT203NL,CT20 3NL,,,,other,Postcode,620341,136005,3500,18000,,,,,,,Folkestone,http://data.ordnancesurvey.co.uk/id/4000000074566736,http://www.ordnancesurvey.co.uk/xml/codelists/localtype.xml#town,Folkestone and Hythe,http://data.ordnancesurvey.co.uk/id/7000000000018085,http://data.ordnancesurvey.co.uk/ontology/admingeo/District,Kent,http://data.ordnancesurvey.co.uk/id/7000000000018210,http://data.ordnancesurvey.co.uk/ontology/admingeo/County,South East,http://data.ordnancesurvey.co.uk/id/7000000000041421,England,http://data.ordnancesurvey.co.uk/id/country/england,,,
CT196AB,http://data.ordnancesurvey.co.uk/id/postcodeunit/CT196AB,CT19 6AB,,,,other,Postcode,623430,136114,3500,18000,,,,,,,Folkestone,http://data.ordnancesurvey.co.uk/id/4000000074566736,http://www.ordnancesurvey.co.uk/xml/codelists/localtype.xml#town,Folkestone and Hythe,http://data.ordnancesurvey.co.uk/id/7000000000018085,http://data.ordnancesurvey.co.uk/ontology/admingeo/District,Kent,http://data.ordnancesurvey.co.uk/id/7000000000018210,http://data.ordnancesurvey.co.uk/ontology/admingeo/County,South East,http://data.ordnancesurvey.co.uk/id/7000000000041421,England,http://data.ordnancesurvey.co.uk/id/country/england,,,
CT195BT,http://data.ordnancesurvey.co.uk/id/postcodeunit/CT195BT,CT19 5BT,,,,other,Postcode,622491,136702,3500,18000,,,,,,,Folkestone,http://data.ordnancesurvey.co.uk/id/4000000074566736,http://www.ordnancesurvey.co.uk/xml/codelists/localtype.xml#town,Folkestone and Hythe,http://data.ordnancesurvey.co.uk/id/7000000000018085,http://data.ordnancesurvey.co.uk/ontology/admingeo/District,Kent,http://data.ordnancesurvey.co.uk/id/7000000000018210,http://data.ordnancesurvey.co.uk/ontology/admingeo/County,South East,http://data.ordnancesurvey.co.uk/id/7000000000041421,England,http://data.ordnancesurvey.co.uk/id/country/england,,,
CT202NA,http://data.ordnancesurvey.co.uk/id/postcodeunit/CT202NA,CT20 2NA,,,,other,Postcode,621926,136054,3500,18000,,,,,,,Folkestone,http://data.ordnancesurvey.co.uk/id/4000000074566736,http://www.ordnancesurvey.co.uk/xml/codelists/localtype.xml#town,Folkestone and Hythe,http://data.ordnancesurvey.co.uk/id/7000000000018085,http://data.ordnancesurvey.co.uk/ontology/admingeo/District,Kent,http://data.ordnancesurvey.co.uk/id/7000000000018210,http://data.ordnancesurvey.co.uk/ontology/admingeo/County,South East,http://data.ordnancesurvey.co.uk/id/7000000000041421,England,http://data.ordnancesurvey.co.uk/id/country/england,,,
CT201AN,http://data.ordnancesurvey.co.uk/id/postcodeunit/CT201AN,CT20 1AN,,,,other,Postcode,622826,136053,3500,18000,,,,,,,Folkestone,http://data.ordnancesurvey.co.uk/id/4000000074566736,http://www.ordnancesurvey.co.uk/xml/codelists/localtype.xml#town,Folkestone and Hythe,http://data.ordnancesurvey.co.uk/id/7000000000018085,http://data.ordnancesurvey.co.uk/ontology/admingeo/District,Kent,http://data.ordnancesurvey.co.uk/id/7000000000018210,http://data.ordnancesurvey.co.uk/ontology/admingeo/County,South East,http://data.ordnancesurvey.co.uk/id/7000000000041421,England,http://data.ordnancesurvey.co.uk/id/country/england,,,
CT201HR,http://data.ordnancesurvey.co.uk/id/postcodeunit/CT201HR,CT20 1HR,,,,other,Postcode,622803,136297,3500,18000,,,,,,,Folkestone,http://data.ordnancesurvey.co.uk/id/4000000074566736,http://www.ordnancesurvey.co.uk/xml/codelists/localtype.xml#town,Folkestone and Hythe,http://data.ordnancesurvey.co.uk/id/7000000000018085,http://data.ordnancesurvey.co.uk/ontology/admingeo/District,Kent,http://data.ordnancesurvey.co.uk/id/7000000000018210,http://data.ordnancesurvey.co.uk/ontology/admingeo/County,South East,http://data.ordnancesurvey.co.uk/id/7000000000041421,England,http://data.ordnancesurvey.co.uk/id/country/england,,,
CT157AQ,http://data.ordnancesurvey.co.uk/id/postcodeunit/CT157AQ,CT15 7AQ,,,,other,Postcode,627416,139733,3500,18000,,,,,,,,,,Dover,http://data.ordnancesurvey.co.uk/id/7000000000017977,http://data.ordnancesurvey.co.uk/ontology/admingeo/District,Kent,http://data.ordnancesurvey.co.uk/id/7000000000018210,http://data.ordnancesurvey.co.uk/ontology/admingeo/County,South East,http://data.ordnancesurvey.co.uk/id/7000000000041421,England,http://data.ordnancesurvey.co.uk/id/country/england,,,
CT195TT,http://data.ordnancesurvey.co.uk/id/postcodeunit/CT195TT,CT19 5TT,,,,other,Postcode,621434,137126,3500,18000,,,,,,,Folkestone,http://data.ordnancesurvey.co.uk/id/4000000074566736,http://www.ordnancesurvey.co.uk/xml/codelists/localtype.xml#town,Folkestone and Hythe,http://data.ordnancesurvey.co.uk/id/7000000000018085,http://data.ordnancesurvey.co.uk/ontology/admingeo/District,Kent,http://data.ordnancesurvey.co.uk/id/7000000000018210,http://data.ordnancesurvey.co.uk/ontology/admingeo/County,South East,http://data.ordnancesurvey.co.uk/id/7000000000041421,England,http://data.ordnancesurvey.co.uk/id/country/england,,,
CT195DS,http://data.ordnancesurvey.co.uk/id/postcodeunit/CT195DS,CT19 5DS,,,,other,Postcode,622142,137677,3500,18000,,,,,,,Folkestone,http://data.ordnancesurvey.co.uk/id/4000000074566736,http://www.ordnancesurvey.co.uk/xml/codelists/localtype.xml#town,Folkestone and Hythe,http://data.ordnancesurvey.co.uk/id/7000000000018085,http://data.ordnancesurvey.co.uk/ontology/admingeo/District,Kent,http://data.ordnancesurvey.co.uk/id/7000000000018210,http://data.ordnancesurvey.co.uk/ontology/admingeo/County,South East,http://data.ordnancesurvey.co.uk/id/7000000000041421,England,http://data.ordnancesurvey.co.uk/id/country/england,,,
CT202QG,http://data.ordnancesurvey.co.uk/id/postcodeunit/CT202QG,CT20 2QG,,,,other,Postcode,621466,135621,3500,18000,,,,,,,Folkestone,http://data.ordnancesurvey.co.uk/id/4000000074566736,http://www.ordnancesurvey.co.uk/xml/codelists/localtype.xml#town,Folkestone and Hythe,http://data.ordnancesurvey.co.uk/id/7000000000018085,http://data.ordnancesurvey.co.uk/ontology/admingeo/District,Kent,http://data.ordnancesurvey.co.uk/id/7000000000018210,http://data.ordnancesurvey.co.uk/ontology/admingeo/County,South East,http://data.ordnancesurvey.co.uk/id/7000000000041421,England,http://data.ordnancesurvey.co.uk/id/country/england,,,
CT202RT,http://data.ordnancesurvey.co.uk/id/postcodeunit/CT202RT,CT20 2RT,,,,other,Postcode,622181,135704,3500,18000,,,,,,,Folkestone,http://data.ordnancesurvey.co.uk/id/4000000074566736,http://www.ordnancesurvey.co.uk/xml/codelists/localtype.xml#town,Folkestone and Hythe,http://data.ordnancesurvey.co.uk/id/7000000000018085,http://data.ordnancesurvey.co.uk/ontology/admingeo/District,Kent,http://data.ordnancesurvey.co.uk/id/7000000000018210,http://data.ordnancesurvey.co.uk/ontology/admingeo/County,South East,http://data.ordnancesurvey.co.uk/id/7000000000041421,England,http://data.ordnancesurvey.co.uk/id/country/england,,,
CT196LX,http://data.ordnancesurvey.co.uk/id/postcodeunit/CT196LX,CT19 6LX,,,,other,Postcode,623457,137332,3500,18000,,,,,,,Folkestone,http://data.ordnancesurvey.co.uk/id/4000000074566736,http://www.ordnancesurvey.co.uk/xml/codelists/localtype.xml#town,Folkestone and Hythe,http://data.ordnancesurvey.co.uk/id/7000000000018085,http://data.ordnancesurvey.co.uk/ontology/admingeo/District,Kent,http://data.ordnancesurvey.co.uk/id/7000000000018210,http://data.ordnancesurvey.co.uk/ontology/admingeo/County,South East,http://data.ordnancesurvey.co.uk/id/7000000000041421,England,http://data.ordnancesurvey.co.uk/id/country/england,,,
CT187QL,http://data.ordnancesurvey.co.uk/id/postcodeunit/CT187QL,CT18 7QL,,,,other,Postcode,620725,139384,3500,18000,,,,,,,Hawkinge,http://data.ordnancesurvey.co.uk/id/4000000074566747,http://www.ordnancesurvey.co.uk/xml/codelists/localtype.xml#village,Folkestone and Hythe,http://data.ordnancesurvey.co.uk/id/7000000000018085,http://data.ordnancesurvey.co.uk/ontology/admingeo/District,Kent,http://data.ordnancesurvey.co.uk/id/7000000000018210,http://data.ordnancesurvey.co.uk/ontology/admingeo/County,South East,http://data.ordnancesurvey.co.uk/id/7000000000041421,England,http://data.ordnancesurvey.co.uk/id/country/england,,,
CT209SS,http://data.ordnancesurvey.co.uk/id/postcodeunit/CT209SS,CT20 9SS,,,,other,Postcode,622119,135914,3500,18000,,,,,,,Folkestone,http://data.ordnancesurvey.co.uk/id/4000000074566736,http://www.ordnancesurvey.co.uk/xml/codelists/localtype.xml#town,Folkestone and Hythe,http://data.ordnancesurvey.co.uk/id/7000000000018085,http://data.ordnancesurvey.co.uk/ontology/admingeo/District,Kent,http://data.ordnancesurvey.co.uk/id/7000000000018210,http://data.ordnancesurvey.co.uk/ontology/admingeo/County,South East,http://data.ordnancesurvey.co.uk/id/7000000000041421,England,http://data.ordnancesurvey.co.uk/id/country/england,,,
CT187JU,http://data.ordnancesurvey.co.uk/id/postcodeunit/CT187JU,CT18 7JU,,,,other,Postcode,624947,138494,3500,18000,,,,,,,Capel-le-Ferne,http://data.ordnancesurvey.co.uk/id/4000000074568384,http://www.ordnancesurvey.co.uk/xml/codelists/localtype.xml#village,Dover,http://data.ordnancesurvey.co.uk/id/7000000000017977,http://data.ordnancesurvey.co.uk/ontology/admingeo/District,Kent,http://data.ordnancesurvey.co.uk/id/7000000000018210,http://data.ordnancesurvey.co.uk/ontology/admingeo/County,South East,http://data.ordnancesurvey.co.uk/id/7000000000041421,England,http://data.ordnancesurvey.co.uk/id/country/england,,,
CT196HY,http://data.ordnancesurvey.co.uk/id/postcodeunit/CT196HY,CT19 6HY,,,,other,Postcode,623025,137530,3500,18000,,,,,,,Folkestone,http://data.ordnancesurvey.co.uk/id/4000000074566736,http://www.ordnancesurvey.co.uk/xml/codelists/localtype.xml#town,Folkestone and Hythe,http://data.ordnancesurvey.co.uk/id/7000000000018085,http://data.ordnancesurvey.co.uk/ontology/admingeo/District,Kent,http://data.ordnancesurvey.co.uk/id/7000000000018210,http://data.ordnancesurvey.co.uk/ontology/admingeo/County,South East,http://data.ordnancesurvey.co.uk/id/7000000000041421,England,http://data.ordnancesurvey.co.uk/id/country/england,,,
CT195AW,http://data.ordnancesurvey.co.uk/id/postcodeunit/CT195AW,CT19 5AW,,,,other,Postcode,622420,136351,3500,18000,,,,,,,Folkestone,http://data.ordnancesurvey.co.uk/id/4000000074566736,http://www.ordnancesurvey.co.uk/xml/codelists/localtype.xml#town,Folkestone and Hythe,http://data.ordnancesurvey.co.uk/id/7000000000018085,http://data.ordnancesurvey.co.uk/ontology/admingeo/District,Kent,http://data.ordnancesurvey.co.uk/id/7000000000018210,http://data.ordnancesurvey.co.uk/ontology/admingeo/County,South East,http://data.ordnancesurvey.co.uk/id/7000000000041421,England,http://data.ordnancesurvey.co.uk/id/country/england,,,
CT196QH,http://data.ordnancesurvey.co.uk/id/postcodeunit/CT196QH,CT19 6QH,,,,other,Postcode,623841,136685,3500,18000,,,,,,,Folkestone,http://data.ordnancesurvey.co.uk/id/4000000074566736,http://www.ordnancesurvey.co.uk/xml/codelists/localtype.xml#town,Folkestone and Hythe,http://data.ordnancesurvey.co.uk/id/7000000000018085,http://data.ordnancesurvey.co.uk/ontology/admingeo/District,Kent,http://data.ordnancesurvey.co.uk/id/7000000000018210,http://data.ordnancesurvey.co.uk/ontology/admingeo/County,South East,http://data.ordnancesurvey.co.uk/id/7000000000041421,England,http://data.ordnancesurvey.co.uk/id/country/england,,,
CT195QA,http://data.ordnancesurvey.co.uk/id/postcodeunit/CT195QA,CT19 5QA,,,,other,Postcode,622488,137496,3500,18000,,,,,,,Folkestone,http://data.ordnancesurvey.co.uk/id/4000000074566736,http://www.ordnancesurvey.co.uk/xml/codelists/localtype.xml#town,Folkestone and Hythe,http://data.ordnancesurvey.co.uk/id/7000000000018085,http://data.ordnancesurvey.co.uk/ontology/admingeo/District,Kent,http://data.ordnancesurvey.co.uk/id/7000000000018210,http://data.ordnancesurvey.co.uk/ontology/admingeo/County,South East,http://data.ordnancesurvey.co.uk/id/7000000000041421,England,http://data.ordnancesurvey.co.uk/id/country/england,,,
CT201AF,http://data.ordnancesurvey.co.uk/id/postcodeunit/CT201AF,CT20 1AF,,,,other,Postcode,622758,135947,3500,18000,,,,,,,Folkestone,http://data.ordnancesurvey.co.uk/id/4000000074566736,http://www.ordnancesurvey.co.uk/xml/codelists/localtype.xml#town,Folkestone and Hythe,http://data.ordnancesurvey.co.uk/id/7000000000018085,http://data.ordnancesurvey.co.uk/ontology/admingeo/District,Kent,http://data.ordnancesurvey.co.uk/id/7000000000018210,http://data.ordnancesurvey.co.uk/ontology/admingeo/County,South East,http://data.ordnancesurvey.co.uk/id/7000000000041421,England,http://data.ordnancesurvey.co.uk/id/country/england,,,
CT202RU,http://data.ordnancesurvey.co.uk/id/postcodeunit/CT202RU,CT20 2RU,,,,other,Postcode,622149,135769,3500,18000,,,,,,,Folkestone,http://data.ordnancesurvey.co.uk/id/4000000074566736,http://www.ordnancesurvey.co.uk/xml/codelists/localtype.xml#town,Folkestone and Hythe,http://data.ordnancesurvey.co.uk/id/7000000000018085,http://data.ordnancesurvey.co.uk/ontology/admingeo/District,Kent,http://data.ordnancesurvey.co.uk/id/7000000000018210,http://data.ordnancesurvey.co.uk/ontology/admingeo/County,South East,http://data.ordnancesurvey.co.uk/id/7000000000041421,England,http://data.ordnancesurvey.co.uk/id/country/england,,,
CT196AW,http://data.ordnancesurvey.co.uk/id/postcodeunit/CT196AW,CT19 6AW,,,,other,Postcode,623415,136218,3500,18000,,,,,,,Folkestone,http://data.ordnancesurvey.co.uk/id/4000000074566736,http://www.ordnancesurvey.co.uk/xml/codelists/localtype.xml#town,Folkestone and Hythe,http://data.ordnancesurvey.co.uk/id/7000000000018085,http://data.ordnancesurvey.co.uk/ontology/admingeo/District,Kent,http://data.ordnancesurvey.co.uk/id/7000000000018210,http://data.ordnancesurvey.co.uk/ontology/admingeo/County,South East,http://data.ordnancesurvey.co.uk/id/7000000000041421,England,http://data.ordnancesurvey.co.uk/id/country/england,,,
CT157AD,http://data.ordnancesurvey.co.uk/id/postcodeunit/CT157AD,CT15 7AD,,,,other,Postcode,628263,139737,3500,18000,,,,,,,,,,Dover,http://data.ordnancesurvey.co.uk/id/7000000000017977,http://data.ordnancesurvey.co.uk/ontology/admingeo/District,Kent,http://data.ordnancesurvey.co.uk/id/7000000000018210,http://data.ordnancesurvey.co.uk/ontology/admingeo/County,South East,http://data.ordnancesurvey.co.uk/id/7000000000041421,England,http://data.ordnancesurvey.co.uk/id/country/england,,,
CT201BY,http://data.ordnancesurvey.co.uk/id/postcodeunit/CT201BY,CT20 1BY,,,,other,Postcode,622608,136055,3500,18000,,,,,,,Folkestone,http://data.ordnancesurvey.co.uk/id/4000000074566736,http://www.ordnancesurvey.co.uk/xml/codelists/localtype.xml#town,Folkestone and Hythe,http://data.ordnancesurvey.co.uk/id/7000000000018085,http://data.ordnancesurvey.co.uk/ontology/admingeo/District,Kent,http://data.ordnancesurvey.co.uk/id/7000000000018210,http://data.ordnancesurvey.co.uk/ontology/admingeo/County,South East,http://data.ordnancesurvey.co.uk/id/7000000000041421,England,http://data.ordnancesurvey.co.uk/id/country/england,,,
CT202PH,http://data.ordnancesurvey.co.uk/id/postcodeunit/CT202PH,CT20 2PH,,,,other,Postcode,621223,136349,3500,18000,,,,,,,Folkestone,http://data.ordnancesurvey.co.uk/id/4000000074566736,http://www.ordnancesurvey.co.uk/xml/codelists/localtype.xml#town,Folkestone and Hythe,http://data.ordnancesurvey.co.uk/id/7000000000018085,http://data.ordnancesurvey.co.uk/ontology/admingeo/District,Kent,http://data.ordnancesurvey.co.uk/id/7000000000018210,http://data.ordnancesurvey.co.uk/ontology/admingeo/County,South East,http://data.ordnancesurvey.co.uk/id/7000000000041421,England,http://data.ordnancesurvey.co.uk/id/country/england,,,
CT194PN,http://data.ordnancesurvey.co.uk/id/postcodeunit/CT194PN,CT19 4PN,,,,other,Postcode,620758,136874,3500,18000,,,,,,,Folkestone,http://data.ordnancesurvey.co.uk/id/4000000074566736,http://www.ordnancesurvey.co.uk/xml/codelists/localtype.xml#town,Folkestone and Hythe,http://data.ordnancesurvey.co.uk/id/7000000000018085,http://data.ordnancesurvey.co.uk/ontology/admingeo/District,Kent,http://data.ordnancesurvey.co.uk/id/7000000000018210,http://data.ordnancesurvey.co.uk/ontology/admingeo/County,South East,http://data.ordnancesurvey.co.uk/id/7000000000041421,England,http://data.ordnancesurvey.co.uk/id/country/england,,,
CT203BD,http://data.ordnancesurvey.co.uk/id/postcodeunit/CT203BD,CT20 3BD,,,,other,Postcode,620639,135215,3500,18000,,,,,,,Folkestone,http://data.ordnancesurvey.co.uk/id/4000000074566736,http://www.ordnancesurvey.co.uk/xml/codelists/localtype.xml#town,Folkestone and Hythe,http://data.ordnancesurvey.co.uk/id/7000000000018085,http://data.ordnancesurvey.co.uk/ontology/admingeo/District,Kent,http://data.ordnancesurvey.co.uk/id/7000000000018210,http://data.ordnancesurvey.co.uk/ontology/admingeo/County,South East,http://data.ordnancesurvey.co.uk/id/7000000000041421,England,http://data.ordnancesurvey.co.uk/id/country/england,,,
CT195NX,http://data.ordnancesurvey.co.uk/id/postcodeunit/CT195NX,CT19 5NX,,,,other,Postcode,622852,137132,3500,18000,,,,,,,Folkestone,http://data.ordnancesurvey.co.uk/id/4000000074566736,http://www.ordnancesurvey.co.uk/xml/codelists/localtype.xml#town,Folkestone and Hythe,http://data.ordnancesurvey.co.uk/id/7000000000018085,http://data.ordnancesurvey.co.uk/ontology/admingeo/District,Kent,http://data.ordnancesurvey.co.uk/id/7000000000018210,http://data.ordnancesurvey.co.uk/ontology/admingeo/County,South East,http://data.ordnancesurvey.co.uk/id/7000000000041421,England,http://data.ordnancesurvey.co.uk/id/country/england,,,
CT202AN,http://data.ordnancesurvey.co.uk/id/postcodeunit/CT202AN,CT20 2AN,,,,other,Postcode,621657,135412,3500,18000,,,,,,,Folkestone,http://data.ordnancesurvey.co.uk/id/4000000074566736,http://www.ordnancesurvey.co.uk/xml/codelists/localtype.xml#town,Folkestone and Hythe,http://data.ordnancesurvey.co.uk/id/7000000000018085,http://data.ordnancesurvey.co.uk/ontology/admingeo/District,Kent,http://data.ordnancesurvey.co.uk/id/7000000000018210,http://data.ordnancesurvey.co.uk/ontology/admingeo/County,South East,http://data.ordnancesurvey.co.uk/id/7000000000041421,England,http://data.ordnancesurvey.co.uk/id/country/england,,,
CT209LL,http://data.ordnancesurvey.co.uk/id/postcodeunit/CT209LL,CT20 9LL,,,,other,Postcode,622641,135834,3500,18000,,,,,,,Folkestone,http://data.ordnancesurvey.co.uk/id/4000000074566736,http://www.ordnancesurvey.co.uk/xml/codelists/localtype.xml#town,Folkestone and Hythe,http://data.ordnancesurvey.co.uk/id/7000000000018085,http://data.ordnancesurvey.co.uk/ontology/admingeo/District,Kent,http://data.ordnancesurvey.co.uk/id/7000000000018210,http://data.ordnancesurvey.co.uk/ontology/admingeo/County,South East,http://data.ordnancesurvey.co.uk/id/7000000000041421,England,http://data.ordnancesurvey.co.uk/id/country/england,,,
CT202HL,http://data.ordnancesurvey.co.uk/id/postcodeunit/CT202HL,CT20 2HL,,,,other,Postcode,621900,135541,3500,18000,,,,,,,Folkestone,http://data.ordnancesurvey.co.uk/id/4000000074566736,http://www.ordnancesurvey.co.uk/xml/codelists/localtype.xml#town,Folkestone and Hythe,http://data.ordnancesurvey.co.uk/id/7000000000018085,http://data.ordnancesurvey.co.uk/ontology/admingeo/District,Kent,http://data.ordnancesurvey.co.uk/id/7000000000018210,http://data.ordnancesurvey.co.uk/ontology/admingeo/County,South East,http://data.ordnancesurvey.co.uk/id/7000000000041421,England,http://data.ordnancesurvey.co.uk/id/country/england,,,
CT195LT,http://data.ordnancesurvey.co.uk/id/postcodeunit/CT195LT,CT19 5LT,,,,other,Postcode,622420,136769,3500,18000,,,,,,,Folkestone,http://data.ordnancesurvey.co.uk/id/4000000074566736,http://www.ordnancesurvey.co.uk/xml/codelists/localtype.xml#town,Folkestone and Hythe,http://data.ordnancesurvey.co.uk/id/7000000000018085,http://data.ordnancesurvey.co.uk/ontology/admingeo/District,Kent,http://data.ordnancesurvey.co.uk/id/7000000000018210,http://data.ordnancesurvey.co.uk/ontology/admingeo/County,South East,http://data.ordnancesurvey.co.uk/id/7000000000041421,England,http://data.ordnancesurvey.co.uk/id/country/england,,,
CT203SP,http://data.ordnancesurvey.co.uk/id/postcodeunit/CT203SP,CT20 3SP,,,,other,Postcode,620080,135901,3500,18000,,,,,,,Folkestone,http://data.ordnancesurvey.co.uk/id/4000000074566736,http://www.ordnancesurvey.co.uk/xml/codelists/localtype.xml#town,Folkestone and Hythe,http://data.ordnancesurvey.co.uk/id/7000000000018085,http://data.ordnancesurvey.co.uk/ontology/admingeo/District,Kent,http://data.ordnancesurvey.co.uk/id/7000000000018210,http://data.ordnancesurvey.co.uk/ontology/admingeo/County,South East,http://data.ordnancesurvey.co.uk/id/7000000000041421,England,http://data.ordnancesurvey.co.uk/id/country/england,,,
CT209NL,http://data.ordnancesurvey.co.uk/id/postcodeunit/CT209NL,CT20 9NL,,,,other,Postcode,622641,135834,3500,18000,,,,,,,Folkestone,http://data.ordnancesurvey.co.uk/id/4000000074566736,http://www.ordnancesurvey.co.uk/xml/codelists/localtype.xml#town,Folkestone and Hythe,http://data.ordnancesurvey.co.uk/id/7000000000018085,http://data.ordnancesurvey.co.uk/ontology/admingeo/District,Kent,http://data.ordnancesurvey.co.uk/id/7000000000018210,http://data.ordnancesurvey.co.uk/ontology/admingeo/County,South East,http://data.ordnancesurvey.co.uk/id/7000000000041421,England,http://data.ordnancesurvey.co.uk/id/country/england,,,
CT195RG,http://data.ordnancesurvey.co.uk/id/postcodeunit/CT195RG,CT19 5RG,,,,other,Postcode,622598,136893,3500,18000,,,,,,,Folkestone,http://data.ordnancesurvey.co.uk/id/4000000074566736,http://www.ordnancesurvey.co.uk/xml/codelists/localtype.xml#town,Folkestone and Hythe,http://data.ordnancesurvey.co.uk/id/7000000000018085,http://data.ordnancesurvey.co.uk/ontology/admingeo/District,Kent,http://data.ordnancesurvey.co.uk/id/7000000000018210,http://data.ordnancesurvey.co.uk/ontology/admingeo/County,South East,http://data.ordnancesurvey.co.uk/id/7000000000041421,England,http://data.ordnancesurvey.co.uk/id/country/england,,,
CT195RS,http://data.ordnancesurvey.co.uk/id/postcodeunit/CT195RS,CT19 5RS,,,,other,Postcode,622897,136682,3500,18000,,,,,,,Folkestone,http://data.ordnancesurvey.co.uk/id/4000000074566736,http://www.ordnancesurvey.co.uk/xml/codelists/localtype.xml#town,Folkestone and Hythe,http://data.ordnancesurvey.co.uk/id/7000000000018085,http://data.ordnancesurvey.co.uk/ontology/admingeo/District,Kent,http://data.ordnancesurvey.co.uk/id/7000000000018210,http://data.ordnancesurvey.co.uk/ontology/admingeo/County,South East,http://data.ordnancesurvey.co.uk/id/7000000000041421,England,http://data.ordnancesurvey.co.uk/id/country/england,,,
CT194DB,http://data.ordnancesurvey.co.uk/id/postcodeunit/CT194DB,CT19 4DB,,,,other,Postcode,620389,136803,3500,18000,,,,,,,Folkestone,http://data.ordnancesurvey.co.uk/id/4000000074566736,http://www.ordnancesurvey.co.uk/xml/codelists/localtype.xml#town,Folkestone and Hythe,http://data.ordnancesurvey.co.uk/id/7000000000018085,http://data.ordnancesurvey.co.uk/ontology/admingeo/District,Kent,http://data.ordnancesurvey.co.uk/id/7000000000018210,http://data.ordnancesurvey.co.uk/ontology/admingeo/County,South East,http://data.ordnancesurvey.co.uk/id/7000000000041421,England,http://data.ordnancesurvey.co.uk/id/country/england,,,
CT194PX,http://data.ordnancesurvey.co.uk/id/postcodeunit/CT194PX,CT19 4PX,,,,other,Postcode,620281,136821,3500,18000,,,,,,,Folkestone,http://data.ordnancesurvey.co.uk/id/4000000074566736,http://www.ordnancesurvey.co.uk/xml/codelists/localtype.xml#town,Folkestone and Hythe,http://data.ordnancesurvey.co.uk/id/7000000000018085,http://data.ordnancesurvey.co.uk/ontology/admingeo/District,Kent,http://data.ordnancesurvey.co.uk/id/7000000000018210,http://data.ordnancesurvey.co.uk/ontology/admingeo/County,South East,http://data.ordnancesurvey.co.uk/id/7000000000041421,England,http://data.ordnancesurvey.co.uk/id/country/england,,,
CT196BE,http://data.ordnancesurvey.co.uk/id/postcodeunit/CT196BE,CT19 6BE,,,,other,Postcode,623867,136521,3500,18000,,,,,,,Folkestone,http://data.ordnancesurvey.co.uk/id/4000000074566736,http://www.ordnancesurvey.co.uk/xml/codelists/localtype.xml#town,Folkestone and Hythe,http://data.ordnancesurvey.co.uk/id/7000000000018085,http://data.ordnancesurvey.co.uk/ontology/admingeo/District,Kent,http://data.ordnancesurvey.co.uk/id/7000000000018210,http://data.ordnancesurvey.co.uk/ontology/admingeo/County,South East,http://data.ordnancesurvey.co.uk/id/7000000000041421,England,http://data.ordnancesurvey.co.uk/id/country/england,,,
CT194QB,http://data.ordnancesurvey.co.uk/id/postcodeunit/CT194QB,CT19 4QB,,,,other,Postcode,621038,137923,3500,18000,,,,,,,,,,Folkestone and Hythe,http://data.ordnancesurvey.co.uk/id/7000000000018085,http://data.ordnancesurvey.co.uk/ontology/admingeo/District,Kent,http://data.ordnancesurvey.co.uk/id/7000000000018210,http://data.ordnancesurvey.co.uk/ontology/admingeo/County,South East,http://data.ordnancesurvey.co.uk/id/7000000000041421,England,http://data.ordnancesurvey.co.uk/id/country/england,,,
CT195NJ,http://data.ordnancesurvey.co.uk/id/postcodeunit/CT195NJ,CT19 5NJ,,,,other,Postcode,623136,136831,3500,18000,,,,,,,Folkestone,http://data.ordnancesurvey.co.uk/id/4000000074566736,http://www.ordnancesurvey.co.uk/xml/codelists/localtype.xml#town,Folkestone and Hythe,http://data.ordnancesurvey.co.uk/id/7000000000018085,http://data.ordnancesurvey.co.uk/ontology/admingeo/District,Kent,http://data.ordnancesurvey.co.uk/id/7000000000018210,http://data.ordnancesurvey.co.uk/ontology/admingeo/County,South East,http://data.ordnancesurvey.co.uk/id/7000000000041421,England,http://data.ordnancesurvey.co.uk/id/country/england,,,
CT195NH,http://data.ordnancesurvey.co.uk/id/postcodeunit/CT195NH,CT19 5NH,,,,other,Postcode,623180,136811,3500,18000,,,,,,,Folkestone,http://data.ordnancesurvey.co.uk/id/4000000074566736,http://www.ordnancesurvey.co.uk/xml/codelists/localtype.xml#town,Folkestone and Hythe,http://data.ordnancesurvey.co.uk/id/7000000000018085,http://data.ordnancesurvey.co.uk/ontology/admingeo/District,Kent,http://data.ordnancesurvey.co.uk/id/7000000000018210,http://data.ordnancesurvey.co.uk/ontology/admingeo/County,South East,http://data.ordnancesurvey.co.uk/id/7000000000041421,England,http://data.ordnancesurvey.co.uk/id/country/england,,,
CT202RP,http://data.ordnancesurvey.co.uk/id/postcodeunit/CT202RP,CT20 2RP,,,,other,Postcode,622029,135659,3500,18000,,,,,,,Folkestone,http://data.ordnancesurvey.co.uk/id/4000000074566736,http://www.ordnancesurvey.co.uk/xml/codelists/localtype.xml#town,Folkestone and Hythe,http://data.ordnancesurvey.co.uk/id/7000000000018085,http://data.ordnancesurvey.co.uk/ontology/admingeo/District,Kent,http://data.ordnancesurvey.co.uk/id/7000000000018210,http://data.ordnancesurvey.co.uk/ontology/admingeo/County,South East,http://data.ordnancesurvey.co.uk/id/7000000000041421,England,http://data.ordnancesurvey.co.uk/id/country/england,,,
CT196LW,http://data.ordnancesurvey.co.uk/id/postcodeunit/CT196LW,CT19 6LW,,,,other,Postcode,623191,137734,3500,18000,,,,,,,Folkestone,http://data.ordnancesurvey.co.uk/id/4000000074566736,http://www.ordnancesurvey.co.uk/xml/codelists/localtype.xml#town,Folkestone and Hythe,http://data.ordnancesurvey.co.uk/id/7000000000018085,http://data.ordnancesurvey.co.uk/ontology/admingeo/District,Kent,http://data.ordnancesurvey.co.uk/id/7000000000018210,http://data.ordnancesurvey.co.uk/ontology/admingeo/County,South East,http://data.ordnancesurvey.co.uk/id/7000000000041421,England,http://data.ordnancesurvey.co.uk/id/country/england,,,
CT201NE,http://data.ordnancesurvey.co.uk/id/postcodeunit/CT201NE,CT20 1NE,,,,other,Postcode,623213,136195,3500,18000,,,,,,,Folkestone,http://data.ordnancesurvey.co.uk/id/4000000074566736,http://www.ordnancesurvey.co.uk/xml/codelists/localtype.xml#town,Folkestone and Hythe,http://data.ordnancesurvey.co.uk/id/7000000000018085,http://data.ordnancesurvey.co.uk/ontology/admingeo/District,Kent,http://data.ordnancesurvey.co.uk/id/7000000000018210,http://data.ordnancesurvey.co.uk/ontology/admingeo/County,South East,http://data.ordnancesurvey.co.uk/id/7000000000041421,England,http://data.ordnancesurvey.co.uk/id/country/england,,,
CT196JA,http://data.ordnancesurvey.co.uk/id/postcodeunit/CT196JA,CT19 6JA,,,,other,Postcode,623057,137560,3500,18000,,,,,,,Folkestone,http://data.ordnancesurvey.co.uk/id/4000000074566736,http://www.ordnancesurvey.co.uk/xml/codelists/localtype.xml#town,Folkestone and Hythe,http://data.ordnancesurvey.co.uk/id/7000000000018085,http://data.ordnancesurvey.co.uk/ontology/admingeo/District,Kent,http://data.ordnancesurvey.co.uk/id/7000000000018210,http://data.ordnancesurvey.co.uk/ontology/admingeo/County,South East,http://data.ordnancesurvey.co.uk/id/7000000000041421,England,http://data.ordnancesurvey.co.uk/id/country/england,,,
CT196AG,http://data.ordnancesurvey.co.uk/id/postcodeunit/CT196AG,CT19 6AG,,,,other,Postcode,623297,136139,3500,18000,,,,,,,Folkestone,http://data.ordnancesurvey.co.uk/id/4000000074566736,http://www.ordnancesurvey.co.uk/xml/codelists/localtype.xml#town,Folkestone and Hythe,http://data.ordnancesurvey.co.uk/id/7000000000018085,http://data.ordnancesurvey.co.uk/ontology/admingeo/District,Kent,http://data.ordnancesurvey.co.uk/id/7000000000018210,http://data.ordnancesurvey.co.uk/ontology/admingeo/County,South East,http://data.ordnancesurvey.co.uk/id/7000000000041421,England,http://data.ordnancesurvey.co.uk/id/country/england,,,
CT195HR,http://data.ordnancesurvey.co.uk/id/postcodeunit/CT195HR,CT19 5HR,,,,other,Postcode,621805,136537,3500,18000,,,,,,,Folkestone,http://data.ordnancesurvey.co.uk/id/4000000074566736,http://www.ordnancesurvey.co.uk/xml/codelists/localtype.xml#town,Folkestone and Hythe,http://data.ordnancesurvey.co.uk/id/7000000000018085,http://data.ordnancesurvey.co.uk/ontology/admingeo/District,Kent,http://data.ordnancesurvey.co.uk/id/7000000000018210,http://data.ordnancesurvey.co.uk/ontology/admingeo/County,South East,http://data.ordnancesurvey.co.uk/id/7000000000041421,England,http://data.ordnancesurvey.co.uk/id/country/england,,,
CT187AD,http://data.ordnancesurvey.co.uk/id/postcodeunit/CT187AD,CT18 7AD,,,,other,Postcode,620293,138585,3500,18000,,,,,,,Elvington,http://data.ordnancesurvey.co.uk/id/4000000074566746,http://www.ordnancesurvey.co.uk/xml/codelists/localtype.xml#hamlet,Folkestone and Hythe,http://data.ordnancesurvey.co.uk/id/7000000000018085,http://data.ordnancesurvey.co.uk/ontology/admingeo/District,Kent,http://data.ordnancesurvey.co.uk/id/7000000000018210,http://data.ordnancesurvey.co.uk/ontology/admingeo/County,South East,http://data.ordnancesurvey.co.uk/id/7000000000041421,England,http://data.ordnancesurvey.co.uk/id/country/england,,,
CT157AF,http://data.ordnancesurvey.co.uk/id/postcodeunit/CT157AF,CT15 7AF,,,,other,Postcode,627362,139410,3500,18000,,,,,,,,,,Dover,http://data.ordnancesurvey.co.uk/id/7000000000017977,http://data.ordnancesurvey.co.uk/ontology/admingeo/District,Kent,http://data.ordnancesurvey.co.uk/id/7000000000018210,http://data.ordnancesurvey.co.uk/ontology/admingeo/County,South East,http://data.ordnancesurvey.co.uk/id/7000000000041421,England,http://data.ordnancesurvey.co.uk/id/country/england,,,
CT187SD,http://data.ordnancesurvey.co.uk/id/postcodeunit/CT187SD,CT18 7SD,,,,other,Postcode,620624,139250,3500,18000,,,,,,,Hawkinge,http://data.ordnancesurvey.co.uk/id/4000000074566747,http://www.ordnancesurvey.co.uk/xml/codelists/localtype.xml#village,Folkestone and Hythe,http://data.ordnancesurvey.co.uk/id/7000000000018085,http://data.ordnancesurvey.co.uk/ontology/admingeo/District,Kent,http://data.ordnancesurvey.co.uk/id/7000000000018210,http://data.ordnancesurvey.co.uk/ontology/admingeo/County,South East,http://data.ordnancesurvey.co.uk/id/7000000000041421,England,http://data.ordnancesurvey.co.uk/id/country/england,,,
CT203NA,http://data.ordnancesurvey.co.uk/id/postcodeunit/CT203NA,CT20 3NA,,,,other,Postcode,620286,136110,3500,18000,,,,,,,Folkestone,http://data.ordnancesurvey.co.uk/id/4000000074566736,http://www.ordnancesurvey.co.uk/xml/codelists/localtype.xml#town,Folkestone and Hythe,http://data.ordnancesurvey.co.uk/id/7000000000018085,http://data.ordnancesurvey.co.uk/ontology/admingeo/District,Kent,http://data.ordnancesurvey.co.uk/id/7000000000018210,http://data.ordnancesurvey.co.uk/ontology/admingeo/County,South East,http://data.ordnancesurvey.co.uk/id/7000000000041421,England,http://data.ordnancesurvey.co.uk/id/country/england,,,
CT201ET,http://data.ordnancesurvey.co.uk/id/postcodeunit/CT201ET,CT20 1ET,,,,other,Postcode,622909,136086,3500,18000,,,,,,,Folkestone,http://data.ordnancesurvey.co.uk/id/4000000074566736,http://www.ordnancesurvey.co.uk/xml/codelists/localtype.xml#town,Folkestone and Hythe,http://data.ordnancesurvey.co.uk/id/7000000000018085,http://data.ordnancesurvey.co.uk/ontology/admingeo/District,Kent,http://data.ordnancesurvey.co.uk/id/7000000000018210,http://data.ordnancesurvey.co.uk/ontology/admingeo/County,South East,http://data.ordnancesurvey.co.uk/id/7000000000041421,England,http://data.ordnancesurvey.co.uk/id/country/england,,,
CT203BT,http://data.ordnancesurvey.co.uk/id/postcodeunit/CT203BT,CT20 3BT,,,,other,Postcode,620202,135714,3500,18000,,,,,,,Folkestone,http://data.ordnancesurvey.co.uk/id/4000000074566736,http://www.ordnancesurvey.co.uk/xml/codelists/localtype.xml#town,Folkestone and Hythe,http://data.ordnancesurvey.co.uk/id/7000000000018085,http://data.ordnancesurvey.co.uk/ontology/admingeo/District,Kent,http://data.ordnancesurvey.co.uk/id/7000000000018210,http://data.ordnancesurvey.co.uk/ontology/admingeo/County,South East,http://data.ordnancesurvey.co.uk/id/7000000000041421,England,http://data.ordnancesurvey.co.uk/id/country/england,,,
CT195EH,http://data.ordnancesurvey.co.uk/id/postcodeunit/CT195EH,CT19 5EH,,,,other,Postcode,622331,137330,3500,18000,,,,,,,Folkestone,http://data.ordnancesurvey.co.uk/id/4000000074566736,http://www.ordnancesurvey.co.uk/xml/codelists/localtype.xml#town,Folkestone and Hythe,http://data.ordnancesurvey.co.uk/id/7000000000018085,http://data.ordnancesurvey.co.uk/ontology/admingeo/District,Kent,http://data.ordnancesurvey.co.uk/id/7000000000018210,http://data.ordnancesurvey.co.uk/ontology/admingeo/County,South East,http://data.ordnancesurvey.co.uk/id/7000000000041421,England,http://data.ordnancesurvey.co.uk/id/country/england,,,
CT196EN,http://data.ordnancesurvey.co.uk/id/postcodeunit/CT196EN,CT19 6EN,,,,other,Postcode,622966,137063,3500,18000,,,,,,,Folkestone,http://data.ordnancesurvey.co.uk/id/4000000074566736,http://www.ordnancesurvey.co.uk/xml/codelists/localtype.xml#town,Folkestone and Hythe,http://data.ordnancesurvey.co.uk/id/7000000000018085,http://data.ordnancesurvey.co.uk/ontology/admingeo/District,Kent,http://data.ordnancesurvey.co.uk/id/7000000000018210,http://data.ordnancesurvey.co.uk/ontology/admingeo/County,South East,http://data.ordnancesurvey.co.uk/id/7000000000041421,England,http://data.ordnancesurvey.co.uk/id/country/england,,,
CT194NY,http://data.ordnancesurvey.co.uk/id/postcodeunit/CT194NY,CT19 4NY,,,,other,Postcode,620429,137143,3500,18000,,,,,,,Folkestone,http://data.ordnancesurvey.co.uk/id/4000000074566736,http://www.ordnancesurvey.co.uk/xml/codelists/localtype.xml#town,Folkestone and Hythe,http://data.ordnancesurvey.co.uk/id/7000000000018085,http://data.ordnancesurvey.co.uk/ontology/admingeo/District,Kent,http://data.ordnancesurvey.co.uk/id/7000000000018210,http://data.ordnancesurvey.co.uk/ontology/admingeo/County,South East,http://data.ordnancesurvey.co.uk/id/7000000000041421,England,http://data.ordnancesurvey.co.uk/id/country/england,,,
CT196DF,http://data.ordnancesurvey.co.uk/id/postcodeunit/CT196DF,CT19 6DF,,,,other,Postcode,623620,136803,3500,18000,,,,,,,Folkestone,http://data.ordnancesurvey.co.uk/id/4000000074566736,http://www.ordnancesurvey.co.uk/xml/codelists/localtype.xml#town,Folkestone and Hythe,http://data.ordnancesurvey.co.uk/id/7000000000018085,http://data.ordnancesurvey.co.uk/ontology/admingeo/District,Kent,http://data.ordnancesurvey.co.uk/id/7000000000018210,http://data.ordnancesurvey.co.uk/ontology/admingeo/County,South East,http://data.ordnancesurvey.co.uk/id/7000000000041421,England,http://data.ordnancesurvey.co.uk/id/country/england,,,
CT201EN,http://data.ordnancesurvey.co.uk/id/postcodeunit/CT201EN,CT20 1EN,,,,other,Postcode,622698,136302,3500,18000,,,,,,,Folkestone,http://data.ordnancesurvey.co.uk/id/4000000074566736,http://www.ordnancesurvey.co.uk/xml/codelists/localtype.xml#town,Folkestone and Hythe,http://data.ordnancesurvey.co.uk/id/7000000000018085,http://data.ordnancesurvey.co.uk/ontology/admingeo/District,Kent,http://data.ordnancesurvey.co.uk/id/7000000000018210,http://data.ordnancesurvey.co.uk/ontology/admingeo/County,South East,http://data.ordnancesurvey.co.uk/id/7000000000041421,England,http://data.ordnancesurvey.co.uk/id/country/england,,,
CT195UF,http://data.ordnancesurvey.co.uk/id/postcodeunit/CT195UF,CT19 5UF,,,,other,Postcode,621352,137315,3500,18000,,,,,,,Folkestone,http://data.ordnancesurvey.co.uk/id/4000000074566736,http://www.ordnancesurvey.co.uk/xml/codelists/localtype.xml#town,Folkestone and Hythe,http://data.ordnancesurvey.co.uk/id/7000000000018085,http://data.ordnancesurvey.co.uk/ontology/admingeo/District,Kent,http://data.ordnancesurvey.co.uk/id/7000000000018210,http://data.ordnancesurvey.co.uk/ontology/admingeo/County,South East,http://data.ordnancesurvey.co.uk/id/7000000000041421,England,http://data.ordnancesurvey.co.uk/id/country/england,,,
CT187LS,http://data.ordnancesurvey.co.uk/id/postcodeunit/CT187LS,CT18 7LS,,,,other,Postcode,624893,138682,3500,18000,,,,,,,Capel-le-Ferne,http://data.ordnancesurvey.co.uk/id/4000000074568384,http://www.ordnancesurvey.co.uk/xml/codelists/localtype.xml#village,Dover,http://data.ordnancesurvey.co.uk/id/7000000000017977,http://data.ordnancesurvey.co.uk/ontology/admingeo/District,Kent,http://data.ordnancesurvey.co.uk/id/7000000000018210,http://data.ordnancesurvey.co.uk/ontology/admingeo/County,South East,http://data.ordnancesurvey.co.uk/id/7000000000041421,England,http://data.ordnancesurvey.co.uk/id/country/england,,,
CT187AJ,http://data.ordnancesurvey.co.uk/id/postcodeunit/CT187AJ,CT18 7AJ,,,,other,Postcode,622118,138956,3500,18000,,,,,,,,,,Folkestone and Hythe,http://data.ordnancesurvey.co.uk/id/7000000000018085,http://data.ordnancesurvey.co.uk/ontology/admingeo/District,Kent,http://data.ordnancesurvey.co.uk/id/7000000000018210,http://data.ordnancesurvey.co.uk/ontology/admingeo/County,South East,http://data.ordnancesurvey.co.uk/id/7000000000041421,England,http://data.ordnancesurvey.co.uk/id/country/england,,,
CT196EF,http://data.ordnancesurvey.co.uk/id/postcodeunit/CT196EF,CT19 6EF,,,,other,Postcode,623292,136931,3500,18000,,,,,,,Folkestone,http://data.ordnancesurvey.co.uk/id/4000000074566736,http://www.ordnancesurvey.co.uk/xml/codelists/localtype.xml#town,Folkestone and Hythe,http://data.ordnancesurvey.co.uk/id/7000000000018085,http://data.ordnancesurvey.co.uk/ontology/admingeo/District,Kent,http://data.ordnancesurvey.co.uk/id/7000000000018210,http://data.ordnancesurvey.co.uk/ontology/admingeo/County,South East,http://data.ordnancesurvey.co.uk/id/7000000000041421,England,http://data.ordnancesurvey.co.uk/id/country/england,,,
CT196HE,http://data.ordnancesurvey.co.uk/id/postcodeunit/CT196HE,CT19 6HE,,,,other,Postcode,623118,136956,3500,18000,,,,,,,Folkestone,http://data.ordnancesurvey.co.uk/id/4000000074566736,http://www.ordnancesurvey.co.uk/xml/codelists/localtype.xml#town,Folkestone and Hythe,http://data.ordnancesurvey.co.uk/id/7000000000018085,http://data.ordnancesurvey.co.uk/ontology/admingeo/District,Kent,http://data.ordnancesurvey.co.uk/id/7000000000018210,http://data.ordnancesurvey.co.uk/ontology/admingeo/County,South East,http://data.ordnancesurvey.co.uk/id/7000000000041421,England,http://data.ordnancesurvey.co.uk/id/country/england,,,
CT201SW,http://data.ordnancesurvey.co.uk/id/postcodeunit/CT201SW,CT20 1SW,,,,other,Postcode,622951,135839,3500,18000,,,,,,,Folkestone,http://data.ordnancesurvey.co.uk/id/4000000074566736,http://www.ordnancesurvey.co.uk/xml/codelists/localtype.xml#town,Folkestone and Hythe,http://data.ordnancesurvey.co.uk/id/7000000000018085,http://data.ordnancesurvey.co.uk/ontology/admingeo/District,Kent,http://data.ordnancesurvey.co.uk/id/7000000000018210,http://data.ordnancesurvey.co.uk/ontology/admingeo/County,South East,http://data.ordnancesurvey.co.uk/id/7000000000041421,England,http://data.ordnancesurvey.co.uk/id/country/england,,,
CT201SD,http://data.ordnancesurvey.co.uk/id/postcodeunit/CT201SD,CT20 1SD,,,,other,Postcode,622942,136270,3500,18000,,,,,,,Folkestone,http://data.ordnancesurvey.co.uk/id/4000000074566736,http://www.ordnancesurvey.co.uk/xml/codelists/localtype.xml#town,Folkestone and Hythe,http://data.ordnancesurvey.co.uk/id/7000000000018085,http://data.ordnancesurvey.co.uk/ontology/admingeo/District,Kent,http://data.ordnancesurvey.co.uk/id/7000000000018210,http://data.ordnancesurvey.co.uk/ontology/admingeo/County,South East,http://data.ordnancesurvey.co.uk/id/7000000000041421,England,http://data.ordnancesurvey.co.uk/id/country/england,,,
CT187SL,http://data.ordnancesurvey.co.uk/id/postcodeunit/CT187SL,CT18 7SL,,,,other,Postcode,620870,139131,3500,18000,,,,,,,Hawkinge,http://data.ordnancesurvey.co.uk/id/4000000074566747,http://www.ordnancesurvey.co.uk/xml/codelists/localtype.xml#village,Folkestone and Hythe,http://data.ordnancesurvey.co.uk/id/7000000000018085,http://data.ordnancesurvey.co.uk/ontology/admingeo/District,Kent,http://data.ordnancesurvey.co.uk/id/7000000000018210,http://data.ordnancesurvey.co.uk/ontology/admingeo/County,South East,http://data.ordnancesurvey.co.uk/id/7000000000041421,England,http://data.ordnancesurvey.co.uk/id/country/england,,,
CT202BZ,http://data.ordnancesurvey.co.uk/id/postcodeunit/CT202BZ,CT20 2BZ,,,,other,Postcode,622332,135686,3500,18000,,,,,,,Folkestone,http://data.ordnancesurvey.co.uk/id/4000000074566736,http://www.ordnancesurvey.co.uk/xml/codelists/localtype.xml#town,Folkestone and Hythe,http://data.ordnancesurvey.co.uk/id/7000000000018085,http://data.ordnancesurvey.co.uk/ontology/admingeo/District,Kent,http://data.ordnancesurvey.co.uk/id/7000000000018210,http://data.ordnancesurvey.co.uk/ontology/admingeo/County,South East,http://data.ordnancesurvey.co.uk/id/7000000000041421,England,http://data.ordnancesurvey.co.uk/id/country/england,,,
CT187RE,http://data.ordnancesurvey.co.uk/id/postcodeunit/CT187RE,CT18 7RE,,,,other,Postcode,621016,139529,3500,18000,,,,,,,Hawkinge,http://data.ordnancesurvey.co.uk/id/4000000074566747,http://www.ordnancesurvey.co.uk/xml/codelists/localtype.xml#village,Folkestone and Hythe,http://data.ordnancesurvey.co.uk/id/7000000000018085,http://data.ordnancesurvey.co.uk/ontology/admingeo/District,Kent,http://data.ordnancesurvey.co.uk/id/7000000000018210,http://data.ordnancesurvey.co.uk/ontology/admingeo/County,South East,http://data.ordnancesurvey.co.uk/id/7000000000041421,England,http://data.ordnancesurvey.co.uk/id/country/england,,,
CT187LX,http://data.ordnancesurvey.co.uk/id/postcodeunit/CT187LX,CT18 7LX,,,,other,Postcode,624940,138848,3500,18000,,,,,,,Capel-le-Ferne,http://data.ordnancesurvey.co.uk/id/4000000074568384,http://www.ordnancesurvey.co.uk/xml/codelists/localtype.xml#village,Dover,http://data.ordnancesurvey.co.uk/id/7000000000017977,http://data.ordnancesurvey.co.uk/ontology/admingeo/District,Kent,http://data.ordnancesurvey.co.uk/id/7000000000018210,http://data.ordnancesurvey.co.uk/ontology/admingeo/County,South East,http://data.ordnancesurvey.co.uk/id/7000000000041421,England,http://data.ordnancesurvey.co.uk/id/country/england,,,
CT201BA,http://data.ordnancesurvey.co.uk/id/postcodeunit/CT201BA,CT20 1BA,,,,other,Postcode,622584,135874,3500,18000,,,,,,,Folkestone,http://data.ordnancesurvey.co.uk/id/4000000074566736,http://www.ordnancesurvey.co.uk/xml/codelists/localtype.xml#town,Folkestone and Hythe,http://data.ordnancesurvey.co.uk/id/7000000000018085,http://data.ordnancesurvey.co.uk/ontology/admingeo/District,Kent,http://data.ordnancesurvey.co.uk/id/7000000000018210,http://data.ordnancesurvey.co.uk/ontology/admingeo/County,South East,http://data.ordnancesurvey.co.uk/id/7000000000041421,England,http://data.ordnancesurvey.co.uk/id/country/england,,,
CT209GQ,http://data.ordnancesurvey.co.uk/id/postcodeunit/CT209GQ,CT20 9GQ,,,,other,Postcode,622641,135834,3500,18000,,,,,,,Folkestone,http://data.ordnancesurvey.co.uk/id/4000000074566736,http://www.ordnancesurvey.co.uk/xml/codelists/localtype.xml#town,Folkestone and Hythe,http://data.ordnancesurvey.co.uk/id/7000000000018085,http://data.ordnancesurvey.co.uk/ontology/admingeo/District,Kent,http://data.ordnancesurvey.co.uk/id/7000000000018210,http://data.ordnancesurvey.co.uk/ontology/admingeo/County,South East,http://data.ordnancesurvey.co.uk/id/7000000000041421,England,http://data.ordnancesurvey.co.uk/id/country/england,,,
CT195TQ,http://data.ordnancesurvey.co.uk/id/postcodeunit/CT195TQ,CT19 5TQ,,,,other,Postcode,622946,137092,3500,18000,,,,,,,Folkestone,http://data.ordnancesurvey.co.uk/id/4000000074566736,http://www.ordnancesurvey.co.uk/xml/codelists/localtype.xml#town,Folkestone and Hythe,http://data.ordnancesurvey.co.uk/id/7000000000018085,http://data.ordnancesurvey.co.uk/ontology/admingeo/District,Kent,http://data.ordnancesurvey.co.uk/id/7000000000018210,http://data.ordnancesurvey.co.uk/ontology/admingeo/County,South East,http://data.ordnancesurvey.co.uk/id/7000000000041421,England,http://data.ordnancesurvey.co.uk/id/country/england,,,
CT187LF,http://data.ordnancesurvey.co.uk/id/postcodeunit/CT187LF,CT18 7LF,,,,other,Postcode,625230,138654,3500,18000,,,,,,,Capel-le-Ferne,http://data.ordnancesurvey.co.uk/id/4000000074568384,http://www.ordnancesurvey.co.uk/xml/codelists/localtype.xml#village,Dover,http://data.ordnancesurvey.co.uk/id/7000000000017977,http://data.ordnancesurvey.co.uk/ontology/admingeo/District,Kent,http://data.ordnancesurvey.co.uk/id/7000000000018210,http://data.ordnancesurvey.co.uk/ontology/admingeo/County,South East,http://data.ordnancesurvey.co.uk/id/7000000000041421,England,http://data.ordnancesurvey.co.uk/id/country/england,,,
CT201LG,http://data.ordnancesurvey.co.uk/id/postcodeunit/CT201LG,CT20 1LG,,,,other,Postcode,623136,136391,3500,18000,,,,,,,Folkestone,http://data.ordnancesurvey.co.uk/id/4000000074566736,http://www.ordnancesurvey.co.uk/xml/codelists/localtype.xml#town,Folkestone and Hythe,http://data.ordnancesurvey.co.uk/id/7000000000018085,http://data.ordnancesurvey.co.uk/ontology/admingeo/District,Kent,http://data.ordnancesurvey.co.uk/id/7000000000018210,http://data.ordnancesurvey.co.uk/ontology/admingeo/County,South East,http://data.ordnancesurvey.co.uk/id/7000000000041421,England,http://data.ordnancesurvey.co.uk/id/country/england,,,
CT209SZ,http://data.ordnancesurvey.co.uk/id/postcodeunit/CT209SZ,CT20 9SZ,,,,other,Postcode,622119,135914,3500,18000,,,,,,,Folkestone,http://data.ordnancesurvey.co.uk/id/4000000074566736,http://www.ordnancesurvey.co.uk/xml/codelists/localtype.xml#town,Folkestone and Hythe,http://data.ordnancesurvey.co.uk/id/7000000000018085,http://data.ordnancesurvey.co.uk/ontology/admingeo/District,Kent,http://data.ordnancesurvey.co.uk/id/7000000000018210,http://data.ordnancesurvey.co.uk/ontology/admingeo/County,South East,http://data.ordnancesurvey.co.uk/id/7000000000041421,England,http://data.ordnancesurvey.co.uk/id/country/england,,,
CT195HW,http://data.ordnancesurvey.co.uk/id/postcodeunit/CT195HW,CT19 5HW,,,,other,Postcode,621961,136611,3500,18000,,,,,,,Folkestone,http://data.ordnancesurvey.co.uk/id/4000000074566736,http://www.ordnancesurvey.co.uk/xml/codelists/localtype.xml#town,Folkestone and Hythe,http://data.ordnancesurvey.co.uk/id/7000000000018085,http://data.ordnancesurvey.co.uk/ontology/admingeo/District,Kent,http://data.ordnancesurvey.co.uk/id/7000000000018210,http://data.ordnancesurvey.co.uk/ontology/admingeo/County,South East,http://data.ordnancesurvey.co.uk/id/7000000000041421,England,http://data.ordnancesurvey.co.uk/id/country/england,,,
CT196PA,http://data.ordnancesurvey.co.uk/id/postcodeunit/CT196PA,CT19 6PA,,,,other,Postcode,623590,137597,3500,18000,,,,,,,Folkestone,http://data.ordnancesurvey.co.uk/id/4000000074566736,http://www.ordnancesurvey.co.uk/xml/codelists/localtype.xml#town,Folkestone and Hythe,http://data.ordnancesurvey.co.uk/id/7000000000018085,http://data.ordnancesurvey.co.uk/ontology/admingeo/District,Kent,http://data.ordnancesurvey.co.uk/id/7000000000018210,http://data.ordnancesurvey.co.uk/ontology/admingeo/County,South East,http://data.ordnancesurvey.co.uk/id/7000000000041421,England,http://data.ordnancesurvey.co.uk/id/country/england,,,
CT201JG,http://data.ordnancesurvey.co.uk/id/postcodeunit/CT201JG,CT20 1JG,,,,other,Postcode,623089,136087,3500,18000,,,,,,,Folkestone,http://data.ordnancesurvey.co.uk/id/4000000074566736,http://www.ordnancesurvey.co.uk/xml/codelists/localtype.xml#town,Folkestone and Hythe,http://data.ordnancesurvey.co.uk/id/7000000000018085,http://data.ordnancesurvey.co.uk/ontology/admingeo/District,Kent,http://data.ordnancesurvey.co.uk/id/7000000000018210,http://data.ordnancesurvey.co.uk/ontology/admingeo/County,South East,http://data.ordnancesurvey.co.uk/id/7000000000041421,England,http://data.ordnancesurvey.co.uk/id/country/england,,,
CT203RN,http://data.ordnancesurvey.co.uk/id/postcodeunit/CT203RN,CT20 3RN,,,,other,Postcode,620462,136037,3500,18000,,,,,,,Folkestone,http://data.ordnancesurvey.co.uk/id/4000000074566736,http://www.ordnancesurvey.co.uk/xml/codelists/localtype.xml#town,Folkestone and Hythe,http://data.ordnancesurvey.co.uk/id/7000000000018085,http://data.ordnancesurvey.co.uk/ontology/admingeo/District,Kent,http://data.ordnancesurvey.co.uk/id/7000000000018210,http://data.ordnancesurvey.co.uk/ontology/admingeo/County,South East,http://data.ordnancesurvey.co.uk/id/7000000000041421,England,http://data.ordnancesurvey.co.uk/id/country/england,,,
CT196JZ,http://data.ordnancesurvey.co.uk/id/postcodeunit/CT196JZ,CT19 6JZ,,,,other,Postcode,622678,137763,3500,18000,,,,,,,Folkestone,http://data.ordnancesurvey.co.uk/id/4000000074566736,http://www.ordnancesurvey.co.uk/xml/codelists/localtype.xml#town,Folkestone and Hythe,http://data.ordnancesurvey.co.uk/id/7000000000018085,http://data.ordnancesurvey.co.uk/ontology/admingeo/District,Kent,http://data.ordnancesurvey.co.uk/id/7000000000018210,http://data.ordnancesurvey.co.uk/ontology/admingeo/County,South East,http://data.ordnancesurvey.co.uk/id/7000000000041421,England,http://data.ordnancesurvey.co.uk/id/country/england,,,
CT196QL,http://data.ordnancesurvey.co.uk/id/postcodeunit/CT196QL,CT19 6QL,,,,other,Postcode,623726,136998,3500,18000,,,,,,,Folkestone,http://data.ordnancesurvey.co.uk/id/4000000074566736,http://www.ordnancesurvey.co.uk/xml/codelists/localtype.xml#town,Folkestone and Hythe,http://data.ordnancesurvey.co.uk/id/7000000000018085,http://data.ordnancesurvey.co.uk/ontology/admingeo/District,Kent,http://data.ordnancesurvey.co.uk/id/7000000000018210,http://data.ordnancesurvey.co.uk/ontology/admingeo/County,South East,http://data.ordnancesurvey.co.uk/id/7000000000041421,England,http://data.ordnancesurvey.co.uk/id/country/england,,,
CT201BZ,http://data.ordnancesurvey.co.uk/id/postcodeunit/CT201BZ,CT20 1BZ,,,,other,Postcode,622592,136087,3500,18000,,,,,,,Folkestone,http://data.ordnancesurvey.co.uk/id/4000000074566736,http://www.ordnancesurvey.co.uk/xml/codelists/localtype.xml#town,Folkestone and Hythe,http://data.ordnancesurvey.co.uk/id/7000000000018085,http://data.ordnancesurvey.co.uk/ontology/admingeo/District,Kent,http://data.ordnancesurvey.co.uk/id/7000000000018210,http://data.ordnancesurvey.co.uk/ontology/admingeo/County,South East,http://data.ordnancesurvey.co.uk/id/7000000000041421,England,http://data.ordnancesurvey.co.uk/id/country/england,,,
CT201JW,http://data.ordnancesurvey.co.uk/id/postcodeunit/CT201JW,CT20 1JW,,,,other,Postcode,622986,136294,3500,18000,,,,,,,Folkestone,http://data.ordnancesurvey.co.uk/id/4000000074566736,http://www.ordnancesurvey.co.uk/xml/codelists/localtype.xml#town,Folkestone and Hythe,http://data.ordnancesurvey.co.uk/id/7000000000018085,http://data.ordnancesurvey.co.uk/ontology/admingeo/District,Kent,http://data.ordnancesurvey.co.uk/id/7000000000018210,http://data.ordnancesurvey.co.uk/ontology/admingeo/County,South East,http://data.ordnancesurvey.co.uk/id/7000000000041421,England,http://data.ordnancesurvey.co.uk/id/country/england,,,
CT194FQ,http://data.ordnancesurvey.co.uk/id/postcodeunit/CT194FQ,CT19 4FQ,,,,other,Postcode,620169,136768,3500,18000,,,,,,,Folkestone,http://data.ordnancesurvey.co.uk/id/4000000074566736,http://www.ordnancesurvey.co.uk/xml/codelists/localtype.xml#town,Folkestone and Hythe,http://data.ordnancesurvey.co.uk/id/7000000000018085,http://data.ordnancesurvey.co.uk/ontology/admingeo/District,Kent,http://data.ordnancesurvey.co.uk/id/7000000000018210,http://data.ordnancesurvey.co.uk/ontology/admingeo/County,South East,http://data.ordnancesurvey.co.uk/id/7000000000041421,England,http://data.ordnancesurvey.co.uk/id/country/england,,,
CT202HG,http://data.ordnancesurvey.co.uk/id/postcodeunit/CT202HG,CT20 2HG,,,,other,Postcode,621810,135598,3500,18000,,,,,,,Folkestone,http://data.ordnancesurvey.co.uk/id/4000000074566736,http://www.ordnancesurvey.co.uk/xml/codelists/localtype.xml#town,Folkestone and Hythe,http://data.ordnancesurvey.co.uk/id/7000000000018085,http://data.ordnancesurvey.co.uk/ontology/admingeo/District,Kent,http://data.ordnancesurvey.co.uk/id/7000000000018210,http://data.ordnancesurvey.co.uk/ontology/admingeo/County,South East,http://data.ordnancesurvey.co.uk/id/7000000000041421,England,http://data.ordnancesurvey.co.uk/id/country/england,,,
CT203NG,http://data.ordnancesurvey.co.uk/id/postcodeunit/CT203NG,CT20 3NG,,,,other,Postcode,620410,135910,3500,18000,,,,,,,Folkestone,http://data.ordnancesurvey.co.uk/id/4000000074566736,http://www.ordnancesurvey.co.uk/xml/codelists/localtype.xml#town,Folkestone and Hythe,http://data.ordnancesurvey.co.uk/id/7000000000018085,http://data.ordnancesurvey.co.uk/ontology/admingeo/District,Kent,http://data.ordnancesurvey.co.uk/id/7000000000018210,http://data.ordnancesurvey.co.uk/ontology/admingeo/County,South East,http://data.ordnancesurvey.co.uk/id/7000000000041421,England,http://data.ordnancesurvey.co.uk/id/country/england,,,
CT202AA,http://data.ordnancesurvey.co.uk/id/postcodeunit/CT202AA,CT20 2AA,,,,other,Postcode,622666,135801,3500,18000,,,,,,,Folkestone,http://data.ordnancesurvey.co.uk/id/4000000074566736,http://www.ordnancesurvey.co.uk/xml/codelists/localtype.xml#town,Folkestone and Hythe,http://data.ordnancesurvey.co.uk/id/7000000000018085,http://data.ordnancesurvey.co.uk/ontology/admingeo/District,Kent,http://data.ordnancesurvey.co.uk/id/7000000000018210,http://data.ordnancesurvey.co.uk/ontology/admingeo/County,South East,http://data.ordnancesurvey.co.uk/id/7000000000041421,England,http://data.ordnancesurvey.co.uk/id/country/england,,,
CT196PP,http://data.ordnancesurvey.co.uk/id/postcodeunit/CT196PP,CT19 6PP,,,,other,Postcode,624000,137428,3500,18000,,,,,,,Folkestone,http://data.ordnancesurvey.co.uk/id/4000000074566736,http://www.ordnancesurvey.co.uk/xml/codelists/localtype.xml#town,Folkestone and Hythe,http://data.ordnancesurvey.co.uk/id/7000000000018085,http://data.ordnancesurvey.co.uk/ontology/admingeo/District,Kent,http://data.ordnancesurvey.co.uk/id/7000000000018210,http://data.ordnancesurvey.co.uk/ontology/admingeo/County,South East,http://data.ordnancesurvey.co.uk/id/7000000000041421,England,http://data.ordnancesurvey.co.uk/id/country/england,,,
CT202TJ,http://data.ordnancesurvey.co.uk/id/postcodeunit/CT202TJ,CT20 2TJ,,,,other,Postcode,621754,135647,3500,18000,,,,,,,Folkestone,http://data.ordnancesurvey.co.uk/id/4000000074566736,http://www.ordnancesurvey.co.uk/xml/codelists/localtype.xml#town,Folkestone and Hythe,http://data.ordnancesurvey.co.uk/id/7000000000018085,http://data.ordnancesurvey.co.uk/ontology/admingeo/District,Kent,http://data.ordnancesurvey.co.uk/id/7000000000018210,http://data.ordnancesurvey.co.uk/ontology/admingeo/County,South East,http://data.ordnancesurvey.co.uk/id/7000000000041421,England,http://data.ordnancesurvey.co.uk/id/country/england,,,
CT194ER,http://data.ordnancesurvey.co.uk/id/postcodeunit/CT194ER,CT19 4ER,,,,other,Postcode,620423,136761,3500,18000,,,,,,,Folkestone,http://data.ordnancesurvey.co.uk/id/4000000074566736,http://www.ordnancesurvey.co.uk/xml/codelists/localtype.xml#town,Folkestone and Hythe,http://data.ordnancesurvey.co.uk/id/7000000000018085,http://data.ordnancesurvey.co.uk/ontology/admingeo/District,Kent,http://data.ordnancesurvey.co.uk/id/7000000000018210,http://data.ordnancesurvey.co.uk/ontology/admingeo/County,South East,http://data.ordnancesurvey.co.uk/id/7000000000041421,England,http://data.ordnancesurvey.co.uk/id/country/england,,,
CT194AR,http://data.ordnancesurvey.co.uk/id/postcodeunit/CT194AR,CT19 4AR,,,,other,Postcode,620838,137230,3500,18000,,,,,,,Folkestone,http://data.ordnancesurvey.co.uk/id/4000000074566736,http://www.ordnancesurvey.co.uk/xml/codelists/localtype.xml#town,Folkestone and Hythe,http://data.ordnancesurvey.co.uk/id/7000000000018085,http://data.ordnancesurvey.co.uk/ontology/admingeo/District,Kent,http://data.ordnancesurvey.co.uk/id/7000000000018210,http://data.ordnancesurvey.co.uk/ontology/admingeo/County,South East,http://data.ordnancesurvey.co.uk/id/7000000000041421,England,http://data.ordnancesurvey.co.uk/id/country/england,,,
CT202QN,http://data.ordnancesurvey.co.uk/id/postcodeunit/CT202QN,CT20 2QN,,,,other,Postcode,622229,136233,3500,18000,,,,,,,Folkestone,http://data.ordnancesurvey.co.uk/id/4000000074566736,http://www.ordnancesurvey.co.uk/xml/codelists/localtype.xml#town,Folkestone and Hythe,http://data.ordnancesurvey.co.uk/id/7000000000018085,http://data.ordnancesurvey.co.uk/ontology/admingeo/District,Kent,http://data.ordnancesurvey.co.uk/id/7000000000018210,http://data.ordnancesurvey.co.uk/ontology/admingeo/County,South East,http://data.ordnancesurvey.co.uk/id/7000000000041421,England,http://data.ordnancesurvey.co.uk/id/country/england,,,
CT194FJ,http://data.ordnancesurvey.co.uk/id/postcodeunit/CT194FJ,CT19 4FJ,,,,other,Postcode,620629,137504,3500,18000,,,,,,,Folkestone,http://data.ordnancesurvey.co.uk/id/4000000074566736,http://www.ordnancesurvey.co.uk/xml/codelists/localtype.xml#town,Folkestone and Hythe,http://data.ordnancesurvey.co.uk/id/7000000000018085,http://data.ordnancesurvey.co.uk/ontology/admingeo/District,Kent,http://data.ordnancesurvey.co.uk/id/7000000000018210,http://data.ordnancesurvey.co.uk/ontology/admingeo/County,South East,http://data.ordnancesurvey.co.uk/id/7000000000041421,England,http://data.ordnancesurvey.co.uk/id/country/england,,,
CT203JQ,http://data.ordnancesurvey.co.uk/id/postcodeunit/CT203JQ,CT20 3JQ,,,,other,Postcode,620889,135643,3500,18000,,,,,,,Folkestone,http://data.ordnancesurvey.co.uk/id/4000000074566736,http://www.ordnancesurvey.co.uk/xml/codelists/localtype.xml#town,Folkestone and Hythe,http://data.ordnancesurvey.co.uk/id/7000000000018085,http://data.ordnancesurvey.co.uk/ontology/admingeo/District,Kent,http://data.ordnancesurvey.co.uk/id/7000000000018210,http://data.ordnancesurvey.co.uk/ontology/admingeo/County,South East,http://data.ordnancesurvey.co.uk/id/7000000000041421,England,http://data.ordnancesurvey.co.uk/id/country/england,,,
CT201LS,http://data.ordnancesurvey.co.uk/id/postcodeunit/CT201LS,CT20 1LS,,,,other,Postcode,623123,136159,3500,18000,,,,,,,Folkestone,http://data.ordnancesurvey.co.uk/id/4000000074566736,http://www.ordnancesurvey.co.uk/xml/codelists/localtype.xml#town,Folkestone and Hythe,http://data.ordnancesurvey.co.uk/id/7000000000018085,http://data.ordnancesurvey.co.uk/ontology/admingeo/District,Kent,http://data.ordnancesurvey.co.uk/id/7000000000018210,http://data.ordnancesurvey.co.uk/ontology/admingeo/County,South East,http://data.ordnancesurvey.co.uk/id/7000000000041421,England,http://data.ordnancesurvey.co.uk/id/country/england,,,
CT202BE,http://data.ordnancesurvey.co.uk/id/postcodeunit/CT202BE,CT20 2BE,,,,other,Postcode,622617,135783,3500,18000,,,,,,,Folkestone,http://data.ordnancesurvey.co.uk/id/4000000074566736,http://www.ordnancesurvey.co.uk/xml/codelists/localtype.xml#town,Folkestone and Hythe,http://data.ordnancesurvey.co.uk/id/7000000000018085,http://data.ordnancesurvey.co.uk/ontology/admingeo/District,Kent,http://data.ordnancesurvey.co.uk/id/7000000000018210,http://data.ordnancesurvey.co.uk/ontology/admingeo/County,South East,http://data.ordnancesurvey.co.uk/id/7000000000041421,England,http://data.ordnancesurvey.co.uk/id/country/england,,,
CT187LG,http://data.ordnancesurvey.co.uk/id/postcodeunit/CT187LG,CT18 7LG,,,,other,Postcode,625346,138585,3500,18000,,,,,,,Capel-le-Ferne,http://data.ordnancesurvey.co.uk/id/4000000074568384,http://www.ordnancesurvey.co.uk/xml/codelists/localtype.xml#village,Dover,http://data.ordnancesurvey.co.uk/id/7000000000017977,http://data.ordnancesurvey.co.uk/ontology/admingeo/District,Kent,http://data.ordnancesurvey.co.uk/id/7000000000018210,http://data.ordnancesurvey.co.uk/ontology/admingeo/County,South East,http://data.ordnancesurvey.co.uk/id/7000000000041421,England,http://data.ordnancesurvey.co.uk/id/country/england,,,
CT187QA,http://data.ordnancesurvey.co.uk/id/postcodeunit/CT187QA,CT18 7QA,,,,other,Postcode,622013,139756,3500,18000,,,,,,,Hawkinge,http://data.ordnancesurvey.co.uk/id/4000000074566747,http://www.ordnancesurvey.co.uk/xml/codelists/localtype.xml#village,Folkestone and Hythe,http://data.ordnancesurvey.co.uk/id/7000000000018085,http://data.ordnancesurvey.co.uk/ontology/admingeo/District,Kent,http://data.ordnancesurvey.co.uk/id/7000000000018210,http://data.ordnancesurvey.co.uk/ontology/admingeo/County,South East,http://data.ordnancesurvey.co.uk/id/7000000000041421,England,http://data.ordnancesurvey.co.uk/id/country/england,,,
CT195EP,http://data.ordnancesurvey.co.uk/id/postcodeunit/CT195EP,CT19 5EP,,,,other,Postcode,622467,136768,3500,18000,,,,,,,Folkestone,http://data.ordnancesurvey.co.uk/id/4000000074566736,http://www.ordnancesurvey.co.uk/xml/codelists/localtype.xml#town,Folkestone and Hythe,http://data.ordnancesurvey.co.uk/id/7000000000018085,http://data.ordnancesurvey.co.uk/ontology/admingeo/District,Kent,http://data.ordnancesurvey.co.uk/id/7000000000018210,http://data.ordnancesurvey.co.uk/ontology/admingeo/County,South East,http://data.ordnancesurvey.co.uk/id/7000000000041421,England,http://data.ordnancesurvey.co.uk/id/country/england,,,
CT201GY,http://data.ordnancesurvey.co.uk/id/postcodeunit/CT201GY,CT20 1GY,,,,other,Postcode,623069,136165,3500,18000,,,,,,,Folkestone,http://data.ordnancesurvey.co.uk/id/4000000074566736,http://www.ordnancesurvey.co.uk/xml/codelists/localtype.xml#town,Folkestone and Hythe,http://data.ordnancesurvey.co.uk/id/7000000000018085,http://data.ordnancesurvey.co.uk/ontology/admingeo/District,Kent,http://data.ordnancesurvey.co.uk/id/7000000000018210,http://data.ordnancesurvey.co.uk/ontology/admingeo/County,South East,http://data.ordnancesurvey.co.uk/id/7000000000041421,England,http://data.ordnancesurvey.co.uk/id/country/england,,,
CT187FB,http://data.ordnancesurvey.co.uk/id/postcodeunit/CT187FB,CT18 7FB,,,,other,Postcode,621407,139882,3500,18000,,,,,,,Hawkinge,http://data.ordnancesurvey.co.uk/id/4000000074566747,http://www.ordnancesurvey.co.uk/xml/codelists/localtype.xml#village,Folkestone and Hythe,http://data.ordnancesurvey.co.uk/id/7000000000018085,http://data.ordnancesurvey.co.uk/ontology/admingeo/District,Kent,http://data.ordnancesurvey.co.uk/id/7000000000018210,http://data.ordnancesurvey.co.uk/ontology/admingeo/County,South East,http://data.ordnancesurvey.co.uk/id/7000000000041421,England,http://data.ordnancesurvey.co.uk/id/country/england,,,
CT195PA,http://data.ordnancesurvey.co.uk/id/postcodeunit/CT195PA,CT19 5PA,,,,other,Postcode,622875,137308,3500,18000,,,,,,,Folkestone,http://data.ordnancesurvey.co.uk/id/4000000074566736,http://www.ordnancesurvey.co.uk/xml/codelists/localtype.xml#town,Folkestone and Hythe,http://data.ordnancesurvey.co.uk/id/7000000000018085,http://data.ordnancesurvey.co.uk/ontology/admingeo/District,Kent,http://data.ordnancesurvey.co.uk/id/7000000000018210,http://data.ordnancesurvey.co.uk/ontology/admingeo/County,South East,http://data.ordnancesurvey.co.uk/id/7000000000041421,England,http://data.ordnancesurvey.co.uk/id/country/england,,,
CT187NB,http://data.ordnancesurvey.co.uk/id/postcodeunit/CT187NB,CT18 7NB,,,,other,Postcode,620954,139810,3500,18000,,,,,,,Hawkinge,http://data.ordnancesurvey.co.uk/id/4000000074566747,http://www.ordnancesurvey.co.uk/xml/codelists/localtype.xml#village,Folkestone and Hythe,http://data.ordnancesurvey.co.uk/id/7000000000018085,http://data.ordnancesurvey.co.uk/ontology/admingeo/District,Kent,http://data.ordnancesurvey.co.uk/id/7000000000018210,http://data.ordnancesurvey.co.uk/ontology/admingeo/County,South East,http://data.ordnancesurvey.co.uk/id/7000000000041421,England,http://data.ordnancesurvey.co.uk/id/country/england,,,
CT196AZ,http://data.ordnancesurvey.co.uk/id/postcodeunit/CT196AZ,CT19 6AZ,,,,other,Postcode,623627,136537,3500,18000,,,,,,,Folkestone,http://data.ordnancesurvey.co.uk/id/4000000074566736,http://www.ordnancesurvey.co.uk/xml/codelists/localtype.xml#town,Folkestone and Hythe,http://data.ordnancesurvey.co.uk/id/7000000000018085,http://data.ordnancesurvey.co.uk/ontology/admingeo/District,Kent,http://data.ordnancesurvey.co.uk/id/7000000000018210,http://data.ordnancesurvey.co.uk/ontology/admingeo/County,South East,http://data.ordnancesurvey.co.uk/id/7000000000041421,England,http://data.ordnancesurvey.co.uk/id/country/england,,,
CT501AA,http://data.ordnancesurvey.co.uk/id/postcodeunit/CT501AA,CT50 1AA,,,,other,Postcode,620132,135989,3500,18000,,,,,,,Folkestone,http://data.ordnancesurvey.co.uk/id/4000000074566736,http://www.ordnancesurvey.co.uk/xml/codelists/localtype.xml#town,Folkestone and Hythe,http://data.ordnancesurvey.co.uk/id/7000000000018085,http://data.ordnancesurvey.co.uk/ontology/admingeo/District,Kent,http://data.ordnancesurvey.co.uk/id/7000000000018210,http://data.ordnancesurvey.co.uk/ontology/admingeo/County,South East,http://data.ordnancesurvey.co.uk/id/7000000000041421,England,http://data.ordnancesurvey.co.uk/id/country/england,,,
CT203PS,http://data.ordnancesurvey.co.uk/id/postcodeunit/CT203PS,CT20 3PS,,,,other,Postcode,620155,136474,3500,18000,,,,,,,Folkestone,http://data.ordnancesurvey.co.uk/id/4000000074566736,http://www.ordnancesurvey.co.uk/xml/codelists/localtype.xml#town,Folkestone and Hythe,http://data.ordnancesurvey.co.uk/id/7000000000018085,http://data.ordnancesurvey.co.uk/ontology/admingeo/District,Kent,http://data.ordnancesurvey.co.uk/id/7000000000018210,http://data.ordnancesurvey.co.uk/ontology/admingeo/County,South East,http://data.ordnancesurvey.co.uk/id/7000000000041421,England,http://data.ordnancesurvey.co.uk/id/country/england,,,
CT201AA,http://data.ordnancesurvey.co.uk/id/postcodeunit/CT201AA,CT20 1AA,,,,other,Postcode,622641,135834,3500,18000,,,,,,,Folkestone,http://data.ordnancesurvey.co.uk/id/4000000074566736,http://www.ordnancesurvey.co.uk/xml/codelists/localtype.xml#town,Folkestone and Hythe,http://data.ordnancesurvey.co.uk/id/7000000000018085,http://data.ordnancesurvey.co.uk/ontology/admingeo/District,Kent,http://data.ordnancesurvey.co.uk/id/7000000000018210,http://data.ordnancesurvey.co.uk/ontology/admingeo/County,South East,http://data.ordnancesurvey.co.uk/id/7000000000041421,England,http://data.ordnancesurvey.co.uk/id/country/england,,,
CT194DN,http://data.ordnancesurvey.co.uk/id/postcodeunit/CT194DN,CT19 4DN,,,,other,Postcode,620997,136616,3500,18000,,,,,,,Folkestone,http://data.ordnancesurvey.co.uk/id/4000000074566736,http://www.ordnancesurvey.co.uk/xml/codelists/localtype.xml#town,Folkestone and Hythe,http://data.ordnancesurvey.co.uk/id/7000000000018085,http://data.ordnancesurvey.co.uk/ontology/admingeo/District,Kent,http://data.ordnancesurvey.co.uk/id/7000000000018210,http://data.ordnancesurvey.co.uk/ontology/admingeo/County,South East,http://data.ordnancesurvey.co.uk/id/7000000000041421,England,http://data.ordnancesurvey.co.uk/id/country/england,,,
CT195RR,http://data.ordnancesurvey.co.uk/id/postcodeunit/CT195RR,CT19 5RR,,,,other,Postcode,622844,136753,3500,18000,,,,,,,Folkestone,http://data.ordnancesurvey.co.uk/id/4000000074566736,http://www.ordnancesurvey.co.uk/xml/codelists/localtype.xml#town,Folkestone and Hythe,http://data.ordnancesurvey.co.uk/id/7000000000018085,http://data.ordnancesurvey.co.uk/ontology/admingeo/District,Kent,http://data.ordnancesurvey.co.uk/id/7000000000018210,http://data.ordnancesurvey.co.uk/ontology/admingeo/County,South East,http://data.ordnancesurvey.co.uk/id/7000000000041421,England,http://data.ordnancesurvey.co.uk/id/country/england,,,
CT203QN,http://data.ordnancesurvey.co.uk/id/postcodeunit/CT203QN,CT20 3QN,,,,other,Postcode,620783,136139,3500,18000,,,,,,,Folkestone,http://data.ordnancesurvey.co.uk/id/4000000074566736,http://www.ordnancesurvey.co.uk/xml/codelists/localtype.xml#town,Folkestone and Hythe,http://data.ordnancesurvey.co.uk/id/7000000000018085,http://data.ordnancesurvey.co.uk/ontology/admingeo/District,Kent,http://data.ordnancesurvey.co.uk/id/7000000000018210,http://data.ordnancesurvey.co.uk/ontology/admingeo/County,South East,http://data.ordnancesurvey.co.uk/id/7000000000041421,England,http://data.ordnancesurvey.co.uk/id/country/england,,,
CT203AS,http://data.ordnancesurvey.co.uk/id/postcodeunit/CT203AS,CT20 3AS,,,,other,Postcode,620379,135237,3500,18000,,,,,,,Folkestone,http://data.ordnancesurvey.co.uk/id/4000000074566736,http://www.ordnancesurvey.co.uk/xml/codelists/localtype.xml#town,Folkestone and Hythe,http://data.ordnancesurvey.co.uk/id/7000000000018085,http://data.ordnancesurvey.co.uk/ontology/admingeo/District,Kent,http://data.ordnancesurvey.co.uk/id/7000000000018210,http://data.ordnancesurvey.co.uk/ontology/admingeo/County,South East,http://data.ordnancesurvey.co.uk/id/7000000000041421,England,http://data.ordnancesurvey.co.uk/id/country/england,,,
CT187SP,http://data.ordnancesurvey.co.uk/id/postcodeunit/CT187SP,CT18 7SP,,,,other,Postcode,620930,139188,3500,18000,,,,,,,Hawkinge,http://data.ordnancesurvey.co.uk/id/4000000074566747,http://www.ordnancesurvey.co.uk/xml/codelists/localtype.xml#village,Folkestone and Hythe,http://data.ordnancesurvey.co.uk/id/7000000000018085,http://data.ordnancesurvey.co.uk/ontology/admingeo/District,Kent,http://data.ordnancesurvey.co.uk/id/7000000000018210,http://data.ordnancesurvey.co.uk/ontology/admingeo/County,South East,http://data.ordnancesurvey.co.uk/id/7000000000041421,England,http://data.ordnancesurvey.co.uk/id/country/england,,,
CT195JZ,http://data.ordnancesurvey.co.uk/id/postcodeunit/CT195JZ,CT19 5JZ,,,,other,Postcode,621606,137447,3500,18000,,,,,,,Folkestone,http://data.ordnancesurvey.co.uk/id/4000000074566736,http://www.ordnancesurvey.co.uk/xml/codelists/localtype.xml#town,Folkestone and Hythe,http://data.ordnancesurvey.co.uk/id/7000000000018085,http://data.ordnancesurvey.co.uk/ontology/admingeo/District,Kent,http://data.ordnancesurvey.co.uk/id/7000000000018210,http://data.ordnancesurvey.co.uk/ontology/admingeo/County,South East,http://data.ordnancesurvey.co.uk/id/7000000000041421,England,http://data.ordnancesurvey.co.uk/id/country/england,,,
CT201DJ,http://data.ordnancesurvey.co.uk/id/postcodeunit/CT201DJ,CT20 1DJ,,,,other,Postcode,622338,136234,3500,18000,,,,,,,Folkestone,http://data.ordnancesurvey.co.uk/id/4000000074566736,http://www.ordnancesurvey.co.uk/xml/codelists/localtype.xml#town,Folkestone and Hythe,http://data.ordnancesurvey.co.uk/id/7000000000018085,http://data.ordnancesurvey.co.uk/ontology/admingeo/District,Kent,http://data.ordnancesurvey.co.uk/id/7000000000018210,http://data.ordnancesurvey.co.uk/ontology/admingeo/County,South East,http://data.ordnancesurvey.co.uk/id/7000000000041421,England,http://data.ordnancesurvey.co.uk/id/country/england,,,
CT196HR,http://data.ordnancesurvey.co.uk/id/postcodeunit/CT196HR,CT19 6HR,,,,other,Postcode,623057,137491,3500,18000,,,,,,,Folkestone,http://data.ordnancesurvey.co.uk/id/4000000074566736,http://www.ordnancesurvey.co.uk/xml/codelists/localtype.xml#town,Folkestone and Hythe,http://data.ordnancesurvey.co.uk/id/7000000000018085,http://data.ordnancesurvey.co.uk/ontology/admingeo/District,Kent,http://data.ordnancesurvey.co.uk/id/7000000000018210,http://data.ordnancesurvey.co.uk/ontology/admingeo/County,South East,http://data.ordnancesurvey.co.uk/id/7000000000041421,England,http://data.ordnancesurvey.co.uk/id/country/england,,,
CT195UU,http://data.ordnancesurvey.co.uk/id/postcodeunit/CT195UU,CT19 5UU,,,,other,Postcode,622291,136939,3500,18000,,,,,,,Folkestone,http://data.ordnancesurvey.co.uk/id/4000000074566736,http://www.ordnancesurvey.co.uk/xml/codelists/localtype.xml#town,Folkestone and Hythe,http://data.ordnancesurvey.co.uk/id/7000000000018085,http://data.ordnancesurvey.co.uk/ontology/admingeo/District,Kent,http://data.ordnancesurvey.co.uk/id/7000000000018210,http://data.ordnancesurvey.co.uk/ontology/admingeo/County,South East,http://data.ordnancesurvey.co.uk/id/7000000000041421,England,http://data.ordnancesurvey.co.uk/id/country/england,,,
CT209SF,http://data.ordnancesurvey.co.uk/id/postcodeunit/CT209SF,CT20 9SF,,,,other,Postcode,622119,135914,3500,18000,,,,,,,Folkestone,http://data.ordnancesurvey.co.uk/id/4000000074566736,http://www.ordnancesurvey.co.uk/xml/codelists/localtype.xml#town,Folkestone and Hythe,http://data.ordnancesurvey.co.uk/id/7000000000018085,http://data.ordnancesurvey.co.uk/ontology/admingeo/District,Kent,http://data.ordnancesurvey.co.uk/id/7000000000018210,http://data.ordnancesurvey.co.uk/ontology/admingeo/County,South East,http://data.ordnancesurvey.co.uk/id/7000000000041421,England,http://data.ordnancesurvey.co.uk/id/country/england,,,
CT194NH,http://data.ordnancesurvey.co.uk/id/postcodeunit/CT194NH,CT19 4NH,,,,other,Postcode,620271,137261,3500,18000,,,,,,,Folkestone,http://data.ordnancesurvey.co.uk/id/4000000074566736,http://www.ordnancesurvey.co.uk/xml/codelists/localtype.xml#town,Folkestone and Hythe,http://data.ordnancesurvey.co.uk/id/7000000000018085,http://data.ordnancesurvey.co.uk/ontology/admingeo/District,Kent,http://data.ordnancesurvey.co.uk/id/7000000000018210,http://data.ordnancesurvey.co.uk/ontology/admingeo/County,South East,http://data.ordnancesurvey.co.uk/id/7000000000041421,England,http://data.ordnancesurvey.co.uk/id/country/england,,,
CT201TX,http://data.ordnancesurvey.co.uk/id/postcodeunit/CT201TX,CT20 1TX,,,,other,Postcode,623204,135839,3500,18000,,,,,,,Folkestone,http://data.ordnancesurvey.co.uk/id/4000000074566736,http://www.ordnancesurvey.co.uk/xml/codelists/localtype.xml#town,Folkestone and Hythe,http://data.ordnancesurvey.co.uk/id/7000000000018085,http://data.ordnancesurvey.co.uk/ontology/admingeo/District,Kent,http://data.ordnancesurvey.co.uk/id/7000000000018210,http://data.ordnancesurvey.co.uk/ontology/admingeo/County,South East,http://data.ordnancesurvey.co.uk/id/7000000000041421,England,http://data.ordnancesurvey.co.uk/id/country/england,,,
CT187SJ,http://data.ordnancesurvey.co.uk/id/postcodeunit/CT187SJ,CT18 7SJ,,,,other,Postcode,620808,139054,3500,18000,,,,,,,Hawkinge,http://data.ordnancesurvey.co.uk/id/4000000074566747,http://www.ordnancesurvey.co.uk/xml/codelists/localtype.xml#village,Folkestone and Hythe,http://data.ordnancesurvey.co.uk/id/7000000000018085,http://data.ordnancesurvey.co.uk/ontology/admingeo/District,Kent,http://data.ordnancesurvey.co.uk/id/7000000000018210,http://data.ordnancesurvey.co.uk/ontology/admingeo/County,South East,http://data.ordnancesurvey.co.uk/id/7000000000041421,England,http://data.ordnancesurvey.co.uk/id/country/england,,,
CT187UL,http://data.ordnancesurvey.co.uk/id/postcodeunit/CT187UL,CT18 7UL,,,,other,Postcode,621252,139386,3500,18000,,,,,,,Hawkinge,http://data.ordnancesurvey.co.uk/id/4000000074566747,http://www.ordnancesurvey.co.uk/xml/codelists/localtype.xml#village,Folkestone and Hythe,http://data.ordnancesurvey.co.uk/id/7000000000018085,http://data.ordnancesurvey.co.uk/ontology/admingeo/District,Kent,http://data.ordnancesurvey.co.uk/id/7000000000018210,http://data.ordnancesurvey.co.uk/ontology/admingeo/County,South East,http://data.ordnancesurvey.co.uk/id/7000000000041421,England,http://data.ordnancesurvey.co.uk/id/country/england,,,
CT203PR,http://data.ordnancesurvey.co.uk/id/postcodeunit/CT203PR,CT20 3PR,,,,other,Postcode,620214,136504,3500,18000,,,,,,,Folkestone,http://data.ordnancesurvey.co.uk/id/4000000074566736,http://www.ordnancesurvey.co.uk/xml/codelists/localtype.xml#town,Folkestone and Hythe,http://data.ordnancesurvey.co.uk/id/7000000000018085,http://data.ordnancesurvey.co.uk/ontology/admingeo/District,Kent,http://data.ordnancesurvey.co.uk/id/7000000000018210,http://data.ordnancesurvey.co.uk/ontology/admingeo/County,South East,http://data.ordnancesurvey.co.uk/id/7000000000041421,England,http://data.ordnancesurvey.co.uk/id/country/england,,,
CT195BG,http://data.ordnancesurvey.co.uk/id/postcodeunit/CT195BG,CT19 5BG,,,,other,Postcode,622559,136591,3500,18000,,,,,,,Folkestone,http://data.ordnancesurvey.co.uk/id/4000000074566736,http://www.ordnancesurvey.co.uk/xml/codelists/localtype.xml#town,Folkestone and Hythe,http://data.ordnancesurvey.co.uk/id/7000000000018085,http://data.ordnancesurvey.co.uk/ontology/admingeo/District,Kent,http://data.ordnancesurvey.co.uk/id/7000000000018210,http://data.ordnancesurvey.co.uk/ontology/admingeo/County,South East,http://data.ordnancesurvey.co.uk/id/7000000000041421,England,http://data.ordnancesurvey.co.uk/id/country/england,,,
CT194PU,http://data.ordnancesurvey.co.uk/id/postcodeunit/CT194PU,CT19 4PU,,,,other,Postcode,620422,136721,3500,18000,,,,,,,Folkestone,http://data.ordnancesurvey.co.uk/id/4000000074566736,http://www.ordnancesurvey.co.uk/xml/codelists/localtype.xml#town,Folkestone and Hythe,http://data.ordnancesurvey.co.uk/id/7000000000018085,http://data.ordnancesurvey.co.uk/ontology/admingeo/District,Kent,http://data.ordnancesurvey.co.uk/id/7000000000018210,http://data.ordnancesurvey.co.uk/ontology/admingeo/County,South East,http://data.ordnancesurvey.co.uk/id/7000000000041421,England,http://data.ordnancesurvey.co.uk/id/country/england,,,
CT202LA,http://data.ordnancesurvey.co.uk/id/postcodeunit/CT202LA,CT20 2LA,,,,other,Postcode,621476,135865,3500,18000,,,,,,,Folkestone,http://data.ordnancesurvey.co.uk/id/4000000074566736,http://www.ordnancesurvey.co.uk/xml/codelists/localtype.xml#town,Folkestone and Hythe,http://data.ordnancesurvey.co.uk/id/7000000000018085,http://data.ordnancesurvey.co.uk/ontology/admingeo/District,Kent,http://data.ordnancesurvey.co.uk/id/7000000000018210,http://data.ordnancesurvey.co.uk/ontology/admingeo/County,South East,http://data.ordnancesurvey.co.uk/id/7000000000041421,England,http://data.ordnancesurvey.co.uk/id/country/england,,,
CT195UR,http://data.ordnancesurvey.co.uk/id/postcodeunit/CT195UR,CT19 5UR,,,,other,Postcode,621451,137277,3500,18000,,,,,,,Folkestone,http://data.ordnancesurvey.co.uk/id/4000000074566736,http://www.ordnancesurvey.co.uk/xml/codelists/localtype.xml#town,Folkestone and Hythe,http://data.ordnancesurvey.co.uk/id/7000000000018085,http://data.ordnancesurvey.co.uk/ontology/admingeo/District,Kent,http://data.ordnancesurvey.co.uk/id/7000000000018210,http://data.ordnancesurvey.co.uk/ontology/admingeo/County,South East,http://data.ordnancesurvey.co.uk/id/7000000000041421,England,http://data.ordnancesurvey.co.uk/id/country/england,,,
CT196AE,http://data.ordnancesurvey.co.uk/id/postcodeunit/CT196AE,CT19 6AE,,,,other,Postcode,623324,136091,3500,18000,,,,,,,Folkestone,http://data.ordnancesurvey.co.uk/id/4000000074566736,http://www.ordnancesurvey.co.uk/xml/codelists/localtype.xml#town,Folkestone and Hythe,http://data.ordnancesurvey.co.uk/id/7000000000018085,http://data.ordnancesurvey.co.uk/ontology/admingeo/District,Kent,http://data.ordnancesurvey.co.uk/id/7000000000018210,http://data.ordnancesurvey.co.uk/ontology/admingeo/County,South East,http://data.ordnancesurvey.co.uk/id/7000000000041421,England,http://data.ordnancesurvey.co.uk/id/country/england,,,
CT195LB,http://data.ordnancesurvey.co.uk/id/postcodeunit/CT195LB,CT19 5LB,,,,other,Postcode,621130,136651,3500,18000,,,,,,,Folkestone,http://data.ordnancesurvey.co.uk/id/4000000074566736,http://www.ordnancesurvey.co.uk/xml/codelists/localtype.xml#town,Folkestone and Hythe,http://data.ordnancesurvey.co.uk/id/7000000000018085,http://data.ordnancesurvey.co.uk/ontology/admingeo/District,Kent,http://data.ordnancesurvey.co.uk/id/7000000000018210,http://data.ordnancesurvey.co.uk/ontology/admingeo/County,South East,http://data.ordnancesurvey.co.uk/id/7000000000041421,England,http://data.ordnancesurvey.co.uk/id/country/england,,,
CT187NN,http://data.ordnancesurvey.co.uk/id/postcodeunit/CT187NN,CT18 7NN,,,,other,Postcode,621092,139883,3500,18000,,,,,,,Hawkinge,http://data.ordnancesurvey.co.uk/id/4000000074566747,http://www.ordnancesurvey.co.uk/xml/codelists/localtype.xml#village,Folkestone and Hythe,http://data.ordnancesurvey.co.uk/id/7000000000018085,http://data.ordnancesurvey.co.uk/ontology/admingeo/District,Kent,http://data.ordnancesurvey.co.uk/id/7000000000018210,http://data.ordnancesurvey.co.uk/ontology/admingeo/County,South East,http://data.ordnancesurvey.co.uk/id/7000000000041421,England,http://data.ordnancesurvey.co.uk/id/country/england,,,
CT202ES,http://data.ordnancesurvey.co.uk/id/postcodeunit/CT202ES,CT20 2ES,,,,other,Postcode,621950,135524,3500,18000,,,,,,,Folkestone,http://data.ordnancesurvey.co.uk/id/4000000074566736,http://www.ordnancesurvey.co.uk/xml/codelists/localtype.xml#town,Folkestone and Hythe,http://data.ordnancesurvey.co.uk/id/7000000000018085,http://data.ordnancesurvey.co.uk/ontology/admingeo/District,Kent,http://data.ordnancesurvey.co.uk/id/7000000000018210,http://data.ordnancesurvey.co.uk/ontology/admingeo/County,South East,http://data.ordnancesurvey.co.uk/id/7000000000041421,England,http://data.ordnancesurvey.co.uk/id/country/england,,,
CT195BA,http://data.ordnancesurvey.co.uk/id/postcodeunit/CT195BA,CT19 5BA,,,,other,Postcode,622447,136470,3500,18000,,,,,,,Folkestone,http://data.ordnancesurvey.co.uk/id/4000000074566736,http://www.ordnancesurvey.co.uk/xml/codelists/localtype.xml#town,Folkestone and Hythe,http://data.ordnancesurvey.co.uk/id/7000000000018085,http://data.ordnancesurvey.co.uk/ontology/admingeo/District,Kent,http://data.ordnancesurvey.co.uk/id/7000000000018210,http://data.ordnancesurvey.co.uk/ontology/admingeo/County,South East,http://data.ordnancesurvey.co.uk/id/7000000000041421,England,http://data.ordnancesurvey.co.uk/id/country/england,,,
CT196AH,http://data.ordnancesurvey.co.uk/id/postcodeunit/CT196AH,CT19 6AH,,,,other,Postcode,623331,136208,3500,18000,,,,,,,Folkestone,http://data.ordnancesurvey.co.uk/id/4000000074566736,http://www.ordnancesurvey.co.uk/xml/codelists/localtype.xml#town,Folkestone and Hythe,http://data.ordnancesurvey.co.uk/id/7000000000018085,http://data.ordnancesurvey.co.uk/ontology/admingeo/District,Kent,http://data.ordnancesurvey.co.uk/id/7000000000018210,http://data.ordnancesurvey.co.uk/ontology/admingeo/County,South East,http://data.ordnancesurvey.co.uk/id/7000000000041421,England,http://data.ordnancesurvey.co.uk/id/country/england,,,
CT187LQ,http://data.ordnancesurvey.co.uk/id/postcodeunit/CT187LQ,CT18 7LQ,,,,other,Postcode,625253,138739,3500,18000,,,,,,,Capel-le-Ferne,http://data.ordnancesurvey.co.uk/id/4000000074568384,http://www.ordnancesurvey.co.uk/xml/codelists/localtype.xml#village,Dover,http://data.ordnancesurvey.co.uk/id/7000000000017977,http://data.ordnancesurvey.co.uk/ontology/admingeo/District,Kent,http://data.ordnancesurvey.co.uk/id/7000000000018210,http://data.ordnancesurvey.co.uk/ontology/admingeo/County,South East,http://data.ordnancesurvey.co.uk/id/7000000000041421,England,http://data.ordnancesurvey.co.uk/id/country/england,,,
CT194PP,http://data.ordnancesurvey.co.uk/id/postcodeunit/CT194PP,CT19 4PP,,,,other,Postcode,620418,136960,3500,18000,,,,,,,Folkestone,http://data.ordnancesurvey.co.uk/id/4000000074566736,http://www.ordnancesurvey.co.uk/xml/codelists/localtype.xml#town,Folkestone and Hythe,http://data.ordnancesurvey.co.uk/id/7000000000018085,http://data.ordnancesurvey.co.uk/ontology/admingeo/District,Kent,http://data.ordnancesurvey.co.uk/id/7000000000018210,http://data.ordnancesurvey.co.uk/ontology/admingeo/County,South East,http://data.ordnancesurvey.co.uk/id/7000000000041421,England,http://data.ordnancesurvey.co.uk/id/country/england,,,
CT202DE,http://data.ordnancesurvey.co.uk/id/postcodeunit/CT202DE,CT20 2DE,,,,other,Postcode,622309,135954,3500,18000,,,,,,,Folkestone,http://data.ordnancesurvey.co.uk/id/4000000074566736,http://www.ordnancesurvey.co.uk/xml/codelists/localtype.xml#town,Folkestone and Hythe,http://data.ordnancesurvey.co.uk/id/7000000000018085,http://data.ordnancesurvey.co.uk/ontology/admingeo/District,Kent,http://data.ordnancesurvey.co.uk/id/7000000000018210,http://data.ordnancesurvey.co.uk/ontology/admingeo/County,South East,http://data.ordnancesurvey.co.uk/id/7000000000041421,England,http://data.ordnancesurvey.co.uk/id/country/england,,,
CT187EL,http://data.ordnancesurvey.co.uk/id/postcodeunit/CT187EL,CT18 7EL,,,,other,Postcode,621617,139701,3500,18000,,,,,,,Hawkinge,http://data.ordnancesurvey.co.uk/id/4000000074566747,http://www.ordnancesurvey.co.uk/xml/codelists/localtype.xml#village,Folkestone and Hythe,http://data.ordnancesurvey.co.uk/id/7000000000018085,http://data.ordnancesurvey.co.uk/ontology/admingeo/District,Kent,http://data.ordnancesurvey.co.uk/id/7000000000018210,http://data.ordnancesurvey.co.uk/ontology/admingeo/County,South East,http://data.ordnancesurvey.co.uk/id/7000000000041421,England,http://data.ordnancesurvey.co.uk/id/country/england,,,
CT201AU,http://data.ordnancesurvey.co.uk/id/postcodeunit/CT201AU,CT20 1AU,,,,other,Postcode,622703,135971,3500,18000,,,,,,,Folkestone,http://data.ordnancesurvey.co.uk/id/4000000074566736,http://www.ordnancesurvey.co.uk/xml/codelists/localtype.xml#town,Folkestone and Hythe,http://data.ordnancesurvey.co.uk/id/7000000000018085,http://data.ordnancesurvey.co.uk/ontology/admingeo/District,Kent,http://data.ordnancesurvey.co.uk/id/7000000000018210,http://data.ordnancesurvey.co.uk/ontology/admingeo/County,South East,http://data.ordnancesurvey.co.uk/id/7000000000041421,England,http://data.ordnancesurvey.co.uk/id/country/england,,,
CT157AJ,http://data.ordnancesurvey.co.uk/id/postcodeunit/CT157AJ,CT15 7AJ,,,,other,Postcode,627984,139857,3500,18000,,,,,,,Church Hougham,http://data.ordnancesurvey.co.uk/id/4000000074568381,http://www.ordnancesurvey.co.uk/xml/codelists/localtype.xml#hamlet,Dover,http://data.ordnancesurvey.co.uk/id/7000000000017977,http://data.ordnancesurvey.co.uk/ontology/admingeo/District,Kent,http://data.ordnancesurvey.co.uk/id/7000000000018210,http://data.ordnancesurvey.co.uk/ontology/admingeo/County,South East,http://data.ordnancesurvey.co.uk/id/7000000000041421,England,http://data.ordnancesurvey.co.uk/id/country/england,,,
CT195BQ,http://data.ordnancesurvey.co.uk/id/postcodeunit/CT195BQ,CT19 5BQ,,,,other,Postcode,622482,136599,3500,18000,,,,,,,Folkestone,http://data.ordnancesurvey.co.uk/id/4000000074566736,http://www.ordnancesurvey.co.uk/xml/codelists/localtype.xml#town,Folkestone and Hythe,http://data.ordnancesurvey.co.uk/id/7000000000018085,http://data.ordnancesurvey.co.uk/ontology/admingeo/District,Kent,http://data.ordnancesurvey.co.uk/id/7000000000018210,http://data.ordnancesurvey.co.uk/ontology/admingeo/County,South East,http://data.ordnancesurvey.co.uk/id/7000000000041421,England,http://data.ordnancesurvey.co.uk/id/country/england,,,
CT195UQ,http://data.ordnancesurvey.co.uk/id/postcodeunit/CT195UQ,CT19 5UQ,,,,other,Postcode,621953,136536,3500,18000,,,,,,,Folkestone,http://data.ordnancesurvey.co.uk/id/4000000074566736,http://www.ordnancesurvey.co.uk/xml/codelists/localtype.xml#town,Folkestone and Hythe,http://data.ordnancesurvey.co.uk/id/7000000000018085,http://data.ordnancesurvey.co.uk/ontology/admingeo/District,Kent,http://data.ordnancesurvey.co.uk/id/7000000000018210,http://data.ordnancesurvey.co.uk/ontology/admingeo/County,South East,http://data.ordnancesurvey.co.uk/id/7000000000041421,England,http://data.ordnancesurvey.co.uk/id/country/england,,,
CT195RX,http://data.ordnancesurvey.co.uk/id/postcodeunit/CT195RX,CT19 5RX,,,,other,Postcode,622965,136704,3500,18000,,,,,,,Folkestone,http://data.ordnancesurvey.co.uk/id/4000000074566736,http://www.ordnancesurvey.co.uk/xml/codelists/localtype.xml#town,Folkestone and Hythe,http://data.ordnancesurvey.co.uk/id/7000000000018085,http://data.ordnancesurvey.co.uk/ontology/admingeo/District,Kent,http://data.ordnancesurvey.co.uk/id/7000000000018210,http://data.ordnancesurvey.co.uk/ontology/admingeo/County,South East,http://data.ordnancesurvey.co.uk/id/7000000000041421,England,http://data.ordnancesurvey.co.uk/id/country/england,,,
CT195EY,http://data.ordnancesurvey.co.uk/id/postcodeunit/CT195EY,CT19 5EY,,,,other,Postcode,622108,137469,3500,18000,,,,,,,Folkestone,http://data.ordnancesurvey.co.uk/id/4000000074566736,http://www.ordnancesurvey.co.uk/xml/codelists/localtype.xml#town,Folkestone and Hythe,http://data.ordnancesurvey.co.uk/id/7000000000018085,http://data.ordnancesurvey.co.uk/ontology/admingeo/District,Kent,http://data.ordnancesurvey.co.uk/id/7000000000018210,http://data.ordnancesurvey.co.uk/ontology/admingeo/County,South East,http://data.ordnancesurvey.co.uk/id/7000000000041421,England,http://data.ordnancesurvey.co.uk/id/country/england,,,
CT187AQ,http://data.ordnancesurvey.co.uk/id/postcodeunit/CT187AQ,CT18 7AQ,,,,other,Postcode,620675,139815,3500,18000,,,,,,,Hawkinge,http://data.ordnancesurvey.co.uk/id/4000000074566747,http://www.ordnancesurvey.co.uk/xml/codelists/localtype.xml#village,Folkestone and Hythe,http://data.ordnancesurvey.co.uk/id/7000000000018085,http://data.ordnancesurvey.co.uk/ontology/admingeo/District,Kent,http://data.ordnancesurvey.co.uk/id/7000000000018210,http://data.ordnancesurvey.co.uk/ontology/admingeo/County,South East,http://data.ordnancesurvey.co.uk/id/7000000000041421,England,http://data.ordnancesurvey.co.uk/id/country/england,,,
CT194AB,http://data.ordnancesurvey.co.uk/id/postcodeunit/CT194AB,CT19 4AB,,,,other,Postcode,621108,136531,3500,18000,,,,,,,Folkestone,http://data.ordnancesurvey.co.uk/id/4000000074566736,http://www.ordnancesurvey.co.uk/xml/codelists/localtype.xml#town,Folkestone and Hythe,http://data.ordnancesurvey.co.uk/id/7000000000018085,http://data.ordnancesurvey.co.uk/ontology/admingeo/District,Kent,http://data.ordnancesurvey.co.uk/id/7000000000018210,http://data.ordnancesurvey.co.uk/ontology/admingeo/County,South East,http://data.ordnancesurvey.co.uk/id/7000000000041421,England,http://data.ordnancesurvey.co.uk/id/country/england,,,
CT201PJ,http://data.ordnancesurvey.co.uk/id/postcodeunit/CT201PJ,CT20 1PJ,,,,other,Postcode,623365,136629,3500,18000,,,,,,,Folkestone,http://data.ordnancesurvey.co.uk/id/4000000074566736,http://www.ordnancesurvey.co.uk/xml/codelists/localtype.xml#town,Folkestone and Hythe,http://data.ordnancesurvey.co.uk/id/7000000000018085,http://data.ordnancesurvey.co.uk/ontology/admingeo/District,Kent,http://data.ordnancesurvey.co.uk/id/7000000000018210,http://data.ordnancesurvey.co.uk/ontology/admingeo/County,South East,http://data.ordnancesurvey.co.uk/id/7000000000041421,England,http://data.ordnancesurvey.co.uk/id/country/england,,,
CT194NL,http://data.ordnancesurvey.co.uk/id/postcodeunit/CT194NL,CT19 4NL,,,,other,Postcode,620396,137260,3500,18000,,,,,,,Folkestone,http://data.ordnancesurvey.co.uk/id/4000000074566736,http://www.ordnancesurvey.co.uk/xml/codelists/localtype.xml#town,Folkestone and Hythe,http://data.ordnancesurvey.co.uk/id/7000000000018085,http://data.ordnancesurvey.co.uk/ontology/admingeo/District,Kent,http://data.ordnancesurvey.co.uk/id/7000000000018210,http://data.ordnancesurvey.co.uk/ontology/admingeo/County,South East,http://data.ordnancesurvey.co.uk/id/7000000000041421,England,http://data.ordnancesurvey.co.uk/id/country/england,,,
CT202QT,http://data.ordnancesurvey.co.uk/id/postcodeunit/CT202QT,CT20 2QT,,,,other,Postcode,622248,135845,3500,18000,,,,,,,Folkestone,http://data.ordnancesurvey.co.uk/id/4000000074566736,http://www.ordnancesurvey.co.uk/xml/codelists/localtype.xml#town,Folkestone and Hythe,http://data.ordnancesurvey.co.uk/id/7000000000018085,http://data.ordnancesurvey.co.uk/ontology/admingeo/District,Kent,http://data.ordnancesurvey.co.uk/id/7000000000018210,http://data.ordnancesurvey.co.uk/ontology/admingeo/County,South East,http://data.ordnancesurvey.co.uk/id/7000000000041421,England,http://data.ordnancesurvey.co.uk/id/country/england,,,
CT196PD,http://data.ordnancesurvey.co.uk/id/postcodeunit/CT196PD,CT19 6PD,,,,other,Postcode,623743,137465,3500,18000,,,,,,,Folkestone,http://data.ordnancesurvey.co.uk/id/4000000074566736,http://www.ordnancesurvey.co.uk/xml/codelists/localtype.xml#town,Folkestone and Hythe,http://data.ordnancesurvey.co.uk/id/7000000000018085,http://data.ordnancesurvey.co.uk/ontology/admingeo/District,Kent,http://data.ordnancesurvey.co.uk/id/7000000000018210,http://data.ordnancesurvey.co.uk/ontology/admingeo/County,South East,http://data.ordnancesurvey.co.uk/id/7000000000041421,England,http://data.ordnancesurvey.co.uk/id/country/england,,,
CT202HB,http://data.ordnancesurvey.co.uk/id/postcodeunit/CT202HB,CT20 2HB,,,,other,Postcode,621827,135830,3500,18000,,,,,,,Folkestone,http://data.ordnancesurvey.co.uk/id/4000000074566736,http://www.ordnancesurvey.co.uk/xml/codelists/localtype.xml#town,Folkestone and Hythe,http://data.ordnancesurvey.co.uk/id/7000000000018085,http://data.ordnancesurvey.co.uk/ontology/admingeo/District,Kent,http://data.ordnancesurvey.co.uk/id/7000000000018210,http://data.ordnancesurvey.co.uk/ontology/admingeo/County,South East,http://data.ordnancesurvey.co.uk/id/7000000000041421,England,http://data.ordnancesurvey.co.uk/id/country/england,,,
CT202SF,http://data.ordnancesurvey.co.uk/id/postcodeunit/CT202SF,CT20 2SF,,,,other,Postcode,622232,136131,3500,18000,,,,,,,Folkestone,http://data.ordnancesurvey.co.uk/id/4000000074566736,http://www.ordnancesurvey.co.uk/xml/codelists/localtype.xml#town,Folkestone and Hythe,http://data.ordnancesurvey.co.uk/id/7000000000018085,http://data.ordnancesurvey.co.uk/ontology/admingeo/District,Kent,http://data.ordnancesurvey.co.uk/id/7000000000018210,http://data.ordnancesurvey.co.uk/ontology/admingeo/County,South East,http://data.ordnancesurvey.co.uk/id/7000000000041421,England,http://data.ordnancesurvey.co.uk/id/country/england,,,
CT194PS,http://data.ordnancesurvey.co.uk/id/postcodeunit/CT194PS,CT19 4PS,,,,other,Postcode,620350,136956,3500,18000,,,,,,,Folkestone,http://data.ordnancesurvey.co.uk/id/4000000074566736,http://www.ordnancesurvey.co.uk/xml/codelists/localtype.xml#town,Folkestone and Hythe,http://data.ordnancesurvey.co.uk/id/7000000000018085,http://data.ordnancesurvey.co.uk/ontology/admingeo/District,Kent,http://data.ordnancesurvey.co.uk/id/7000000000018210,http://data.ordnancesurvey.co.uk/ontology/admingeo/County,South East,http://data.ordnancesurvey.co.uk/id/7000000000041421,England,http://data.ordnancesurvey.co.uk/id/country/england,,,
CT196PE,http://data.ordnancesurvey.co.uk/id/postcodeunit/CT196PE,CT19 6PE,,,,other,Postcode,623625,137328,3500,18000,,,,,,,Folkestone,http://data.ordnancesurvey.co.uk/id/4000000074566736,http://www.ordnancesurvey.co.uk/xml/codelists/localtype.xml#town,Folkestone and Hythe,http://data.ordnancesurvey.co.uk/id/7000000000018085,http://data.ordnancesurvey.co.uk/ontology/admingeo/District,Kent,http://data.ordnancesurvey.co.uk/id/7000000000018210,http://data.ordnancesurvey.co.uk/ontology/admingeo/County,South East,http://data.ordnancesurvey.co.uk/id/7000000000041421,England,http://data.ordnancesurvey.co.uk/id/country/england,,,
CT195RJ,http://data.ordnancesurvey.co.uk/id/postcodeunit/CT195RJ,CT19 5RJ,,,,other,Postcode,622524,136806,3500,18000,,,,,,,Folkestone,http://data.ordnancesurvey.co.uk/id/4000000074566736,http://www.ordnancesurvey.co.uk/xml/codelists/localtype.xml#town,Folkestone and Hythe,http://data.ordnancesurvey.co.uk/id/7000000000018085,http://data.ordnancesurvey.co.uk/ontology/admingeo/District,Kent,http://data.ordnancesurvey.co.uk/id/7000000000018210,http://data.ordnancesurvey.co.uk/ontology/admingeo/County,South East,http://data.ordnancesurvey.co.uk/id/7000000000041421,England,http://data.ordnancesurvey.co.uk/id/country/england,,,
CT179HF,http://data.ordnancesurvey.co.uk/id/postcodeunit/CT179HF,CT17 9HF,,,,other,Postcode,630249,139805,3500,18000,,,,,,,Dover,http://data.ordnancesurvey.co.uk/id/4000000074568379,http://www.ordnancesurvey.co.uk/xml/codelists/localtype.xml#town,Dover,http://data.ordnancesurvey.co.uk/id/7000000000017977,http://data.ordnancesurvey.co.uk/ontology/admingeo/District,Kent,http://data.ordnancesurvey.co.uk/id/7000000000018210,http://data.ordnancesurvey.co.uk/ontology/admingeo/County,South East,http://data.ordnancesurvey.co.uk/id/7000000000041421,England,http://data.ordnancesurvey.co.uk/id/country/england,,,
CT195BP,http://data.ordnancesurvey.co.uk/id/postcodeunit/CT195BP,CT19 5BP,,,,other,Postcode,622336,136677,3500,18000,,,,,,,Folkestone,http://data.ordnancesurvey.co.uk/id/4000000074566736,http://www.ordnancesurvey.co.uk/xml/codelists/localtype.xml#town,Folkestone and Hythe,http://data.ordnancesurvey.co.uk/id/7000000000018085,http://data.ordnancesurvey.co.uk/ontology/admingeo/District,Kent,http://data.ordnancesurvey.co.uk/id/7000000000018210,http://data.ordnancesurvey.co.uk/ontology/admingeo/County,South East,http://data.ordnancesurvey.co.uk/id/7000000000041421,England,http://data.ordnancesurvey.co.uk/id/country/england,,,
CT195UJ,http://data.ordnancesurvey.co.uk/id/postcodeunit/CT195UJ,CT19 5UJ,,,,other,Postcode,623092,136825,3500,18000,,,,,,,Folkestone,http://data.ordnancesurvey.co.uk/id/4000000074566736,http://www.ordnancesurvey.co.uk/xml/codelists/localtype.xml#town,Folkestone and Hythe,http://data.ordnancesurvey.co.uk/id/7000000000018085,http://data.ordnancesurvey.co.uk/ontology/admingeo/District,Kent,http://data.ordnancesurvey.co.uk/id/7000000000018210,http://data.ordnancesurvey.co.uk/ontology/admingeo/County,South East,http://data.ordnancesurvey.co.uk/id/7000000000041421,England,http://data.ordnancesurvey.co.uk/id/country/england,,,
CT196NB,http://data.ordnancesurvey.co.uk/id/postcodeunit/CT196NB,CT19 6NB,,,,other,Postcode,623298,137510,3500,18000,,,,,,,Folkestone,http://data.ordnancesurvey.co.uk/id/4000000074566736,http://www.ordnancesurvey.co.uk/xml/codelists/localtype.xml#town,Folkestone and Hythe,http://data.ordnancesurvey.co.uk/id/7000000000018085,http://data.ordnancesurvey.co.uk/ontology/admingeo/District,Kent,http://data.ordnancesurvey.co.uk/id/7000000000018210,http://data.ordnancesurvey.co.uk/ontology/admingeo/County,South East,http://data.ordnancesurvey.co.uk/id/7000000000041421,England,http://data.ordnancesurvey.co.uk/id/country/england,,,
CT201ER,http://data.ordnancesurvey.co.uk/id/postcodeunit/CT201ER,CT20 1ER,,,,other,Postcode,622558,136249,3500,18000,,,,,,,Folkestone,http://data.ordnancesurvey.co.uk/id/4000000074566736,http://www.ordnancesurvey.co.uk/xml/codelists/localtype.xml#town,Folkestone and Hythe,http://data.ordnancesurvey.co.uk/id/7000000000018085,http://data.ordnancesurvey.co.uk/ontology/admingeo/District,Kent,http://data.ordnancesurvey.co.uk/id/7000000000018210,http://data.ordnancesurvey.co.uk/ontology/admingeo/County,South East,http://data.ordnancesurvey.co.uk/id/7000000000041421,England,http://data.ordnancesurvey.co.uk/id/country/england,,,
CT187LJ,http://data.ordnancesurvey.co.uk/id/postcodeunit/CT187LJ,CT18 7LJ,,,,other,Postcode,625140,138660,3500,18000,,,,,,,Capel-le-Ferne,http://data.ordnancesurvey.co.uk/id/4000000074568384,http://www.ordnancesurvey.co.uk/xml/codelists/localtype.xml#village,Dover,http://data.ordnancesurvey.co.uk/id/7000000000017977,http://data.ordnancesurvey.co.uk/ontology/admingeo/District,Kent,http://data.ordnancesurvey.co.uk/id/7000000000018210,http://data.ordnancesurvey.co.uk/ontology/admingeo/County,South East,http://data.ordnancesurvey.co.uk/id/7000000000041421,England,http://data.ordnancesurvey.co.uk/id/country/england,,,
CT202XB,http://data.ordnancesurvey.co.uk/id/postcodeunit/CT202XB,CT20 2XB,,,,other,Postcode,622206,135568,3500,18000,,,,,,,Folkestone,http://data.ordnancesurvey.co.uk/id/4000000074566736,http://www.ordnancesurvey.co.uk/xml/codelists/localtype.xml#town,Folkestone and Hythe,http://data.ordnancesurvey.co.uk/id/7000000000018085,http://data.ordnancesurvey.co.uk/ontology/admingeo/District,Kent,http://data.ordnancesurvey.co.uk/id/7000000000018210,http://data.ordnancesurvey.co.uk/ontology/admingeo/County,South East,http://data.ordnancesurvey.co.uk/id/7000000000041421,England,http://data.ordnancesurvey.co.uk/id/country/england,,,
CT196NQ,http://data.ordnancesurvey.co.uk/id/postcodeunit/CT196NQ,CT19 6NQ,,,,other,Postcode,624099,137318,3500,18000,,,,,,,Folkestone,http://data.ordnancesurvey.co.uk/id/4000000074566736,http://www.ordnancesurvey.co.uk/xml/codelists/localtype.xml#town,Folkestone and Hythe,http://data.ordnancesurvey.co.uk/id/7000000000018085,http://data.ordnancesurvey.co.uk/ontology/admingeo/District,Kent,http://data.ordnancesurvey.co.uk/id/7000000000018210,http://data.ordnancesurvey.co.uk/ontology/admingeo/County,South East,http://data.ordnancesurvey.co.uk/id/7000000000041421,England,http://data.ordnancesurvey.co.uk/id/country/england,,,
CT203LP,http://data.ordnancesurvey.co.uk/id/postcodeunit/CT203LP,CT20 3LP,,,,other,Postcode,620061,136308,3500,18000,,,,,,,Folkestone,http://data.ordnancesurvey.co.uk/id/4000000074566736,http://www.ordnancesurvey.co.uk/xml/codelists/localtype.xml#town,Folkestone and Hythe,http://data.ordnancesurvey.co.uk/id/7000000000018085,http://data.ordnancesurvey.co.uk/ontology/admingeo/District,Kent,http://data.ordnancesurvey.co.uk/id/7000000000018210,http://data.ordnancesurvey.co.uk/ontology/admingeo/County,South East,http://data.ordnancesurvey.co.uk/id/7000000000041421,England,http://data.ordnancesurvey.co.uk/id/country/england,,,
CT194EF,http://data.ordnancesurvey.co.uk/id/postcodeunit/CT194EF,CT19 4EF,,,,other,Postcode,620803,136725,3500,18000,,,,,,,Folkestone,http://data.ordnancesurvey.co.uk/id/4000000074566736,http://www.ordnancesurvey.co.uk/xml/codelists/localtype.xml#town,Folkestone and Hythe,http://data.ordnancesurvey.co.uk/id/7000000000018085,http://data.ordnancesurvey.co.uk/ontology/admingeo/District,Kent,http://data.ordnancesurvey.co.uk/id/7000000000018210,http://data.ordnancesurvey.co.uk/ontology/admingeo/County,South East,http://data.ordnancesurvey.co.uk/id/7000000000041421,England,http://data.ordnancesurvey.co.uk/id/country/england,,,
CT202EF,http://data.ordnancesurvey.co.uk/id/postcodeunit/CT202EF,CT20 2EF,,,,other,Postcode,622118,135545,3500,18000,,,,,,,Folkestone,http://data.ordnancesurvey.co.uk/id/4000000074566736,http://www.ordnancesurvey.co.uk/xml/codelists/localtype.xml#town,Folkestone and Hythe,http://data.ordnancesurvey.co.uk/id/7000000000018085,http://data.ordnancesurvey.co.uk/ontology/admingeo/District,Kent,http://data.ordnancesurvey.co.uk/id/7000000000018210,http://data.ordnancesurvey.co.uk/ontology/admingeo/County,South East,http://data.ordnancesurvey.co.uk/id/7000000000041421,England,http://data.ordnancesurvey.co.uk/id/country/england,,,
CT201HS,http://data.ordnancesurvey.co.uk/id/postcodeunit/CT201HS,CT20 1HS,,,,other,Postcode,622838,136297,3500,18000,,,,,,,Folkestone,http://data.ordnancesurvey.co.uk/id/4000000074566736,http://www.ordnancesurvey.co.uk/xml/codelists/localtype.xml#town,Folkestone and Hythe,http://data.ordnancesurvey.co.uk/id/7000000000018085,http://data.ordnancesurvey.co.uk/ontology/admingeo/District,Kent,http://data.ordnancesurvey.co.uk/id/7000000000018210,http://data.ordnancesurvey.co.uk/ontology/admingeo/County,South East,http://data.ordnancesurvey.co.uk/id/7000000000041421,England,http://data.ordnancesurvey.co.uk/id/country/england,,,
CT201DP,http://data.ordnancesurvey.co.uk/id/postcodeunit/CT201DP,CT20 1DP,,,,other,Postcode,622813,135949,3500,18000,,,,,,,Folkestone,http://data.ordnancesurvey.co.uk/id/4000000074566736,http://www.ordnancesurvey.co.uk/xml/codelists/localtype.xml#town,Folkestone and Hythe,http://data.ordnancesurvey.co.uk/id/7000000000018085,http://data.ordnancesurvey.co.uk/ontology/admingeo/District,Kent,http://data.ordnancesurvey.co.uk/id/7000000000018210,http://data.ordnancesurvey.co.uk/ontology/admingeo/County,South East,http://data.ordnancesurvey.co.uk/id/7000000000041421,England,http://data.ordnancesurvey.co.uk/id/country/england,,,
CT195JX,http://data.ordnancesurvey.co.uk/id/postcodeunit/CT195JX,CT19 5JX,,,,other,Postcode,621147,136597,3500,18000,,,,,,,Folkestone,http://data.ordnancesurvey.co.uk/id/4000000074566736,http://www.ordnancesurvey.co.uk/xml/codelists/localtype.xml#town,Folkestone and Hythe,http://data.ordnancesurvey.co.uk/id/7000000000018085,http://data.ordnancesurvey.co.uk/ontology/admingeo/District,Kent,http://data.ordnancesurvey.co.uk/id/7000000000018210,http://data.ordnancesurvey.co.uk/ontology/admingeo/County,South East,http://data.ordnancesurvey.co.uk/id/7000000000041421,England,http://data.ordnancesurvey.co.uk/id/country/england,,,
CT196RB,http://data.ordnancesurvey.co.uk/id/postcodeunit/CT196RB,CT19 6RB,,,,other,Postcode,623508,136158,3500,18000,,,,,,,Folkestone,http://data.ordnancesurvey.co.uk/id/4000000074566736,http://www.ordnancesurvey.co.uk/xml/codelists/localtype.xml#town,Folkestone and Hythe,http://data.ordnancesurvey.co.uk/id/7000000000018085,http://data.ordnancesurvey.co.uk/ontology/admingeo/District,Kent,http://data.ordnancesurvey.co.uk/id/7000000000018210,http://data.ordnancesurvey.co.uk/ontology/admingeo/County,South East,http://data.ordnancesurvey.co.uk/id/7000000000041421,England,http://data.ordnancesurvey.co.uk/id/country/england,,,
CT202JR,http://data.ordnancesurvey.co.uk/id/postcodeunit/CT202JR,CT20 2JR,,,,other,Postcode,621546,136190,3500,18000,,,,,,,Folkestone,http://data.ordnancesurvey.co.uk/id/4000000074566736,http://www.ordnancesurvey.co.uk/xml/codelists/localtype.xml#town,Folkestone and Hythe,http://data.ordnancesurvey.co.uk/id/7000000000018085,http://data.ordnancesurvey.co.uk/ontology/admingeo/District,Kent,http://data.ordnancesurvey.co.uk/id/7000000000018210,http://data.ordnancesurvey.co.uk/ontology/admingeo/County,South East,http://data.ordnancesurvey.co.uk/id/7000000000041421,England,http://data.ordnancesurvey.co.uk/id/country/england,,,
CT202RX,http://data.ordnancesurvey.co.uk/id/postcodeunit/CT202RX,CT20 2RX,,,,other,Postcode,622525,135851,3500,18000,,,,,,,Folkestone,http://data.ordnancesurvey.co.uk/id/4000000074566736,http://www.ordnancesurvey.co.uk/xml/codelists/localtype.xml#town,Folkestone and Hythe,http://data.ordnancesurvey.co.uk/id/7000000000018085,http://data.ordnancesurvey.co.uk/ontology/admingeo/District,Kent,http://data.ordnancesurvey.co.uk/id/7000000000018210,http://data.ordnancesurvey.co.uk/ontology/admingeo/County,South East,http://data.ordnancesurvey.co.uk/id/7000000000041421,England,http://data.ordnancesurvey.co.uk/id/country/england,,,
CT195QY,http://data.ordnancesurvey.co.uk/id/postcodeunit/CT195QY,CT19 5QY,,,,other,Postcode,622728,136950,3500,18000,,,,,,,Folkestone,http://data.ordnancesurvey.co.uk/id/4000000074566736,http://www.ordnancesurvey.co.uk/xml/codelists/localtype.xml#town,Folkestone and Hythe,http://data.ordnancesurvey.co.uk/id/7000000000018085,http://data.ordnancesurvey.co.uk/ontology/admingeo/District,Kent,http://data.ordnancesurvey.co.uk/id/7000000000018210,http://data.ordnancesurvey.co.uk/ontology/admingeo/County,South East,http://data.ordnancesurvey.co.uk/id/7000000000041421,England,http://data.ordnancesurvey.co.uk/id/country/england,,,
CT201NX,http://data.ordnancesurvey.co.uk/id/postcodeunit/CT201NX,CT20 1NX,,,,other,Postcode,623294,136705,3500,18000,,,,,,,Folkestone,http://data.ordnancesurvey.co.uk/id/4000000074566736,http://www.ordnancesurvey.co.uk/xml/codelists/localtype.xml#town,Folkestone and Hythe,http://data.ordnancesurvey.co.uk/id/7000000000018085,http://data.ordnancesurvey.co.uk/ontology/admingeo/District,Kent,http://data.ordnancesurvey.co.uk/id/7000000000018210,http://data.ordnancesurvey.co.uk/ontology/admingeo/County,South East,http://data.ordnancesurvey.co.uk/id/7000000000041421,England,http://data.ordnancesurvey.co.uk/id/country/england,,,
CT196AX,http://data.ordnancesurvey.co.uk/id/postcodeunit/CT196AX,CT19 6AX,,,,other,Postcode,623684,136459,3500,18000,,,,,,,Folkestone,http://data.ordnancesurvey.co.uk/id/4000000074566736,http://www.ordnancesurvey.co.uk/xml/codelists/localtype.xml#town,Folkestone and Hythe,http://data.ordnancesurvey.co.uk/id/7000000000018085,http://data.ordnancesurvey.co.uk/ontology/admingeo/District,Kent,http://data.ordnancesurvey.co.uk/id/7000000000018210,http://data.ordnancesurvey.co.uk/ontology/admingeo/County,South East,http://data.ordnancesurvey.co.uk/id/7000000000041421,England,http://data.ordnancesurvey.co.uk/id/country/england,,,
CT202PR,http://data.ordnancesurvey.co.uk/id/postcodeunit/CT202PR,CT20 2PR,,,,other,Postcode,621626,135666,3500,18000,,,,,,,Folkestone,http://data.ordnancesurvey.co.uk/id/4000000074566736,http://www.ordnancesurvey.co.uk/xml/codelists/localtype.xml#town,Folkestone and Hythe,http://data.ordnancesurvey.co.uk/id/7000000000018085,http://data.ordnancesurvey.co.uk/ontology/admingeo/District,Kent,http://data.ordnancesurvey.co.uk/id/7000000000018210,http://data.ordnancesurvey.co.uk/ontology/admingeo/County,South East,http://data.ordnancesurvey.co.uk/id/7000000000041421,England,http://data.ordnancesurvey.co.uk/id/country/england,,,
CT202BB,http://data.ordnancesurvey.co.uk/id/postcodeunit/CT202BB,CT20 2BB,,,,other,Postcode,622600,135790,3500,18000,,,,,,,Folkestone,http://data.ordnancesurvey.co.uk/id/4000000074566736,http://www.ordnancesurvey.co.uk/xml/codelists/localtype.xml#town,Folkestone and Hythe,http://data.ordnancesurvey.co.uk/id/7000000000018085,http://data.ordnancesurvey.co.uk/ontology/admingeo/District,Kent,http://data.ordnancesurvey.co.uk/id/7000000000018210,http://data.ordnancesurvey.co.uk/ontology/admingeo/County,South East,http://data.ordnancesurvey.co.uk/id/7000000000041421,England,http://data.ordnancesurvey.co.uk/id/country/england,,,
CT202GH,http://data.ordnancesurvey.co.uk/id/postcodeunit/CT202GH,CT20 2GH,,,,other,Postcode,622641,135834,3500,18000,,,,,,,Folkestone,http://data.ordnancesurvey.co.uk/id/4000000074566736,http://www.ordnancesurvey.co.uk/xml/codelists/localtype.xml#town,Folkestone and Hythe,http://data.ordnancesurvey.co.uk/id/7000000000018085,http://data.ordnancesurvey.co.uk/ontology/admingeo/District,Kent,http://data.ordnancesurvey.co.uk/id/7000000000018210,http://data.ordnancesurvey.co.uk/ontology/admingeo/County,South East,http://data.ordnancesurvey.co.uk/id/7000000000041421,England,http://data.ordnancesurvey.co.uk/id/country/england,,,
CT201SU,http://data.ordnancesurvey.co.uk/id/postcodeunit/CT201SU,CT20 1SU,,,,other,Postcode,623082,135776,3500,18000,,,,,,,Folkestone,http://data.ordnancesurvey.co.uk/id/4000000074566736,http://www.ordnancesurvey.co.uk/xml/codelists/localtype.xml#town,Folkestone and Hythe,http://data.ordnancesurvey.co.uk/id/7000000000018085,http://data.ordnancesurvey.co.uk/ontology/admingeo/District,Kent,http://data.ordnancesurvey.co.uk/id/7000000000018210,http://data.ordnancesurvey.co.uk/ontology/admingeo/County,South East,http://data.ordnancesurvey.co.uk/id/7000000000041421,England,http://data.ordnancesurvey.co.uk/id/country/england,,,
CT194AX,http://data.ordnancesurvey.co.uk/id/postcodeunit/CT194AX,CT19 4AX,,,,other,Postcode,620904,136597,3500,18000,,,,,,,Folkestone,http://data.ordnancesurvey.co.uk/id/4000000074566736,http://www.ordnancesurvey.co.uk/xml/codelists/localtype.xml#town,Folkestone and Hythe,http://data.ordnancesurvey.co.uk/id/7000000000018085,http://data.ordnancesurvey.co.uk/ontology/admingeo/District,Kent,http://data.ordnancesurvey.co.uk/id/7000000000018210,http://data.ordnancesurvey.co.uk/ontology/admingeo/County,South East,http://data.ordnancesurvey.co.uk/id/7000000000041421,England,http://data.ordnancesurvey.co.uk/id/country/england,,,
CT201LZ,http://data.ordnancesurvey.co.uk/id/postcodeunit/CT201LZ,CT20 1LZ,,,,other,Postcode,623217,136312,3500,18000,,,,,,,Folkestone,http://data.ordnancesurvey.co.uk/id/4000000074566736,http://www.ordnancesurvey.co.uk/xml/codelists/localtype.xml#town,Folkestone and Hythe,http://data.ordnancesurvey.co.uk/id/7000000000018085,http://data.ordnancesurvey.co.uk/ontology/admingeo/District,Kent,http://data.ordnancesurvey.co.uk/id/7000000000018210,http://data.ordnancesurvey.co.uk/ontology/admingeo/County,South East,http://data.ordnancesurvey.co.uk/id/7000000000041421,England,http://data.ordnancesurvey.co.uk/id/country/england,,,
CT196NX,http://data.ordnancesurvey.co.uk/id/postcodeunit/CT196NX,CT19 6NX,,,,other,Postcode,623286,137139,3500,18000,,,,,,,Folkestone,http://data.ordnancesurvey.co.uk/id/4000000074566736,http://www.ordnancesurvey.co.uk/xml/codelists/localtype.xml#town,Folkestone and Hythe,http://data.ordnancesurvey.co.uk/id/7000000000018085,http://data.ordnancesurvey.co.uk/ontology/admingeo/District,Kent,http://data.ordnancesurvey.co.uk/id/7000000000018210,http://data.ordnancesurvey.co.uk/ontology/admingeo/County,South East,http://data.ordnancesurvey.co.uk/id/7000000000041421,England,http://data.ordnancesurvey.co.uk/id/country/england,,,
CT196ER,http://data.ordnancesurvey.co.uk/id/postcodeunit/CT196ER,CT19 6ER,,,,other,Postcode,623104,137130,3500,18000,,,,,,,Folkestone,http://data.ordnancesurvey.co.uk/id/4000000074566736,http://www.ordnancesurvey.co.uk/xml/codelists/localtype.xml#town,Folkestone and Hythe,http://data.ordnancesurvey.co.uk/id/7000000000018085,http://data.ordnancesurvey.co.uk/ontology/admingeo/District,Kent,http://data.ordnancesurvey.co.uk/id/7000000000018210,http://data.ordnancesurvey.co.uk/ontology/admingeo/County,South East,http://data.ordnancesurvey.co.uk/id/7000000000041421,England,http://data.ordnancesurvey.co.uk/id/country/england,,,
CT201RJ,http://data.ordnancesurvey.co.uk/id/postcodeunit/CT201RJ,CT20 1RJ,,,,other,Postcode,622980,136043,3500,18000,,,,,,,Folkestone,http://data.ordnancesurvey.co.uk/id/4000000074566736,http://www.ordnancesurvey.co.uk/xml/codelists/localtype.xml#town,Folkestone and Hythe,http://data.ordnancesurvey.co.uk/id/7000000000018085,http://data.ordnancesurvey.co.uk/ontology/admingeo/District,Kent,http://data.ordnancesurvey.co.uk/id/7000000000018210,http://data.ordnancesurvey.co.uk/ontology/admingeo/County,South East,http://data.ordnancesurvey.co.uk/id/7000000000041421,England,http://data.ordnancesurvey.co.uk/id/country/england,,,
CT196JT,http://data.ordnancesurvey.co.uk/id/postcodeunit/CT196JT,CT19 6JT,,,,other,Postcode,622902,137627,3500,18000,,,,,,,Folkestone,http://data.ordnancesurvey.co.uk/id/4000000074566736,http://www.ordnancesurvey.co.uk/xml/codelists/localtype.xml#town,Folkestone and Hythe,http://data.ordnancesurvey.co.uk/id/7000000000018085,http://data.ordnancesurvey.co.uk/ontology/admingeo/District,Kent,http://data.ordnancesurvey.co.uk/id/7000000000018210,http://data.ordnancesurvey.co.uk/ontology/admingeo/County,South East,http://data.ordnancesurvey.co.uk/id/7000000000041421,England,http://data.ordnancesurvey.co.uk/id/country/england,,,
CT202EU,http://data.ordnancesurvey.co.uk/id/postcodeunit/CT202EU,CT20 2EU,,,,other,Postcode,621890,135427,3500,18000,,,,,,,Folkestone,http://data.ordnancesurvey.co.uk/id/4000000074566736,http://www.ordnancesurvey.co.uk/xml/codelists/localtype.xml#town,Folkestone and Hythe,http://data.ordnancesurvey.co.uk/id/7000000000018085,http://data.ordnancesurvey.co.uk/ontology/admingeo/District,Kent,http://data.ordnancesurvey.co.uk/id/7000000000018210,http://data.ordnancesurvey.co.uk/ontology/admingeo/County,South East,http://data.ordnancesurvey.co.uk/id/7000000000041421,England,http://data.ordnancesurvey.co.uk/id/country/england,,,
CT194EL,http://data.ordnancesurvey.co.uk/id/postcodeunit/CT194EL,CT19 4EL,,,,other,Postcode,620974,136708,3500,18000,,,,,,,Folkestone,http://data.ordnancesurvey.co.uk/id/4000000074566736,http://www.ordnancesurvey.co.uk/xml/codelists/localtype.xml#town,Folkestone and Hythe,http://data.ordnancesurvey.co.uk/id/7000000000018085,http://data.ordnancesurvey.co.uk/ontology/admingeo/District,Kent,http://data.ordnancesurvey.co.uk/id/7000000000018210,http://data.ordnancesurvey.co.uk/ontology/admingeo/County,South East,http://data.ordnancesurvey.co.uk/id/7000000000041421,England,http://data.ordnancesurvey.co.uk/id/country/england,,,
CT196AR,http://data.ordnancesurvey.co.uk/id/postcodeunit/CT196AR,CT19 6AR,,,,other,Postcode,623427,136294,3500,18000,,,,,,,Folkestone,http://data.ordnancesurvey.co.uk/id/4000000074566736,http://www.ordnancesurvey.co.uk/xml/codelists/localtype.xml#town,Folkestone and Hythe,http://data.ordnancesurvey.co.uk/id/7000000000018085,http://data.ordnancesurvey.co.uk/ontology/admingeo/District,Kent,http://data.ordnancesurvey.co.uk/id/7000000000018210,http://data.ordnancesurvey.co.uk/ontology/admingeo/County,South East,http://data.ordnancesurvey.co.uk/id/7000000000041421,England,http://data.ordnancesurvey.co.uk/id/country/england,,,
CT187JR,http://data.ordnancesurvey.co.uk/id/postcodeunit/CT187JR,CT18 7JR,,,,other,Postcode,624884,138474,3500,18000,,,,,,,Capel-le-Ferne,http://data.ordnancesurvey.co.uk/id/4000000074568384,http://www.ordnancesurvey.co.uk/xml/codelists/localtype.xml#village,Dover,http://data.ordnancesurvey.co.uk/id/7000000000017977,http://data.ordnancesurvey.co.uk/ontology/admingeo/District,Kent,http://data.ordnancesurvey.co.uk/id/7000000000018210,http://data.ordnancesurvey.co.uk/ontology/admingeo/County,South East,http://data.ordnancesurvey.co.uk/id/7000000000041421,England,http://data.ordnancesurvey.co.uk/id/country/england,,,
CT203BG,http://data.ordnancesurvey.co.uk/id/postcodeunit/CT203BG,CT20 3BG,,,,other,Postcode,620521,135321,3500,18000,,,,,,,Folkestone,http://data.ordnancesurvey.co.uk/id/4000000074566736,http://www.ordnancesurvey.co.uk/xml/codelists/localtype.xml#town,Folkestone and Hythe,http://data.ordnancesurvey.co.uk/id/7000000000018085,http://data.ordnancesurvey.co.uk/ontology/admingeo/District,Kent,http://data.ordnancesurvey.co.uk/id/7000000000018210,http://data.ordnancesurvey.co.uk/ontology/admingeo/County,South East,http://data.ordnancesurvey.co.uk/id/7000000000041421,England,http://data.ordnancesurvey.co.uk/id/country/england,,,
CT201PD,http://data.ordnancesurvey.co.uk/id/postcodeunit/CT201PD,CT20 1PD,,,,other,Postcode,623298,136494,3500,18000,,,,,,,Folkestone,http://data.ordnancesurvey.co.uk/id/4000000074566736,http://www.ordnancesurvey.co.uk/xml/codelists/localtype.xml#town,Folkestone and Hythe,http://data.ordnancesurvey.co.uk/id/7000000000018085,http://data.ordnancesurvey.co.uk/ontology/admingeo/District,Kent,http://data.ordnancesurvey.co.uk/id/7000000000018210,http://data.ordnancesurvey.co.uk/ontology/admingeo/County,South East,http://data.ordnancesurvey.co.uk/id/7000000000041421,England,http://data.ordnancesurvey.co.uk/id/country/england,,,
CT187HG,http://data.ordnancesurvey.co.uk/id/postcodeunit/CT187HG,CT18 7HG,,,,other,Postcode,624654,138567,3500,18000,,,,,,,Capel-le-Ferne,http://data.ordnancesurvey.co.uk/id/4000000074568384,http://www.ordnancesurvey.co.uk/xml/codelists/localtype.xml#village,Dover,http://data.ordnancesurvey.co.uk/id/7000000000017977,http://data.ordnancesurvey.co.uk/ontology/admingeo/District,Kent,http://data.ordnancesurvey.co.uk/id/7000000000018210,http://data.ordnancesurvey.co.uk/ontology/admingeo/County,South East,http://data.ordnancesurvey.co.uk/id/7000000000041421,England,http://data.ordnancesurvey.co.uk/id/country/england,,,
CT194BY,http://data.ordnancesurvey.co.uk/id/postcodeunit/CT194BY,CT19 4BY,,,,other,Postcode,620408,136653,3500,18000,,,,,,,Folkestone,http://data.ordnancesurvey.co.uk/id/4000000074566736,http://www.ordnancesurvey.co.uk/xml/codelists/localtype.xml#town,Folkestone and Hythe,http://data.ordnancesurvey.co.uk/id/7000000000018085,http://data.ordnancesurvey.co.uk/ontology/admingeo/District,Kent,http://data.ordnancesurvey.co.uk/id/7000000000018210,http://data.ordnancesurvey.co.uk/ontology/admingeo/County,South East,http://data.ordnancesurvey.co.uk/id/7000000000041421,England,http://data.ordnancesurvey.co.uk/id/country/england,,,
CT187LD,http://data.ordnancesurvey.co.uk/id/postcodeunit/CT187LD,CT18 7LD,,,,other,Postcode,625170,138533,3500,18000,,,,,,,Capel-le-Ferne,http://data.ordnancesurvey.co.uk/id/4000000074568384,http://www.ordnancesurvey.co.uk/xml/codelists/localtype.xml#village,Dover,http://data.ordnancesurvey.co.uk/id/7000000000017977,http://data.ordnancesurvey.co.uk/ontology/admingeo/District,Kent,http://data.ordnancesurvey.co.uk/id/7000000000018210,http://data.ordnancesurvey.co.uk/ontology/admingeo/County,South East,http://data.ordnancesurvey.co.uk/id/7000000000041421,England,http://data.ordnancesurvey.co.uk/id/country/england,,,
CT203BJ,http://data.ordnancesurvey.co.uk/id/postcodeunit/CT203BJ,CT20 3BJ,,,,other,Postcode,620338,135562,3500,18000,,,,,,,Folkestone,http://data.ordnancesurvey.co.uk/id/4000000074566736,http://www.ordnancesurvey.co.uk/xml/codelists/localtype.xml#town,Folkestone and Hythe,http://data.ordnancesurvey.co.uk/id/7000000000018085,http://data.ordnancesurvey.co.uk/ontology/admingeo/District,Kent,http://data.ordnancesurvey.co.uk/id/7000000000018210,http://data.ordnancesurvey.co.uk/ontology/admingeo/County,South East,http://data.ordnancesurvey.co.uk/id/7000000000041421,England,http://data.ordnancesurvey.co.uk/id/country/england,,,
CT195BJ,http://data.ordnancesurvey.co.uk/id/postcodeunit/CT195BJ,CT19 5BJ,,,,other,Postcode,622365,136583,3500,18000,,,,,,,Folkestone,http://data.ordnancesurvey.co.uk/id/4000000074566736,http://www.ordnancesurvey.co.uk/xml/codelists/localtype.xml#town,Folkestone and Hythe,http://data.ordnancesurvey.co.uk/id/7000000000018085,http://data.ordnancesurvey.co.uk/ontology/admingeo/District,Kent,http://data.ordnancesurvey.co.uk/id/7000000000018210,http://data.ordnancesurvey.co.uk/ontology/admingeo/County,South East,http://data.ordnancesurvey.co.uk/id/7000000000041421,England,http://data.ordnancesurvey.co.uk/id/country/england,,,
CT203NB,http://data.ordnancesurvey.co.uk/id/postcodeunit/CT203NB,CT20 3NB,,,,other,Postcode,620377,136122,3500,18000,,,,,,,Folkestone,http://data.ordnancesurvey.co.uk/id/4000000074566736,http://www.ordnancesurvey.co.uk/xml/codelists/localtype.xml#town,Folkestone and Hythe,http://data.ordnancesurvey.co.uk/id/7000000000018085,http://data.ordnancesurvey.co.uk/ontology/admingeo/District,Kent,http://data.ordnancesurvey.co.uk/id/7000000000018210,http://data.ordnancesurvey.co.uk/ontology/admingeo/County,South East,http://data.ordnancesurvey.co.uk/id/7000000000041421,England,http://data.ordnancesurvey.co.uk/id/country/england,,,
CT187LP,http://data.ordnancesurvey.co.uk/id/postcodeunit/CT187LP,CT18 7LP,,,,other,Postcode,624999,138671,3500,18000,,,,,,,Capel-le-Ferne,http://data.ordnancesurvey.co.uk/id/4000000074568384,http://www.ordnancesurvey.co.uk/xml/codelists/localtype.xml#village,Dover,http://data.ordnancesurvey.co.uk/id/7000000000017977,http://data.ordnancesurvey.co.uk/ontology/admingeo/District,Kent,http://data.ordnancesurvey.co.uk/id/7000000000018210,http://data.ordnancesurvey.co.uk/ontology/admingeo/County,South East,http://data.ordnancesurvey.co.uk/id/7000000000041421,England,http://data.ordnancesurvey.co.uk/id/country/england,,,
CT179HB,http://data.ordnancesurvey.co.uk/id/postcodeunit/CT179HB,CT17 9HB,,,,other,Postcode,630554,139986,3500,18000,,,,,,,Dover,http://data.ordnancesurvey.co.uk/id/4000000074568379,http://www.ordnancesurvey.co.uk/xml/codelists/localtype.xml#town,Dover,http://data.ordnancesurvey.co.uk/id/7000000000017977,http://data.ordnancesurvey.co.uk/ontology/admingeo/District,Kent,http://data.ordnancesurvey.co.uk/id/7000000000018210,http://data.ordnancesurvey.co.uk/ontology/admingeo/County,South East,http://data.ordnancesurvey.co.uk/id/7000000000041421,England,http://data.ordnancesurvey.co.uk/id/country/england,,,
CT194NN,http://data.ordnancesurvey.co.uk/id/postcodeunit/CT194NN,CT19 4NN,,,,other,Postcode,620167,136811,3500,18000,,,,,,,Folkestone,http://data.ordnancesurvey.co.uk/id/4000000074566736,http://www.ordnancesurvey.co.uk/xml/codelists/localtype.xml#town,Folkestone and Hythe,http://data.ordnancesurvey.co.uk/id/7000000000018085,http://data.ordnancesurvey.co.uk/ontology/admingeo/District,Kent,http://data.ordnancesurvey.co.uk/id/7000000000018210,http://data.ordnancesurvey.co.uk/ontology/admingeo/County,South East,http://data.ordnancesurvey.co.uk/id/7000000000041421,England,http://data.ordnancesurvey.co.uk/id/country/england,,,
CT187UJ,http://data.ordnancesurvey.co.uk/id/postcodeunit/CT187UJ,CT18 7UJ,,,,other,Postcode,621268,139401,3500,18000,,,,,,,Hawkinge,http://data.ordnancesurvey.co.uk/id/4000000074566747,http://www.ordnancesurvey.co.uk/xml/codelists/localtype.xml#village,Folkestone and Hythe,http://data.ordnancesurvey.co.uk/id/7000000000018085,http://data.ordnancesurvey.co.uk/ontology/admingeo/District,Kent,http://data.ordnancesurvey.co.uk/id/7000000000018210,http://data.ordnancesurvey.co.uk/ontology/admingeo/County,South East,http://data.ordnancesurvey.co.uk/id/7000000000041421,England,http://data.ordnancesurvey.co.uk/id/country/england,,,
CT196DB,http://data.ordnancesurvey.co.uk/id/postcodeunit/CT196DB,CT19 6DB,,,,other,Postcode,623459,136511,3500,18000,,,,,,,Folkestone,http://data.ordnancesurvey.co.uk/id/4000000074566736,http://www.ordnancesurvey.co.uk/xml/codelists/localtype.xml#town,Folkestone and Hythe,http://data.ordnancesurvey.co.uk/id/7000000000018085,http://data.ordnancesurvey.co.uk/ontology/admingeo/District,Kent,http://data.ordnancesurvey.co.uk/id/7000000000018210,http://data.ordnancesurvey.co.uk/ontology/admingeo/County,South East,http://data.ordnancesurvey.co.uk/id/7000000000041421,England,http://data.ordnancesurvey.co.uk/id/country/england,,,
CT201SE,http://data.ordnancesurvey.co.uk/id/postcodeunit/CT201SE,CT20 1SE,,,,other,Postcode,622937,135942,3500,18000,,,,,,,Folkestone,http://data.ordnancesurvey.co.uk/id/4000000074566736,http://www.ordnancesurvey.co.uk/xml/codelists/localtype.xml#town,Folkestone and Hythe,http://data.ordnancesurvey.co.uk/id/7000000000018085,http://data.ordnancesurvey.co.uk/ontology/admingeo/District,Kent,http://data.ordnancesurvey.co.uk/id/7000000000018210,http://data.ordnancesurvey.co.uk/ontology/admingeo/County,South East,http://data.ordnancesurvey.co.uk/id/7000000000041421,England,http://data.ordnancesurvey.co.uk/id/country/england,,,
CT194DD,http://data.ordnancesurvey.co.uk/id/postcodeunit/CT194DD,CT19 4DD,,,,other,Postcode,620479,136825,3500,18000,,,,,,,Folkestone,http://data.ordnancesurvey.co.uk/id/4000000074566736,http://www.ordnancesurvey.co.uk/xml/codelists/localtype.xml#town,Folkestone and Hythe,http://data.ordnancesurvey.co.uk/id/7000000000018085,http://data.ordnancesurvey.co.uk/ontology/admingeo/District,Kent,http://data.ordnancesurvey.co.uk/id/7000000000018210,http://data.ordnancesurvey.co.uk/ontology/admingeo/County,South East,http://data.ordnancesurvey.co.uk/id/7000000000041421,England,http://data.ordnancesurvey.co.uk/id/country/england,,,
CT195GA,http://data.ordnancesurvey.co.uk/id/postcodeunit/CT195GA,CT19 5GA,,,,other,Postcode,621765,137631,3500,18000,,,,,,,Folkestone,http://data.ordnancesurvey.co.uk/id/4000000074566736,http://www.ordnancesurvey.co.uk/xml/codelists/localtype.xml#town,Folkestone and Hythe,http://data.ordnancesurvey.co.uk/id/7000000000018085,http://data.ordnancesurvey.co.uk/ontology/admingeo/District,Kent,http://data.ordnancesurvey.co.uk/id/7000000000018210,http://data.ordnancesurvey.co.uk/ontology/admingeo/County,South East,http://data.ordnancesurvey.co.uk/id/7000000000041421,England,http://data.ordnancesurvey.co.uk/id/country/england,,,
CT196LS,http://data.ordnancesurvey.co.uk/id/postcodeunit/CT196LS,CT19 6LS,,,,other,Postcode,623182,137580,3500,18000,,,,,,,Folkestone,http://data.ordnancesurvey.co.uk/id/4000000074566736,http://www.ordnancesurvey.co.uk/xml/codelists/localtype.xml#town,Folkestone and Hythe,http://data.ordnancesurvey.co.uk/id/7000000000018085,http://data.ordnancesurvey.co.uk/ontology/admingeo/District,Kent,http://data.ordnancesurvey.co.uk/id/7000000000018210,http://data.ordnancesurvey.co.uk/ontology/admingeo/County,South East,http://data.ordnancesurvey.co.uk/id/7000000000041421,England,http://data.ordnancesurvey.co.uk/id/country/england,,,
CT201EB,http://data.ordnancesurvey.co.uk/id/postcodeunit/CT201EB,CT20 1EB,,,,other,Postcode,622778,136050,3500,18000,,,,,,,Folkestone,http://data.ordnancesurvey.co.uk/id/4000000074566736,http://www.ordnancesurvey.co.uk/xml/codelists/localtype.xml#town,Folkestone and Hythe,http://data.ordnancesurvey.co.uk/id/7000000000018085,http://data.ordnancesurvey.co.uk/ontology/admingeo/District,Kent,http://data.ordnancesurvey.co.uk/id/7000000000018210,http://data.ordnancesurvey.co.uk/ontology/admingeo/County,South East,http://data.ordnancesurvey.co.uk/id/7000000000041421,England,http://data.ordnancesurvey.co.uk/id/country/england,,,
CT187GY,http://data.ordnancesurvey.co.uk/id/postcodeunit/CT187GY,CT18 7GY,,,,other,Postcode,621095,139147,3500,18000,,,,,,,Hawkinge,http://data.ordnancesurvey.co.uk/id/4000000074566747,http://www.ordnancesurvey.co.uk/xml/codelists/localtype.xml#village,Folkestone and Hythe,http://data.ordnancesurvey.co.uk/id/7000000000018085,http://data.ordnancesurvey.co.uk/ontology/admingeo/District,Kent,http://data.ordnancesurvey.co.uk/id/7000000000018210,http://data.ordnancesurvey.co.uk/ontology/admingeo/County,South East,http://data.ordnancesurvey.co.uk/id/7000000000041421,England,http://data.ordnancesurvey.co.uk/id/country/england,,,
CT202SU,http://data.ordnancesurvey.co.uk/id/postcodeunit/CT202SU,CT20 2SU,,,,other,Postcode,622319,135898,3500,18000,,,,,,,Folkestone,http://data.ordnancesurvey.co.uk/id/4000000074566736,http://www.ordnancesurvey.co.uk/xml/codelists/localtype.xml#town,Folkestone and Hythe,http://data.ordnancesurvey.co.uk/id/7000000000018085,http://data.ordnancesurvey.co.uk/ontology/admingeo/District,Kent,http://data.ordnancesurvey.co.uk/id/7000000000018210,http://data.ordnancesurvey.co.uk/ontology/admingeo/County,South East,http://data.ordnancesurvey.co.uk/id/7000000000041421,England,http://data.ordnancesurvey.co.uk/id/country/england,,,
CT202QW,http://data.ordnancesurvey.co.uk/id/postcodeunit/CT202QW,CT20 2QW,,,,other,Postcode,622090,136224,3500,18000,,,,,,,Folkestone,http://data.ordnancesurvey.co.uk/id/4000000074566736,http://www.ordnancesurvey.co.uk/xml/codelists/localtype.xml#town,Folkestone and Hythe,http://data.ordnancesurvey.co.uk/id/7000000000018085,http://data.ordnancesurvey.co.uk/ontology/admingeo/District,Kent,http://data.ordnancesurvey.co.uk/id/7000000000018210,http://data.ordnancesurvey.co.uk/ontology/admingeo/County,South East,http://data.ordnancesurvey.co.uk/id/7000000000041421,England,http://data.ordnancesurvey.co.uk/id/country/england,,,
CT201LE,http://data.ordnancesurvey.co.uk/id/postcodeunit/CT201LE,CT20 1LE,,,,other,Postcode,623062,136314,3500,18000,,,,,,,Folkestone,http://data.ordnancesurvey.co.uk/id/4000000074566736,http://www.ordnancesurvey.co.uk/xml/codelists/localtype.xml#town,Folkestone and Hythe,http://data.ordnancesurvey.co.uk/id/7000000000018085,http://data.ordnancesurvey.co.uk/ontology/admingeo/District,Kent,http://data.ordnancesurvey.co.uk/id/7000000000018210,http://data.ordnancesurvey.co.uk/ontology/admingeo/County,South East,http://data.ordnancesurvey.co.uk/id/7000000000041421,England,http://data.ordnancesurvey.co.uk/id/country/england,,,
CT195QP,http://data.ordnancesurvey.co.uk/id/postcodeunit/CT195QP,CT19 5QP,,,,other,Postcode,622694,136711,3500,18000,,,,,,,Folkestone,http://data.ordnancesurvey.co.uk/id/4000000074566736,http://www.ordnancesurvey.co.uk/xml/codelists/localtype.xml#town,Folkestone and Hythe,http://data.ordnancesurvey.co.uk/id/7000000000018085,http://data.ordnancesurvey.co.uk/ontology/admingeo/District,Kent,http://data.ordnancesurvey.co.uk/id/7000000000018210,http://data.ordnancesurvey.co.uk/ontology/admingeo/County,South East,http://data.ordnancesurvey.co.uk/id/7000000000041421,England,http://data.ordnancesurvey.co.uk/id/country/england,,,
CT187HT,http://data.ordnancesurvey.co.uk/id/postcodeunit/CT187HT,CT18 7HT,,,,other,Postcode,625435,138502,3500,18000,,,,,,,Capel-le-Ferne,http://data.ordnancesurvey.co.uk/id/4000000074568384,http://www.ordnancesurvey.co.uk/xml/codelists/localtype.xml#village,Dover,http://data.ordnancesurvey.co.uk/id/7000000000017977,http://data.ordnancesurvey.co.uk/ontology/admingeo/District,Kent,http://data.ordnancesurvey.co.uk/id/7000000000018210,http://data.ordnancesurvey.co.uk/ontology/admingeo/County,South East,http://data.ordnancesurvey.co.uk/id/7000000000041421,England,http://data.ordnancesurvey.co.uk/id/country/england,,,
CT195HN,http://data.ordnancesurvey.co.uk/id/postcodeunit/CT195HN,CT19 5HN,,,,other,Postcode,622068,136674,3500,18000,,,,,,,Folkestone,http://data.ordnancesurvey.co.uk/id/4000000074566736,http://www.ordnancesurvey.co.uk/xml/codelists/localtype.xml#town,Folkestone and Hythe,http://data.ordnancesurvey.co.uk/id/7000000000018085,http://data.ordnancesurvey.co.uk/ontology/admingeo/District,Kent,http://data.ordnancesurvey.co.uk/id/7000000000018210,http://data.ordnancesurvey.co.uk/ontology/admingeo/County,South East,http://data.ordnancesurvey.co.uk/id/7000000000041421,England,http://data.ordnancesurvey.co.uk/id/country/england,,,
CT196PZ,http://data.ordnancesurvey.co.uk/id/postcodeunit/CT196PZ,CT19 6PZ,,,,other,Postcode,623689,137369,3500,18000,,,,,,,Folkestone,http://data.ordnancesurvey.co.uk/id/4000000074566736,http://www.ordnancesurvey.co.uk/xml/codelists/localtype.xml#town,Folkestone and Hythe,http://data.ordnancesurvey.co.uk/id/7000000000018085,http://data.ordnancesurvey.co.uk/ontology/admingeo/District,Kent,http://data.ordnancesurvey.co.uk/id/7000000000018210,http://data.ordnancesurvey.co.uk/ontology/admingeo/County,South East,http://data.ordnancesurvey.co.uk/id/7000000000041421,England,http://data.ordnancesurvey.co.uk/id/country/england,,,
CT202EE,http://data.ordnancesurvey.co.uk/id/postcodeunit/CT202EE,CT20 2EE,,,,other,Postcode,622352,135642,3500,18000,,,,,,,Folkestone,http://data.ordnancesurvey.co.uk/id/4000000074566736,http://www.ordnancesurvey.co.uk/xml/codelists/localtype.xml#town,Folkestone and Hythe,http://data.ordnancesurvey.co.uk/id/7000000000018085,http://data.ordnancesurvey.co.uk/ontology/admingeo/District,Kent,http://data.ordnancesurvey.co.uk/id/7000000000018210,http://data.ordnancesurvey.co.uk/ontology/admingeo/County,South East,http://data.ordnancesurvey.co.uk/id/7000000000041421,England,http://data.ordnancesurvey.co.uk/id/country/england,,,
CT187SH,http://data.ordnancesurvey.co.uk/id/postcodeunit/CT187SH,CT18 7SH,,,,other,Postcode,620997,139049,3500,18000,,,,,,,Hawkinge,http://data.ordnancesurvey.co.uk/id/4000000074566747,http://www.ordnancesurvey.co.uk/xml/codelists/localtype.xml#village,Folkestone and Hythe,http://data.ordnancesurvey.co.uk/id/7000000000018085,http://data.ordnancesurvey.co.uk/ontology/admingeo/District,Kent,http://data.ordnancesurvey.co.uk/id/7000000000018210,http://data.ordnancesurvey.co.uk/ontology/admingeo/County,South East,http://data.ordnancesurvey.co.uk/id/7000000000041421,England,http://data.ordnancesurvey.co.uk/id/country/england,,,
CT196DG,http://data.ordnancesurvey.co.uk/id/postcodeunit/CT196DG,CT19 6DG,,,,other,Postcode,623609,136623,3500,18000,,,,,,,Folkestone,http://data.ordnancesurvey.co.uk/id/4000000074566736,http://www.ordnancesurvey.co.uk/xml/codelists/localtype.xml#town,Folkestone and Hythe,http://data.ordnancesurvey.co.uk/id/7000000000018085,http://data.ordnancesurvey.co.uk/ontology/admingeo/District,Kent,http://data.ordnancesurvey.co.uk/id/7000000000018210,http://data.ordnancesurvey.co.uk/ontology/admingeo/County,South East,http://data.ordnancesurvey.co.uk/id/7000000000041421,England,http://data.ordnancesurvey.co.uk/id/country/england,,,
CT195JF,http://data.ordnancesurvey.co.uk/id/postcodeunit/CT195JF,CT19 5JF,,,,other,Postcode,621795,136928,3500,18000,,,,,,,Folkestone,http://data.ordnancesurvey.co.uk/id/4000000074566736,http://www.ordnancesurvey.co.uk/xml/codelists/localtype.xml#town,Folkestone and Hythe,http://data.ordnancesurvey.co.uk/id/7000000000018085,http://data.ordnancesurvey.co.uk/ontology/admingeo/District,Kent,http://data.ordnancesurvey.co.uk/id/7000000000018210,http://data.ordnancesurvey.co.uk/ontology/admingeo/County,South East,http://data.ordnancesurvey.co.uk/id/7000000000041421,England,http://data.ordnancesurvey.co.uk/id/country/england,,,
CT201LA,http://data.ordnancesurvey.co.uk/id/postcodeunit/CT201LA,CT20 1LA,,,,other,Postcode,623167,136453,3500,18000,,,,,,,Folkestone,http://data.ordnancesurvey.co.uk/id/4000000074566736,http://www.ordnancesurvey.co.uk/xml/codelists/localtype.xml#town,Folkestone and Hythe,http://data.ordnancesurvey.co.uk/id/7000000000018085,http://data.ordnancesurvey.co.uk/ontology/admingeo/District,Kent,http://data.ordnancesurvey.co.uk/id/7000000000018210,http://data.ordnancesurvey.co.uk/ontology/admingeo/County,South East,http://data.ordnancesurvey.co.uk/id/7000000000041421,England,http://data.ordnancesurvey.co.uk/id/country/england,,,
CT209BE,http://data.ordnancesurvey.co.uk/id/postcodeunit/CT209BE,CT20 9BE,,,,other,Postcode,622641,135834,3500,18000,,,,,,,Folkestone,http://data.ordnancesurvey.co.uk/id/4000000074566736,http://www.ordnancesurvey.co.uk/xml/codelists/localtype.xml#town,Folkestone and Hythe,http://data.ordnancesurvey.co.uk/id/7000000000018085,http://data.ordnancesurvey.co.uk/ontology/admingeo/District,Kent,http://data.ordnancesurvey.co.uk/id/7000000000018210,http://data.ordnancesurvey.co.uk/ontology/admingeo/County,South East,http://data.ordnancesurvey.co.uk/id/7000000000041421,England,http://data.ordnancesurvey.co.uk/id/country/england,,,
CT187JS,http://data.ordnancesurvey.co.uk/id/postcodeunit/CT187JS,CT18 7JS,,,,other,Postcode,624833,138402,3500,18000,,,,,,,Capel-le-Ferne,http://data.ordnancesurvey.co.uk/id/4000000074568384,http://www.ordnancesurvey.co.uk/xml/codelists/localtype.xml#village,Dover,http://data.ordnancesurvey.co.uk/id/7000000000017977,http://data.ordnancesurvey.co.uk/ontology/admingeo/District,Kent,http://data.ordnancesurvey.co.uk/id/7000000000018210,http://data.ordnancesurvey.co.uk/ontology/admingeo/County,South East,http://data.ordnancesurvey.co.uk/id/7000000000041421,England,http://data.ordnancesurvey.co.uk/id/country/england,,,
CT195HZ,http://data.ordnancesurvey.co.uk/id/postcodeunit/CT195HZ,CT19 5HZ,,,,other,Postcode,622291,136619,3500,18000,,,,,,,Folkestone,http://data.ordnancesurvey.co.uk/id/4000000074566736,http://www.ordnancesurvey.co.uk/xml/codelists/localtype.xml#town,Folkestone and Hythe,http://data.ordnancesurvey.co.uk/id/7000000000018085,http://data.ordnancesurvey.co.uk/ontology/admingeo/District,Kent,http://data.ordnancesurvey.co.uk/id/7000000000018210,http://data.ordnancesurvey.co.uk/ontology/admingeo/County,South East,http://data.ordnancesurvey.co.uk/id/7000000000041421,England,http://data.ordnancesurvey.co.uk/id/country/england,,,
CT187PG,http://data.ordnancesurvey.co.uk/id/postcodeunit/CT187PG,CT18 7PG,,,,other,Postcode,621796,139437,3500,18000,,,,,,,Hawkinge,http://data.ordnancesurvey.co.uk/id/4000000074566747,http://www.ordnancesurvey.co.uk/xml/codelists/localtype.xml#village,Folkestone and Hythe,http://data.ordnancesurvey.co.uk/id/7000000000018085,http://data.ordnancesurvey.co.uk/ontology/admingeo/District,Kent,http://data.ordnancesurvey.co.uk/id/7000000000018210,http://data.ordnancesurvey.co.uk/ontology/admingeo/County,South East,http://data.ordnancesurvey.co.uk/id/7000000000041421,England,http://data.ordnancesurvey.co.uk/id/country/england,,,
CT187GZ,http://data.ordnancesurvey.co.uk/id/postcodeunit/CT187GZ,CT18 7GZ,,,,other,Postcode,621197,139132,3500,18000,,,,,,,Hawkinge,http://data.ordnancesurvey.co.uk/id/4000000074566747,http://www.ordnancesurvey.co.uk/xml/codelists/localtype.xml#village,Folkestone and Hythe,http://data.ordnancesurvey.co.uk/id/7000000000018085,http://data.ordnancesurvey.co.uk/ontology/admingeo/District,Kent,http://data.ordnancesurvey.co.uk/id/7000000000018210,http://data.ordnancesurvey.co.uk/ontology/admingeo/County,South East,http://data.ordnancesurvey.co.uk/id/7000000000041421,England,http://data.ordnancesurvey.co.uk/id/country/england,,,
CT194EJ,http://data.ordnancesurvey.co.uk/id/postcodeunit/CT194EJ,CT19 4EJ,,,,other,Postcode,620991,136649,3500,18000,,,,,,,Folkestone,http://data.ordnancesurvey.co.uk/id/4000000074566736,http://www.ordnancesurvey.co.uk/xml/codelists/localtype.xml#town,Folkestone and Hythe,http://data.ordnancesurvey.co.uk/id/7000000000018085,http://data.ordnancesurvey.co.uk/ontology/admingeo/District,Kent,http://data.ordnancesurvey.co.uk/id/7000000000018210,http://data.ordnancesurvey.co.uk/ontology/admingeo/County,South East,http://data.ordnancesurvey.co.uk/id/7000000000041421,England,http://data.ordnancesurvey.co.uk/id/country/england,,,
CT195PP,http://data.ordnancesurvey.co.uk/id/postcodeunit/CT195PP,CT19 5PP,,,,other,Postcode,622631,137266,3500,18000,,,,,,,Folkestone,http://data.ordnancesurvey.co.uk/id/4000000074566736,http://www.ordnancesurvey.co.uk/xml/codelists/localtype.xml#town,Folkestone and Hythe,http://data.ordnancesurvey.co.uk/id/7000000000018085,http://data.ordnancesurvey.co.uk/ontology/admingeo/District,Kent,http://data.ordnancesurvey.co.uk/id/7000000000018210,http://data.ordnancesurvey.co.uk/ontology/admingeo/County,South East,http://data.ordnancesurvey.co.uk/id/7000000000041421,England,http://data.ordnancesurvey.co.uk/id/country/england,,,
CT196HX,http://data.ordnancesurvey.co.uk/id/postcodeunit/CT196HX,CT19 6HX,,,,other,Postcode,622941,137530,3500,18000,,,,,,,Folkestone,http://data.ordnancesurvey.co.uk/id/4000000074566736,http://www.ordnancesurvey.co.uk/xml/codelists/localtype.xml#town,Folkestone and Hythe,http://data.ordnancesurvey.co.uk/id/7000000000018085,http://data.ordnancesurvey.co.uk/ontology/admingeo/District,Kent,http://data.ordnancesurvey.co.uk/id/7000000000018210,http://data.ordnancesurvey.co.uk/ontology/admingeo/County,South East,http://data.ordnancesurvey.co.uk/id/7000000000041421,England,http://data.ordnancesurvey.co.uk/id/country/england,,,
CT187HZ,http://data.ordnancesurvey.co.uk/id/postcodeunit/CT187HZ,CT18 7HZ,,,,other,Postcode,626621,138664,3500,18000,,,,,,,,,,Dover,http://data.ordnancesurvey.co.uk/id/7000000000017977,http://data.ordnancesurvey.co.uk/ontology/admingeo/District,Kent,http://data.ordnancesurvey.co.uk/id/7000000000018210,http://data.ordnancesurvey.co.uk/ontology/admingeo/County,South East,http://data.ordnancesurvey.co.uk/id/7000000000041421,England,http://data.ordnancesurvey.co.uk/id/country/england,,,
CT201JP,http://data.ordnancesurvey.co.uk/id/postcodeunit/CT201JP,CT20 1JP,,,,other,Postcode,623019,136212,3500,18000,,,,,,,Folkestone,http://data.ordnancesurvey.co.uk/id/4000000074566736,http://www.ordnancesurvey.co.uk/xml/codelists/localtype.xml#town,Folkestone and Hythe,http://data.ordnancesurvey.co.uk/id/7000000000018085,http://data.ordnancesurvey.co.uk/ontology/admingeo/District,Kent,http://data.ordnancesurvey.co.uk/id/7000000000018210,http://data.ordnancesurvey.co.uk/ontology/admingeo/County,South East,http://data.ordnancesurvey.co.uk/id/7000000000041421,England,http://data.ordnancesurvey.co.uk/id/country/england,,,
CT201LF,http://data.ordnancesurvey.co.uk/id/postcodeunit/CT201LF,CT20 1LF,,,,other,Postcode,623150,136347,3500,18000,,,,,,,Folkestone,http://data.ordnancesurvey.co.uk/id/4000000074566736,http://www.ordnancesurvey.co.uk/xml/codelists/localtype.xml#town,Folkestone and Hythe,http://data.ordnancesurvey.co.uk/id/7000000000018085,http://data.ordnancesurvey.co.uk/ontology/admingeo/District,Kent,http://data.ordnancesurvey.co.uk/id/7000000000018210,http://data.ordnancesurvey.co.uk/ontology/admingeo/County,South East,http://data.ordnancesurvey.co.uk/id/7000000000041421,England,http://data.ordnancesurvey.co.uk/id/country/england,,,
CT195ST,http://data.ordnancesurvey.co.uk/id/postcodeunit/CT195ST,CT19 5ST,,,,other,Postcode,622782,136563,3500,18000,,,,,,,Folkestone,http://data.ordnancesurvey.co.uk/id/4000000074566736,http://www.ordnancesurvey.co.uk/xml/codelists/localtype.xml#town,Folkestone and Hythe,http://data.ordnancesurvey.co.uk/id/7000000000018085,http://data.ordnancesurvey.co.uk/ontology/admingeo/District,Kent,http://data.ordnancesurvey.co.uk/id/7000000000018210,http://data.ordnancesurvey.co.uk/ontology/admingeo/County,South East,http://data.ordnancesurvey.co.uk/id/7000000000041421,England,http://data.ordnancesurvey.co.uk/id/country/england,,,
CT202UN,http://data.ordnancesurvey.co.uk/id/postcodeunit/CT202UN,CT20 2UN,,,,other,Postcode,621444,136116,3500,18000,,,,,,,Folkestone,http://data.ordnancesurvey.co.uk/id/4000000074566736,http://www.ordnancesurvey.co.uk/xml/codelists/localtype.xml#town,Folkestone and Hythe,http://data.ordnancesurvey.co.uk/id/7000000000018085,http://data.ordnancesurvey.co.uk/ontology/admingeo/District,Kent,http://data.ordnancesurvey.co.uk/id/7000000000018210,http://data.ordnancesurvey.co.uk/ontology/admingeo/County,South East,http://data.ordnancesurvey.co.uk/id/7000000000041421,England,http://data.ordnancesurvey.co.uk/id/country/england,,,
CT195SP,http://data.ordnancesurvey.co.uk/id/postcodeunit/CT195SP,CT19 5SP,,,,other,Postcode,622938,137404,3500,18000,,,,,,,Folkestone,http://data.ordnancesurvey.co.uk/id/4000000074566736,http://www.ordnancesurvey.co.uk/xml/codelists/localtype.xml#town,Folkestone and Hythe,http://data.ordnancesurvey.co.uk/id/7000000000018085,http://data.ordnancesurvey.co.uk/ontology/admingeo/District,Kent,http://data.ordnancesurvey.co.uk/id/7000000000018210,http://data.ordnancesurvey.co.uk/ontology/admingeo/County,South East,http://data.ordnancesurvey.co.uk/id/7000000000041421,England,http://data.ordnancesurvey.co.uk/id/country/england,,,
CT203RD,http://data.ordnancesurvey.co.uk/id/postcodeunit/CT203RD,CT20 3RD,,,,other,Postcode,620973,135509,3500,18000,,,,,,,Folkestone,http://data.ordnancesurvey.co.uk/id/4000000074566736,http://www.ordnancesurvey.co.uk/xml/codelists/localtype.xml#town,Folkestone and Hythe,http://data.ordnancesurvey.co.uk/id/7000000000018085,http://data.ordnancesurvey.co.uk/ontology/admingeo/District,Kent,http://data.ordnancesurvey.co.uk/id/7000000000018210,http://data.ordnancesurvey.co.uk/ontology/admingeo/County,South East,http://data.ordnancesurvey.co.uk/id/7000000000041421,England,http://data.ordnancesurvey.co.uk/id/country/england,,,
CT201AW,http://data.ordnancesurvey.co.uk/id/postcodeunit/CT201AW,CT20 1AW,,,,other,Postcode,623373,136508,3500,18000,,,,,,,Folkestone,http://data.ordnancesurvey.co.uk/id/4000000074566736,http://www.ordnancesurvey.co.uk/xml/codelists/localtype.xml#town,Folkestone and Hythe,http://data.ordnancesurvey.co.uk/id/7000000000018085,http://data.ordnancesurvey.co.uk/ontology/admingeo/District,Kent,http://data.ordnancesurvey.co.uk/id/7000000000018210,http://data.ordnancesurvey.co.uk/ontology/admingeo/County,South East,http://data.ordnancesurvey.co.uk/id/7000000000041421,England,http://data.ordnancesurvey.co.uk/id/country/england,,,
CT195QB,http://data.ordnancesurvey.co.uk/id/postcodeunit/CT195QB,CT19 5QB,,,,other,Postcode,622610,137557,3500,18000,,,,,,,Folkestone,http://data.ordnancesurvey.co.uk/id/4000000074566736,http://www.ordnancesurvey.co.uk/xml/codelists/localtype.xml#town,Folkestone and Hythe,http://data.ordnancesurvey.co.uk/id/7000000000018085,http://data.ordnancesurvey.co.uk/ontology/admingeo/District,Kent,http://data.ordnancesurvey.co.uk/id/7000000000018210,http://data.ordnancesurvey.co.uk/ontology/admingeo/County,South East,http://data.ordnancesurvey.co.uk/id/7000000000041421,England,http://data.ordnancesurvey.co.uk/id/country/england,,,
CT195PT,http://data.ordnancesurvey.co.uk/id/postcodeunit/CT195PT,CT19 5PT,,,,other,Postcode,622407,137368,3500,18000,,,,,,,Folkestone,http://data.ordnancesurvey.co.uk/id/4000000074566736,http://www.ordnancesurvey.co.uk/xml/codelists/localtype.xml#town,Folkestone and Hythe,http://data.ordnancesurvey.co.uk/id/7000000000018085,http://data.ordnancesurvey.co.uk/ontology/admingeo/District,Kent,http://data.ordnancesurvey.co.uk/id/7000000000018210,http://data.ordnancesurvey.co.uk/ontology/admingeo/County,South East,http://data.ordnancesurvey.co.uk/id/7000000000041421,England,http://data.ordnancesurvey.co.uk/id/country/england,,,
CT201JT,http://data.ordnancesurvey.co.uk/id/postcodeunit/CT201JT,CT20 1JT,,,,other,Postcode,623103,136096,3500,18000,,,,,,,Folkestone,http://data.ordnancesurvey.co.uk/id/4000000074566736,http://www.ordnancesurvey.co.uk/xml/codelists/localtype.xml#town,Folkestone and Hythe,http://data.ordnancesurvey.co.uk/id/7000000000018085,http://data.ordnancesurvey.co.uk/ontology/admingeo/District,Kent,http://data.ordnancesurvey.co.uk/id/7000000000018210,http://data.ordnancesurvey.co.uk/ontology/admingeo/County,South East,http://data.ordnancesurvey.co.uk/id/7000000000041421,England,http://data.ordnancesurvey.co.uk/id/country/england,,,
CT202QU,http://data.ordnancesurvey.co.uk/id/postcodeunit/CT202QU,CT20 2QU,,,,other,Postcode,622203,135807,3500,18000,,,,,,,Folkestone,http://data.ordnancesurvey.co.uk/id/4000000074566736,http://www.ordnancesurvey.co.uk/xml/codelists/localtype.xml#town,Folkestone and Hythe,http://data.ordnancesurvey.co.uk/id/7000000000018085,http://data.ordnancesurvey.co.uk/ontology/admingeo/District,Kent,http://data.ordnancesurvey.co.uk/id/7000000000018210,http://data.ordnancesurvey.co.uk/ontology/admingeo/County,South East,http://data.ordnancesurvey.co.uk/id/7000000000041421,England,http://data.ordnancesurvey.co.uk/id/country/england,,,
CT196NG,http://data.ordnancesurvey.co.uk/id/postcodeunit/CT196NG,CT19 6NG,,,,other,Postcode,623309,136867,3500,18000,,,,,,,Folkestone,http://data.ordnancesurvey.co.uk/id/4000000074566736,http://www.ordnancesurvey.co.uk/xml/codelists/localtype.xml#town,Folkestone and Hythe,http://data.ordnancesurvey.co.uk/id/7000000000018085,http://data.ordnancesurvey.co.uk/ontology/admingeo/District,Kent,http://data.ordnancesurvey.co.uk/id/7000000000018210,http://data.ordnancesurvey.co.uk/ontology/admingeo/County,South East,http://data.ordnancesurvey.co.uk/id/7000000000041421,England,http://data.ordnancesurvey.co.uk/id/country/england,,,
CT195LQ,http://data.ordnancesurvey.co.uk/id/postcodeunit/CT195LQ,CT19 5LQ,,,,other,Postcode,621314,136944,3500,18000,,,,,,,Folkestone,http://data.ordnancesurvey.co.uk/id/4000000074566736,http://www.ordnancesurvey.co.uk/xml/codelists/localtype.xml#town,Folkestone and Hythe,http://data.ordnancesurvey.co.uk/id/7000000000018085,http://data.ordnancesurvey.co.uk/ontology/admingeo/District,Kent,http://data.ordnancesurvey.co.uk/id/7000000000018210,http://data.ordnancesurvey.co.uk/ontology/admingeo/County,South East,http://data.ordnancesurvey.co.uk/id/7000000000041421,England,http://data.ordnancesurvey.co.uk/id/country/england,,,
CT201EQ,http://data.ordnancesurvey.co.uk/id/postcodeunit/CT201EQ,CT20 1EQ,,,,other,Postcode,622698,136212,3500,18000,,,,,,,Folkestone,http://data.ordnancesurvey.co.uk/id/4000000074566736,http://www.ordnancesurvey.co.uk/xml/codelists/localtype.xml#town,Folkestone and Hythe,http://data.ordnancesurvey.co.uk/id/7000000000018085,http://data.ordnancesurvey.co.uk/ontology/admingeo/District,Kent,http://data.ordnancesurvey.co.uk/id/7000000000018210,http://data.ordnancesurvey.co.uk/ontology/admingeo/County,South East,http://data.ordnancesurvey.co.uk/id/7000000000041421,England,http://data.ordnancesurvey.co.uk/id/country/england,,,
CT187PN,http://data.ordnancesurvey.co.uk/id/postcodeunit/CT187PN,CT18 7PN,,,,other,Postcode,621887,139867,3500,18000,,,,,,,Hawkinge,http://data.ordnancesurvey.co.uk/id/4000000074566747,http://www.ordnancesurvey.co.uk/xml/codelists/localtype.xml#village,Folkestone and Hythe,http://data.ordnancesurvey.co.uk/id/7000000000018085,http://data.ordnancesurvey.co.uk/ontology/admingeo/District,Kent,http://data.ordnancesurvey.co.uk/id/7000000000018210,http://data.ordnancesurvey.co.uk/ontology/admingeo/County,South East,http://data.ordnancesurvey.co.uk/id/7000000000041421,England,http://data.ordnancesurvey.co.uk/id/country/england,,,
CT194BT,http://data.ordnancesurvey.co.uk/id/postcodeunit/CT194BT,CT19 4BT,,,,other,Postcode,620482,136698,3500,18000,,,,,,,Folkestone,http://data.ordnancesurvey.co.uk/id/4000000074566736,http://www.ordnancesurvey.co.uk/xml/codelists/localtype.xml#town,Folkestone and Hythe,http://data.ordnancesurvey.co.uk/id/7000000000018085,http://data.ordnancesurvey.co.uk/ontology/admingeo/District,Kent,http://data.ordnancesurvey.co.uk/id/7000000000018210,http://data.ordnancesurvey.co.uk/ontology/admingeo/County,South East,http://data.ordnancesurvey.co.uk/id/7000000000041421,England,http://data.ordnancesurvey.co.uk/id/country/england,,,
CT203NY,http://data.ordnancesurvey.co.uk/id/postcodeunit/CT203NY,CT20 3NY,,,,other,Postcode,620372,135740,3500,18000,,,,,,,Folkestone,http://data.ordnancesurvey.co.uk/id/4000000074566736,http://www.ordnancesurvey.co.uk/xml/codelists/localtype.xml#town,Folkestone and Hythe,http://data.ordnancesurvey.co.uk/id/7000000000018085,http://data.ordnancesurvey.co.uk/ontology/admingeo/District,Kent,http://data.ordnancesurvey.co.uk/id/7000000000018210,http://data.ordnancesurvey.co.uk/ontology/admingeo/County,South East,http://data.ordnancesurvey.co.uk/id/7000000000041421,England,http://data.ordnancesurvey.co.uk/id/country/england,,,
CT195TG,http://data.ordnancesurvey.co.uk/id/postcodeunit/CT195TG,CT19 5TG,,,,other,Postcode,622794,136629,3500,18000,,,,,,,Folkestone,http://data.ordnancesurvey.co.uk/id/4000000074566736,http://www.ordnancesurvey.co.uk/xml/codelists/localtype.xml#town,Folkestone and Hythe,http://data.ordnancesurvey.co.uk/id/7000000000018085,http://data.ordnancesurvey.co.uk/ontology/admingeo/District,Kent,http://data.ordnancesurvey.co.uk/id/7000000000018210,http://data.ordnancesurvey.co.uk/ontology/admingeo/County,South East,http://data.ordnancesurvey.co.uk/id/7000000000041421,England,http://data.ordnancesurvey.co.uk/id/country/england,,,
CT187SX,http://data.ordnancesurvey.co.uk/id/postcodeunit/CT187SX,CT18 7SX,,,,other,Postcode,620512,139752,3500,18000,,,,,,,Hawkinge,http://data.ordnancesurvey.co.uk/id/4000000074566747,http://www.ordnancesurvey.co.uk/xml/codelists/localtype.xml#village,Folkestone and Hythe,http://data.ordnancesurvey.co.uk/id/7000000000018085,http://data.ordnancesurvey.co.uk/ontology/admingeo/District,Kent,http://data.ordnancesurvey.co.uk/id/7000000000018210,http://data.ordnancesurvey.co.uk/ontology/admingeo/County,South East,http://data.ordnancesurvey.co.uk/id/7000000000041421,England,http://data.ordnancesurvey.co.uk/id/country/england,,,
CT203BW,http://data.ordnancesurvey.co.uk/id/postcodeunit/CT203BW,CT20 3BW,,,,other,Postcode,620259,135698,3500,18000,,,,,,,Folkestone,http://data.ordnancesurvey.co.uk/id/4000000074566736,http://www.ordnancesurvey.co.uk/xml/codelists/localtype.xml#town,Folkestone and Hythe,http://data.ordnancesurvey.co.uk/id/7000000000018085,http://data.ordnancesurvey.co.uk/ontology/admingeo/District,Kent,http://data.ordnancesurvey.co.uk/id/7000000000018210,http://data.ordnancesurvey.co.uk/ontology/admingeo/County,South East,http://data.ordnancesurvey.co.uk/id/7000000000041421,England,http://data.ordnancesurvey.co.uk/id/country/england,,,
CT187BT,http://data.ordnancesurvey.co.uk/id/postcodeunit/CT187BT,CT18 7BT,,,,other,Postcode,621398,139986,3500,18000,,,,,,,Hawkinge,http://data.ordnancesurvey.co.uk/id/4000000074566747,http://www.ordnancesurvey.co.uk/xml/codelists/localtype.xml#village,Folkestone and Hythe,http://data.ordnancesurvey.co.uk/id/7000000000018085,http://data.ordnancesurvey.co.uk/ontology/admingeo/District,Kent,http://data.ordnancesurvey.co.uk/id/7000000000018210,http://data.ordnancesurvey.co.uk/ontology/admingeo/County,South East,http://data.ordnancesurvey.co.uk/id/7000000000041421,England,http://data.ordnancesurvey.co.uk/id/country/england,,,
CT201WQ,http://data.ordnancesurvey.co.uk/id/postcodeunit/CT201WQ,CT20 1WQ,,,,other,Postcode,622641,135834,3500,18000,,,,,,,Folkestone,http://data.ordnancesurvey.co.uk/id/4000000074566736,http://www.ordnancesurvey.co.uk/xml/codelists/localtype.xml#town,Folkestone and Hythe,http://data.ordnancesurvey.co.uk/id/7000000000018085,http://data.ordnancesurvey.co.uk/ontology/admingeo/District,Kent,http://data.ordnancesurvey.co.uk/id/7000000000018210,http://data.ordnancesurvey.co.uk/ontology/admingeo/County,South East,http://data.ordnancesurvey.co.uk/id/7000000000041421,England,http://data.ordnancesurvey.co.uk/id/country/england,,,
CT203BA,http://data.ordnancesurvey.co.uk/id/postcodeunit/CT203BA,CT20 3BA,,,,other,Postcode,620758,135287,3500,18000,,,,,,,Folkestone,http://data.ordnancesurvey.co.uk/id/4000000074566736,http://www.ordnancesurvey.co.uk/xml/codelists/localtype.xml#town,Folkestone and Hythe,http://data.ordnancesurvey.co.uk/id/7000000000018085,http://data.ordnancesurvey.co.uk/ontology/admingeo/District,Kent,http://data.ordnancesurvey.co.uk/id/7000000000018210,http://data.ordnancesurvey.co.uk/ontology/admingeo/County,South East,http://data.ordnancesurvey.co.uk/id/7000000000041421,England,http://data.ordnancesurvey.co.uk/id/country/england,,,
CT194AY,http://data.ordnancesurvey.co.uk/id/postcodeunit/CT194AY,CT19 4AY,,,,other,Postcode,620861,136530,3500,18000,,,,,,,Folkestone,http://data.ordnancesurvey.co.uk/id/4000000074566736,http://www.ordnancesurvey.co.uk/xml/codelists/localtype.xml#town,Folkestone and Hythe,http://data.ordnancesurvey.co.uk/id/7000000000018085,http://data.ordnancesurvey.co.uk/ontology/admingeo/District,Kent,http://data.ordnancesurvey.co.uk/id/7000000000018210,http://data.ordnancesurvey.co.uk/ontology/admingeo/County,South East,http://data.ordnancesurvey.co.uk/id/7000000000041421,England,http://data.ordnancesurvey.co.uk/id/country/england,,,
CT196LB,http://data.ordnancesurvey.co.uk/id/postcodeunit/CT196LB,CT19 6LB,,,,other,Postcode,622487,137718,3500,18000,,,,,,,Folkestone,http://data.ordnancesurvey.co.uk/id/4000000074566736,http://www.ordnancesurvey.co.uk/xml/codelists/localtype.xml#town,Folkestone and Hythe,http://data.ordnancesurvey.co.uk/id/7000000000018085,http://data.ordnancesurvey.co.uk/ontology/admingeo/District,Kent,http://data.ordnancesurvey.co.uk/id/7000000000018210,http://data.ordnancesurvey.co.uk/ontology/admingeo/County,South East,http://data.ordnancesurvey.co.uk/id/7000000000041421,England,http://data.ordnancesurvey.co.uk/id/country/england,,,
CT202AQ,http://data.ordnancesurvey.co.uk/id/postcodeunit/CT202AQ,CT20 2AQ,,,,other,Postcode,622696,135779,3500,18000,,,,,,,Folkestone,http://data.ordnancesurvey.co.uk/id/4000000074566736,http://www.ordnancesurvey.co.uk/xml/codelists/localtype.xml#town,Folkestone and Hythe,http://data.ordnancesurvey.co.uk/id/7000000000018085,http://data.ordnancesurvey.co.uk/ontology/admingeo/District,Kent,http://data.ordnancesurvey.co.uk/id/7000000000018210,http://data.ordnancesurvey.co.uk/ontology/admingeo/County,South East,http://data.ordnancesurvey.co.uk/id/7000000000041421,England,http://data.ordnancesurvey.co.uk/id/country/england,,,
CT187RY,http://data.ordnancesurvey.co.uk/id/postcodeunit/CT187RY,CT18 7RY,,,,other,Postcode,620986,139079,3500,18000,,,,,,,Hawkinge,http://data.ordnancesurvey.co.uk/id/4000000074566747,http://www.ordnancesurvey.co.uk/xml/codelists/localtype.xml#village,Folkestone and Hythe,http://data.ordnancesurvey.co.uk/id/7000000000018085,http://data.ordnancesurvey.co.uk/ontology/admingeo/District,Kent,http://data.ordnancesurvey.co.uk/id/7000000000018210,http://data.ordnancesurvey.co.uk/ontology/admingeo/County,South East,http://data.ordnancesurvey.co.uk/id/7000000000041421,England,http://data.ordnancesurvey.co.uk/id/country/england,,,
CT196HN,http://data.ordnancesurvey.co.uk/id/postcodeunit/CT196HN,CT19 6HN,,,,other,Postcode,623033,137364,3500,18000,,,,,,,Folkestone,http://data.ordnancesurvey.co.uk/id/4000000074566736,http://www.ordnancesurvey.co.uk/xml/codelists/localtype.xml#town,Folkestone and Hythe,http://data.ordnancesurvey.co.uk/id/7000000000018085,http://data.ordnancesurvey.co.uk/ontology/admingeo/District,Kent,http://data.ordnancesurvey.co.uk/id/7000000000018210,http://data.ordnancesurvey.co.uk/ontology/admingeo/County,South East,http://data.ordnancesurvey.co.uk/id/7000000000041421,England,http://data.ordnancesurvey.co.uk/id/country/england,,,
CT187JL,http://data.ordnancesurvey.co.uk/id/postcodeunit/CT187JL,CT18 7JL,,,,other,Postcode,624641,138377,3500,18000,,,,,,,Capel-le-Ferne,http://data.ordnancesurvey.co.uk/id/4000000074568384,http://www.ordnancesurvey.co.uk/xml/codelists/localtype.xml#village,Dover,http://data.ordnancesurvey.co.uk/id/7000000000017977,http://data.ordnancesurvey.co.uk/ontology/admingeo/District,Kent,http://data.ordnancesurvey.co.uk/id/7000000000018210,http://data.ordnancesurvey.co.uk/ontology/admingeo/County,South East,http://data.ordnancesurvey.co.uk/id/7000000000041421,England,http://data.ordnancesurvey.co.uk/id/country/england,,,
CT196JY,http://data.ordnancesurvey.co.uk/id/postcodeunit/CT196JY,CT19 6JY,,,,other,Postcode,622659,137725,3500,18000,,,,,,,Folkestone,http://data.ordnancesurvey.co.uk/id/4000000074566736,http://www.ordnancesurvey.co.uk/xml/codelists/localtype.xml#town,Folkestone and Hythe,http://data.ordnancesurvey.co.uk/id/7000000000018085,http://data.ordnancesurvey.co.uk/ontology/admingeo/District,Kent,http://data.ordnancesurvey.co.uk/id/7000000000018210,http://data.ordnancesurvey.co.uk/ontology/admingeo/County,South East,http://data.ordnancesurvey.co.uk/id/7000000000041421,England,http://data.ordnancesurvey.co.uk/id/country/england,,,
CT203ZP,http://data.ordnancesurvey.co.uk/id/postcodeunit/CT203ZP,CT20 3ZP,,,,other,Postcode,620691,135426,3500,18000,,,,,,,Folkestone,http://data.ordnancesurvey.co.uk/id/4000000074566736,http://www.ordnancesurvey.co.uk/xml/codelists/localtype.xml#town,Folkestone and Hythe,http://data.ordnancesurvey.co.uk/id/7000000000018085,http://data.ordnancesurvey.co.uk/ontology/admingeo/District,Kent,http://data.ordnancesurvey.co.uk/id/7000000000018210,http://data.ordnancesurvey.co.uk/ontology/admingeo/County,South East,http://data.ordnancesurvey.co.uk/id/7000000000041421,England,http://data.ordnancesurvey.co.uk/id/country/england,,,
CT196BL,http://data.ordnancesurvey.co.uk/id/postcodeunit/CT196BL,CT19 6BL,,,,other,Postcode,623899,136460,3500,18000,,,,,,,Folkestone,http://data.ordnancesurvey.co.uk/id/4000000074566736,http://www.ordnancesurvey.co.uk/xml/codelists/localtype.xml#town,Folkestone and Hythe,http://data.ordnancesurvey.co.uk/id/7000000000018085,http://data.ordnancesurvey.co.uk/ontology/admingeo/District,Kent,http://data.ordnancesurvey.co.uk/id/7000000000018210,http://data.ordnancesurvey.co.uk/ontology/admingeo/County,South East,http://data.ordnancesurvey.co.uk/id/7000000000041421,England,http://data.ordnancesurvey.co.uk/id/country/england,,,
CT196LJ,http://data.ordnancesurvey.co.uk/id/postcodeunit/CT196LJ,CT19 6LJ,,,,other,Postcode,623017,137824,3500,18000,,,,,,,Folkestone,http://data.ordnancesurvey.co.uk/id/4000000074566736,http://www.ordnancesurvey.co.uk/xml/codelists/localtype.xml#town,Folkestone and Hythe,http://data.ordnancesurvey.co.uk/id/7000000000018085,http://data.ordnancesurvey.co.uk/ontology/admingeo/District,Kent,http://data.ordnancesurvey.co.uk/id/7000000000018210,http://data.ordnancesurvey.co.uk/ontology/admingeo/County,South East,http://data.ordnancesurvey.co.uk/id/7000000000041421,England,http://data.ordnancesurvey.co.uk/id/country/england,,,
CT187DA,http://data.ordnancesurvey.co.uk/id/postcodeunit/CT187DA,CT18 7DA,,,,other,Postcode,622080,139556,3500,18000,,,,,,,Hawkinge,http://data.ordnancesurvey.co.uk/id/4000000074566747,http://www.ordnancesurvey.co.uk/xml/codelists/localtype.xml#village,Folkestone and Hythe,http://data.ordnancesurvey.co.uk/id/7000000000018085,http://data.ordnancesurvey.co.uk/ontology/admingeo/District,Kent,http://data.ordnancesurvey.co.uk/id/7000000000018210,http://data.ordnancesurvey.co.uk/ontology/admingeo/County,South East,http://data.ordnancesurvey.co.uk/id/7000000000041421,England,http://data.ordnancesurvey.co.uk/id/country/england,,,
CT187UH,http://data.ordnancesurvey.co.uk/id/postcodeunit/CT187UH,CT18 7UH,,,,other,Postcode,621260,139447,3500,18000,,,,,,,Hawkinge,http://data.ordnancesurvey.co.uk/id/4000000074566747,http://www.ordnancesurvey.co.uk/xml/codelists/localtype.xml#village,Folkestone and Hythe,http://data.ordnancesurvey.co.uk/id/7000000000018085,http://data.ordnancesurvey.co.uk/ontology/admingeo/District,Kent,http://data.ordnancesurvey.co.uk/id/7000000000018210,http://data.ordnancesurvey.co.uk/ontology/admingeo/County,South East,http://data.ordnancesurvey.co.uk/id/7000000000041421,England,http://data.ordnancesurvey.co.uk/id/country/england,,,
CT195DA,http://data.ordnancesurvey.co.uk/id/postcodeunit/CT195DA,CT19 5DA,,,,other,Postcode,622219,136896,3500,18000,,,,,,,Folkestone,http://data.ordnancesurvey.co.uk/id/4000000074566736,http://www.ordnancesurvey.co.uk/xml/codelists/localtype.xml#town,Folkestone and Hythe,http://data.ordnancesurvey.co.uk/id/7000000000018085,http://data.ordnancesurvey.co.uk/ontology/admingeo/District,Kent,http://data.ordnancesurvey.co.uk/id/7000000000018210,http://data.ordnancesurvey.co.uk/ontology/admingeo/County,South East,http://data.ordnancesurvey.co.uk/id/7000000000041421,England,http://data.ordnancesurvey.co.uk/id/country/england,,,
CT194DU,http://data.ordnancesurvey.co.uk/id/postcodeunit/CT194DU,CT19 4DU,,,,other,Postcode,620183,136738,3500,18000,,,,,,,Folkestone,http://data.ordnancesurvey.co.uk/id/4000000074566736,http://www.ordnancesurvey.co.uk/xml/codelists/localtype.xml#town,Folkestone and Hythe,http://data.ordnancesurvey.co.uk/id/7000000000018085,http://data.ordnancesurvey.co.uk/ontology/admingeo/District,Kent,http://data.ordnancesurvey.co.uk/id/7000000000018210,http://data.ordnancesurvey.co.uk/ontology/admingeo/County,South East,http://data.ordnancesurvey.co.uk/id/7000000000041421,England,http://data.ordnancesurvey.co.uk/id/country/england,,,
CT196AF,http://data.ordnancesurvey.co.uk/id/postcodeunit/CT196AF,CT19 6AF,,,,other,Postcode,623301,136186,3500,18000,,,,,,,Folkestone,http://data.ordnancesurvey.co.uk/id/4000000074566736,http://www.ordnancesurvey.co.uk/xml/codelists/localtype.xml#town,Folkestone and Hythe,http://data.ordnancesurvey.co.uk/id/7000000000018085,http://data.ordnancesurvey.co.uk/ontology/admingeo/District,Kent,http://data.ordnancesurvey.co.uk/id/7000000000018210,http://data.ordnancesurvey.co.uk/ontology/admingeo/County,South East,http://data.ordnancesurvey.co.uk/id/7000000000041421,England,http://data.ordnancesurvey.co.uk/id/country/england,,,
CT203TQ,http://data.ordnancesurvey.co.uk/id/postcodeunit/CT203TQ,CT20 3TQ,,,,other,Postcode,620013,135846,3500,18000,,,,,,,Folkestone,http://data.ordnancesurvey.co.uk/id/4000000074566736,http://www.ordnancesurvey.co.uk/xml/codelists/localtype.xml#town,Folkestone and Hythe,http://data.ordnancesurvey.co.uk/id/7000000000018085,http://data.ordnancesurvey.co.uk/ontology/admingeo/District,Kent,http://data.ordnancesurvey.co.uk/id/7000000000018210,http://data.ordnancesurvey.co.uk/ontology/admingeo/County,South East,http://data.ordnancesurvey.co.uk/id/7000000000041421,England,http://data.ordnancesurvey.co.uk/id/country/england,,,
CT196DQ,http://data.ordnancesurvey.co.uk/id/postcodeunit/CT196DQ,CT19 6DQ,,,,other,Postcode,623542,136569,3500,18000,,,,,,,Folkestone,http://data.ordnancesurvey.co.uk/id/4000000074566736,http://www.ordnancesurvey.co.uk/xml/codelists/localtype.xml#town,Folkestone and Hythe,http://data.ordnancesurvey.co.uk/id/7000000000018085,http://data.ordnancesurvey.co.uk/ontology/admingeo/District,Kent,http://data.ordnancesurvey.co.uk/id/7000000000018210,http://data.ordnancesurvey.co.uk/ontology/admingeo/County,South East,http://data.ordnancesurvey.co.uk/id/7000000000041421,England,http://data.ordnancesurvey.co.uk/id/country/england,,,
CT203LN,http://data.ordnancesurvey.co.uk/id/postcodeunit/CT203LN,CT20 3LN,,,,other,Postcode,620008,136376,3500,18000,,,,,,,Folkestone,http://data.ordnancesurvey.co.uk/id/4000000074566736,http://www.ordnancesurvey.co.uk/xml/codelists/localtype.xml#town,Folkestone and Hythe,http://data.ordnancesurvey.co.uk/id/7000000000018085,http://data.ordnancesurvey.co.uk/ontology/admingeo/District,Kent,http://data.ordnancesurvey.co.uk/id/7000000000018210,http://data.ordnancesurvey.co.uk/ontology/admingeo/County,South East,http://data.ordnancesurvey.co.uk/id/7000000000041421,England,http://data.ordnancesurvey.co.uk/id/country/england,,,
CT187FG,http://data.ordnancesurvey.co.uk/id/postcodeunit/CT187FG,CT18 7FG,,,,other,Postcode,621679,139585,3500,18000,,,,,,,Hawkinge,http://data.ordnancesurvey.co.uk/id/4000000074566747,http://www.ordnancesurvey.co.uk/xml/codelists/localtype.xml#village,Folkestone and Hythe,http://data.ordnancesurvey.co.uk/id/7000000000018085,http://data.ordnancesurvey.co.uk/ontology/admingeo/District,Kent,http://data.ordnancesurvey.co.uk/id/7000000000018210,http://data.ordnancesurvey.co.uk/ontology/admingeo/County,South East,http://data.ordnancesurvey.co.uk/id/7000000000041421,England,http://data.ordnancesurvey.co.uk/id/country/england,,,
CT195HG,http://data.ordnancesurvey.co.uk/id/postcodeunit/CT195HG,CT19 5HG,,,,other,Postcode,621818,136332,3500,18000,,,,,,,Folkestone,http://data.ordnancesurvey.co.uk/id/4000000074566736,http://www.ordnancesurvey.co.uk/xml/codelists/localtype.xml#town,Folkestone and Hythe,http://data.ordnancesurvey.co.uk/id/7000000000018085,http://data.ordnancesurvey.co.uk/ontology/admingeo/District,Kent,http://data.ordnancesurvey.co.uk/id/7000000000018210,http://data.ordnancesurvey.co.uk/ontology/admingeo/County,South East,http://data.ordnancesurvey.co.uk/id/7000000000041421,England,http://data.ordnancesurvey.co.uk/id/country/england,,,
CT202TD,http://data.ordnancesurvey.co.uk/id/postcodeunit/CT202TD,CT20 2TD,,,,other,Postcode,622252,135680,3500,18000,,,,,,,Folkestone,http://data.ordnancesurvey.co.uk/id/4000000074566736,http://www.ordnancesurvey.co.uk/xml/codelists/localtype.xml#town,Folkestone and Hythe,http://data.ordnancesurvey.co.uk/id/7000000000018085,http://data.ordnancesurvey.co.uk/ontology/admingeo/District,Kent,http://data.ordnancesurvey.co.uk/id/7000000000018210,http://data.ordnancesurvey.co.uk/ontology/admingeo/County,South East,http://data.ordnancesurvey.co.uk/id/7000000000041421,England,http://data.ordnancesurvey.co.uk/id/country/england,,,
CT195SJ,http://data.ordnancesurvey.co.uk/id/postcodeunit/CT195SJ,CT19 5SJ,,,,other,Postcode,622734,136641,3500,18000,,,,,,,Folkestone,http://data.ordnancesurvey.co.uk/id/4000000074566736,http://www.ordnancesurvey.co.uk/xml/codelists/localtype.xml#town,Folkestone and Hythe,http://data.ordnancesurvey.co.uk/id/7000000000018085,http://data.ordnancesurvey.co.uk/ontology/admingeo/District,Kent,http://data.ordnancesurvey.co.uk/id/7000000000018210,http://data.ordnancesurvey.co.uk/ontology/admingeo/County,South East,http://data.ordnancesurvey.co.uk/id/7000000000041421,England,http://data.ordnancesurvey.co.uk/id/country/england,,,
CT203BL,http://data.ordnancesurvey.co.uk/id/postcodeunit/CT203BL,CT20 3BL,,,,other,Postcode,620435,135561,3500,18000,,,,,,,Folkestone,http://data.ordnancesurvey.co.uk/id/4000000074566736,http://www.ordnancesurvey.co.uk/xml/codelists/localtype.xml#town,Folkestone and Hythe,http://data.ordnancesurvey.co.uk/id/7000000000018085,http://data.ordnancesurvey.co.uk/ontology/admingeo/District,Kent,http://data.ordnancesurvey.co.uk/id/7000000000018210,http://data.ordnancesurvey.co.uk/ontology/admingeo/County,South East,http://data.ordnancesurvey.co.uk/id/7000000000041421,England,http://data.ordnancesurvey.co.uk/id/country/england,,,
CT194LL,http://data.ordnancesurvey.co.uk/id/postcodeunit/CT194LL,CT19 4LL,,,,other,Postcode,620082,137166,3500,18000,,,,,,,Folkestone,http://data.ordnancesurvey.co.uk/id/4000000074566736,http://www.ordnancesurvey.co.uk/xml/codelists/localtype.xml#town,Folkestone and Hythe,http://data.ordnancesurvey.co.uk/id/7000000000018085,http://data.ordnancesurvey.co.uk/ontology/admingeo/District,Kent,http://data.ordnancesurvey.co.uk/id/7000000000018210,http://data.ordnancesurvey.co.uk/ontology/admingeo/County,South East,http://data.ordnancesurvey.co.uk/id/7000000000041421,England,http://data.ordnancesurvey.co.uk/id/country/england,,,
CT201BX,http://data.ordnancesurvey.co.uk/id/postcodeunit/CT201BX,CT20 1BX,,,,other,Postcode,622652,136114,3500,18000,,,,,,,Folkestone,http://data.ordnancesurvey.co.uk/id/4000000074566736,http://www.ordnancesurvey.co.uk/xml/codelists/localtype.xml#town,Folkestone and Hythe,http://data.ordnancesurvey.co.uk/id/7000000000018085,http://data.ordnancesurvey.co.uk/ontology/admingeo/District,Kent,http://data.ordnancesurvey.co.uk/id/7000000000018210,http://data.ordnancesurvey.co.uk/ontology/admingeo/County,South East,http://data.ordnancesurvey.co.uk/id/7000000000041421,England,http://data.ordnancesurvey.co.uk/id/country/england,,,
CT196LR,http://data.ordnancesurvey.co.uk/id/postcodeunit/CT196LR,CT19 6LR,,,,other,Postcode,623192,137676,3500,18000,,,,,,,Folkestone,http://data.ordnancesurvey.co.uk/id/4000000074566736,http://www.ordnancesurvey.co.uk/xml/codelists/localtype.xml#town,Folkestone and Hythe,http://data.ordnancesurvey.co.uk/id/7000000000018085,http://data.ordnancesurvey.co.uk/ontology/admingeo/District,Kent,http://data.ordnancesurvey.co.uk/id/7000000000018210,http://data.ordnancesurvey.co.uk/ontology/admingeo/County,South East,http://data.ordnancesurvey.co.uk/id/7000000000041421,England,http://data.ordnancesurvey.co.uk/id/country/england,,,
CT203AZ,http://data.ordnancesurvey.co.uk/id/postcodeunit/CT203AZ,CT20 3AZ,,,,other,Postcode,620874,135267,3500,18000,,,,,,,Folkestone,http://data.ordnancesurvey.co.uk/id/4000000074566736,http://www.ordnancesurvey.co.uk/xml/codelists/localtype.xml#town,Folkestone and Hythe,http://data.ordnancesurvey.co.uk/id/7000000000018085,http://data.ordnancesurvey.co.uk/ontology/admingeo/District,Kent,http://data.ordnancesurvey.co.uk/id/7000000000018210,http://data.ordnancesurvey.co.uk/ontology/admingeo/County,South East,http://data.ordnancesurvey.co.uk/id/7000000000041421,England,http://data.ordnancesurvey.co.uk/id/country/england,,,
CT196PL,http://data.ordnancesurvey.co.uk/id/postcodeunit/CT196PL,CT19 6PL,,,,other,Postcode,623868,137325,3500,18000,,,,,,,Folkestone,http://data.ordnancesurvey.co.uk/id/4000000074566736,http://www.ordnancesurvey.co.uk/xml/codelists/localtype.xml#town,Folkestone and Hythe,http://data.ordnancesurvey.co.uk/id/7000000000018085,http://data.ordnancesurvey.co.uk/ontology/admingeo/District,Kent,http://data.ordnancesurvey.co.uk/id/7000000000018210,http://data.ordnancesurvey.co.uk/ontology/admingeo/County,South East,http://data.ordnancesurvey.co.uk/id/7000000000041421,England,http://data.ordnancesurvey.co.uk/id/country/england,,,
CT187FU,http://data.ordnancesurvey.co.uk/id/postcodeunit/CT187FU,CT18 7FU,,,,other,Postcode,621388,139179,3500,18000,,,,,,,Hawkinge,http://data.ordnancesurvey.co.uk/id/4000000074566747,http://www.ordnancesurvey.co.uk/xml/codelists/localtype.xml#village,Folkestone and Hythe,http://data.ordnancesurvey.co.uk/id/7000000000018085,http://data.ordnancesurvey.co.uk/ontology/admingeo/District,Kent,http://data.ordnancesurvey.co.uk/id/7000000000018210,http://data.ordnancesurvey.co.uk/ontology/admingeo/County,South East,http://data.ordnancesurvey.co.uk/id/7000000000041421,England,http://data.ordnancesurvey.co.uk/id/country/england,,,
CT203RR,http://data.ordnancesurvey.co.uk/id/postcodeunit/CT203RR,CT20 3RR,,,,other,Postcode,620692,135238,3500,18000,,,,,,,Folkestone,http://data.ordnancesurvey.co.uk/id/4000000074566736,http://www.ordnancesurvey.co.uk/xml/codelists/localtype.xml#town,Folkestone and Hythe,http://data.ordnancesurvey.co.uk/id/7000000000018085,http://data.ordnancesurvey.co.uk/ontology/admingeo/District,Kent,http://data.ordnancesurvey.co.uk/id/7000000000018210,http://data.ordnancesurvey.co.uk/ontology/admingeo/County,South East,http://data.ordnancesurvey.co.uk/id/7000000000041421,England,http://data.ordnancesurvey.co.uk/id/country/england,,,
CT202HF,http://data.ordnancesurvey.co.uk/id/postcodeunit/CT202HF,CT20 2HF,,,,other,Postcode,621802,135656,3500,18000,,,,,,,Folkestone,http://data.ordnancesurvey.co.uk/id/4000000074566736,http://www.ordnancesurvey.co.uk/xml/codelists/localtype.xml#town,Folkestone and Hythe,http://data.ordnancesurvey.co.uk/id/7000000000018085,http://data.ordnancesurvey.co.uk/ontology/admingeo/District,Kent,http://data.ordnancesurvey.co.uk/id/7000000000018210,http://data.ordnancesurvey.co.uk/ontology/admingeo/County,South East,http://data.ordnancesurvey.co.uk/id/7000000000041421,England,http://data.ordnancesurvey.co.uk/id/country/england,,,
CT201EH,http://data.ordnancesurvey.co.uk/id/postcodeunit/CT201EH,CT20 1EH,,,,other,Postcode,622680,136240,3500,18000,,,,,,,Folkestone,http://data.ordnancesurvey.co.uk/id/4000000074566736,http://www.ordnancesurvey.co.uk/xml/codelists/localtype.xml#town,Folkestone and Hythe,http://data.ordnancesurvey.co.uk/id/7000000000018085,http://data.ordnancesurvey.co.uk/ontology/admingeo/District,Kent,http://data.ordnancesurvey.co.uk/id/7000000000018210,http://data.ordnancesurvey.co.uk/ontology/admingeo/County,South East,http://data.ordnancesurvey.co.uk/id/7000000000041421,England,http://data.ordnancesurvey.co.uk/id/country/england,,,
CT195FP,http://data.ordnancesurvey.co.uk/id/postcodeunit/CT195FP,CT19 5FP,,,,other,Postcode,621788,137242,3500,18000,,,,,,,Folkestone,http://data.ordnancesurvey.co.uk/id/4000000074566736,http://www.ordnancesurvey.co.uk/xml/codelists/localtype.xml#town,Folkestone and Hythe,http://data.ordnancesurvey.co.uk/id/7000000000018085,http://data.ordnancesurvey.co.uk/ontology/admingeo/District,Kent,http://data.ordnancesurvey.co.uk/id/7000000000018210,http://data.ordnancesurvey.co.uk/ontology/admingeo/County,South East,http://data.ordnancesurvey.co.uk/id/7000000000041421,England,http://data.ordnancesurvey.co.uk/id/country/england,,,
CT196NL,http://data.ordnancesurvey.co.uk/id/postcodeunit/CT196NL,CT19 6NL,,,,other,Postcode,623460,136969,3500,18000,,,,,,,Folkestone,http://data.ordnancesurvey.co.uk/id/4000000074566736,http://www.ordnancesurvey.co.uk/xml/codelists/localtype.xml#town,Folkestone and Hythe,http://data.ordnancesurvey.co.uk/id/7000000000018085,http://data.ordnancesurvey.co.uk/ontology/admingeo/District,Kent,http://data.ordnancesurvey.co.uk/id/7000000000018210,http://data.ordnancesurvey.co.uk/ontology/admingeo/County,South East,http://data.ordnancesurvey.co.uk/id/7000000000041421,England,http://data.ordnancesurvey.co.uk/id/country/england,,,
CT201AZ,http://data.ordnancesurvey.co.uk/id/postcodeunit/CT201AZ,CT20 1AZ,,,,other,Postcode,622559,135936,3500,18000,,,,,,,Folkestone,http://data.ordnancesurvey.co.uk/id/4000000074566736,http://www.ordnancesurvey.co.uk/xml/codelists/localtype.xml#town,Folkestone and Hythe,http://data.ordnancesurvey.co.uk/id/7000000000018085,http://data.ordnancesurvey.co.uk/ontology/admingeo/District,Kent,http://data.ordnancesurvey.co.uk/id/7000000000018210,http://data.ordnancesurvey.co.uk/ontology/admingeo/County,South East,http://data.ordnancesurvey.co.uk/id/7000000000041421,England,http://data.ordnancesurvey.co.uk/id/country/england,,,
CT196EW,http://data.ordnancesurvey.co.uk/id/postcodeunit/CT196EW,CT19 6EW,,,,other,Postcode,623028,137083,3500,18000,,,,,,,Folkestone,http://data.ordnancesurvey.co.uk/id/4000000074566736,http://www.ordnancesurvey.co.uk/xml/codelists/localtype.xml#town,Folkestone and Hythe,http://data.ordnancesurvey.co.uk/id/7000000000018085,http://data.ordnancesurvey.co.uk/ontology/admingeo/District,Kent,http://data.ordnancesurvey.co.uk/id/7000000000018210,http://data.ordnancesurvey.co.uk/ontology/admingeo/County,South East,http://data.ordnancesurvey.co.uk/id/7000000000041421,England,http://data.ordnancesurvey.co.uk/id/country/england,,,
CT201RG,http://data.ordnancesurvey.co.uk/id/postcodeunit/CT201RG,CT20 1RG,,,,other,Postcode,623363,136463,3500,18000,,,,,,,Folkestone,http://data.ordnancesurvey.co.uk/id/4000000074566736,http://www.ordnancesurvey.co.uk/xml/codelists/localtype.xml#town,Folkestone and Hythe,http://data.ordnancesurvey.co.uk/id/7000000000018085,http://data.ordnancesurvey.co.uk/ontology/admingeo/District,Kent,http://data.ordnancesurvey.co.uk/id/7000000000018210,http://data.ordnancesurvey.co.uk/ontology/admingeo/County,South East,http://data.ordnancesurvey.co.uk/id/7000000000041421,England,http://data.ordnancesurvey.co.uk/id/country/england,,,
CT203AA,http://data.ordnancesurvey.co.uk/id/postcodeunit/CT203AA,CT20 3AA,,,,other,Postcode,620964,135303,3500,18000,,,,,,,Folkestone,http://data.ordnancesurvey.co.uk/id/4000000074566736,http://www.ordnancesurvey.co.uk/xml/codelists/localtype.xml#town,Folkestone and Hythe,http://data.ordnancesurvey.co.uk/id/7000000000018085,http://data.ordnancesurvey.co.uk/ontology/admingeo/District,Kent,http://data.ordnancesurvey.co.uk/id/7000000000018210,http://data.ordnancesurvey.co.uk/ontology/admingeo/County,South East,http://data.ordnancesurvey.co.uk/id/7000000000041421,England,http://data.ordnancesurvey.co.uk/id/country/england,,,
CT195TJ,http://data.ordnancesurvey.co.uk/id/postcodeunit/CT195TJ,CT19 5TJ,,,,other,Postcode,622231,137658,3500,18000,,,,,,,Folkestone,http://data.ordnancesurvey.co.uk/id/4000000074566736,http://www.ordnancesurvey.co.uk/xml/codelists/localtype.xml#town,Folkestone and Hythe,http://data.ordnancesurvey.co.uk/id/7000000000018085,http://data.ordnancesurvey.co.uk/ontology/admingeo/District,Kent,http://data.ordnancesurvey.co.uk/id/7000000000018210,http://data.ordnancesurvey.co.uk/ontology/admingeo/County,South East,http://data.ordnancesurvey.co.uk/id/7000000000041421,England,http://data.ordnancesurvey.co.uk/id/country/england,,,
CT187TH,http://data.ordnancesurvey.co.uk/id/postcodeunit/CT187TH,CT18 7TH,,,,other,Postcode,620912,139254,3500,18000,,,,,,,Hawkinge,http://data.ordnancesurvey.co.uk/id/4000000074566747,http://www.ordnancesurvey.co.uk/xml/codelists/localtype.xml#village,Folkestone and Hythe,http://data.ordnancesurvey.co.uk/id/7000000000018085,http://data.ordnancesurvey.co.uk/ontology/admingeo/District,Kent,http://data.ordnancesurvey.co.uk/id/7000000000018210,http://data.ordnancesurvey.co.uk/ontology/admingeo/County,South East,http://data.ordnancesurvey.co.uk/id/7000000000041421,England,http://data.ordnancesurvey.co.uk/id/country/england,,,
CT187SW,http://data.ordnancesurvey.co.uk/id/postcodeunit/CT187SW,CT18 7SW,,,,other,Postcode,620471,139679,3500,18000,,,,,,,Hawkinge,http://data.ordnancesurvey.co.uk/id/4000000074566747,http://www.ordnancesurvey.co.uk/xml/codelists/localtype.xml#village,Folkestone and Hythe,http://data.ordnancesurvey.co.uk/id/7000000000018085,http://data.ordnancesurvey.co.uk/ontology/admingeo/District,Kent,http://data.ordnancesurvey.co.uk/id/7000000000018210,http://data.ordnancesurvey.co.uk/ontology/admingeo/County,South East,http://data.ordnancesurvey.co.uk/id/7000000000041421,England,http://data.ordnancesurvey.co.uk/id/country/england,,,
CT187LW,http://data.ordnancesurvey.co.uk/id/postcodeunit/CT187LW,CT18 7LW,,,,other,Postcode,624985,138588,3500,18000,,,,,,,Capel-le-Ferne,http://data.ordnancesurvey.co.uk/id/4000000074568384,http://www.ordnancesurvey.co.uk/xml/codelists/localtype.xml#village,Dover,http://data.ordnancesurvey.co.uk/id/7000000000017977,http://data.ordnancesurvey.co.uk/ontology/admingeo/District,Kent,http://data.ordnancesurvey.co.uk/id/7000000000018210,http://data.ordnancesurvey.co.uk/ontology/admingeo/County,South East,http://data.ordnancesurvey.co.uk/id/7000000000041421,England,http://data.ordnancesurvey.co.uk/id/country/england,,,
CT202PQ,http://data.ordnancesurvey.co.uk/id/postcodeunit/CT202PQ,CT20 2PQ,,,,other,Postcode,621159,136327,3500,18000,,,,,,,Folkestone,http://data.ordnancesurvey.co.uk/id/4000000074566736,http://www.ordnancesurvey.co.uk/xml/codelists/localtype.xml#town,Folkestone and Hythe,http://data.ordnancesurvey.co.uk/id/7000000000018085,http://data.ordnancesurvey.co.uk/ontology/admingeo/District,Kent,http://data.ordnancesurvey.co.uk/id/7000000000018210,http://data.ordnancesurvey.co.uk/ontology/admingeo/County,South East,http://data.ordnancesurvey.co.uk/id/7000000000041421,England,http://data.ordnancesurvey.co.uk/id/country/england,,,
CT203RF,http://data.ordnancesurvey.co.uk/id/postcodeunit/CT203RF,CT20 3RF,,,,other,Postcode,620742,136278,3500,18000,,,,,,,Folkestone,http://data.ordnancesurvey.co.uk/id/4000000074566736,http://www.ordnancesurvey.co.uk/xml/codelists/localtype.xml#town,Folkestone and Hythe,http://data.ordnancesurvey.co.uk/id/7000000000018085,http://data.ordnancesurvey.co.uk/ontology/admingeo/District,Kent,http://data.ordnancesurvey.co.uk/id/7000000000018210,http://data.ordnancesurvey.co.uk/ontology/admingeo/County,South East,http://data.ordnancesurvey.co.uk/id/7000000000041421,England,http://data.ordnancesurvey.co.uk/id/country/england,,,
CT201RP,http://data.ordnancesurvey.co.uk/id/postcodeunit/CT201RP,CT20 1RP,,,,other,Postcode,622869,135809,3500,18000,,,,,,,Folkestone,http://data.ordnancesurvey.co.uk/id/4000000074566736,http://www.ordnancesurvey.co.uk/xml/codelists/localtype.xml#town,Folkestone and Hythe,http://data.ordnancesurvey.co.uk/id/7000000000018085,http://data.ordnancesurvey.co.uk/ontology/admingeo/District,Kent,http://data.ordnancesurvey.co.uk/id/7000000000018210,http://data.ordnancesurvey.co.uk/ontology/admingeo/County,South East,http://data.ordnancesurvey.co.uk/id/7000000000041421,England,http://data.ordnancesurvey.co.uk/id/country/england,,,
CT195RY,http://data.ordnancesurvey.co.uk/id/postcodeunit/CT195RY,CT19 5RY,,,,other,Postcode,622979,136765,3500,18000,,,,,,,Folkestone,http://data.ordnancesurvey.co.uk/id/4000000074566736,http://www.ordnancesurvey.co.uk/xml/codelists/localtype.xml#town,Folkestone and Hythe,http://data.ordnancesurvey.co.uk/id/7000000000018085,http://data.ordnancesurvey.co.uk/ontology/admingeo/District,Kent,http://data.ordnancesurvey.co.uk/id/7000000000018210,http://data.ordnancesurvey.co.uk/ontology/admingeo/County,South East,http://data.ordnancesurvey.co.uk/id/7000000000041421,England,http://data.ordnancesurvey.co.uk/id/country/england,,,
CT195SN,http://data.ordnancesurvey.co.uk/id/postcodeunit/CT195SN,CT19 5SN,,,,other,Postcode,622543,136572,3500,18000,,,,,,,Folkestone,http://data.ordnancesurvey.co.uk/id/4000000074566736,http://www.ordnancesurvey.co.uk/xml/codelists/localtype.xml#town,Folkestone and Hythe,http://data.ordnancesurvey.co.uk/id/7000000000018085,http://data.ordnancesurvey.co.uk/ontology/admingeo/District,Kent,http://data.ordnancesurvey.co.uk/id/7000000000018210,http://data.ordnancesurvey.co.uk/ontology/admingeo/County,South East,http://data.ordnancesurvey.co.uk/id/7000000000041421,England,http://data.ordnancesurvey.co.uk/id/country/england,,,
CT203HU,http://data.ordnancesurvey.co.uk/id/postcodeunit/CT203HU,CT20 3HU,,,,other,Postcode,620139,135167,3500,18000,,,,,,,Folkestone,http://data.ordnancesurvey.co.uk/id/4000000074566736,http://www.ordnancesurvey.co.uk/xml/codelists/localtype.xml#town,Folkestone and Hythe,http://data.ordnancesurvey.co.uk/id/7000000000018085,http://data.ordnancesurvey.co.uk/ontology/admingeo/District,Kent,http://data.ordnancesurvey.co.uk/id/7000000000018210,http://data.ordnancesurvey.co.uk/ontology/admingeo/County,South East,http://data.ordnancesurvey.co.uk/id/7000000000041421,England,http://data.ordnancesurvey.co.uk/id/country/england,,,
CT202DT,http://data.ordnancesurvey.co.uk/id/postcodeunit/CT202DT,CT20 2DT,,,,other,Postcode,622586,135655,3500,18000,,,,,,,Folkestone,http://data.ordnancesurvey.co.uk/id/4000000074566736,http://www.ordnancesurvey.co.uk/xml/codelists/localtype.xml#town,Folkestone and Hythe,http://data.ordnancesurvey.co.uk/id/7000000000018085,http://data.ordnancesurvey.co.uk/ontology/admingeo/District,Kent,http://data.ordnancesurvey.co.uk/id/7000000000018210,http://data.ordnancesurvey.co.uk/ontology/admingeo/County,South East,http://data.ordnancesurvey.co.uk/id/7000000000041421,England,http://data.ordnancesurvey.co.uk/id/country/england,,,
CT194NQ,http://data.ordnancesurvey.co.uk/id/postcodeunit/CT194NQ,CT19 4NQ,,,,other,Postcode,620166,137266,3500,18000,,,,,,,Folkestone,http://data.ordnancesurvey.co.uk/id/4000000074566736,http://www.ordnancesurvey.co.uk/xml/codelists/localtype.xml#town,Folkestone and Hythe,http://data.ordnancesurvey.co.uk/id/7000000000018085,http://data.ordnancesurvey.co.uk/ontology/admingeo/District,Kent,http://data.ordnancesurvey.co.uk/id/7000000000018210,http://data.ordnancesurvey.co.uk/ontology/admingeo/County,South East,http://data.ordnancesurvey.co.uk/id/7000000000041421,England,http://data.ordnancesurvey.co.uk/id/country/england,,,
CT195LP,http://data.ordnancesurvey.co.uk/id/postcodeunit/CT195LP,CT19 5LP,,,,other,Postcode,621392,137569,3500,18000,,,,,,,Folkestone,http://data.ordnancesurvey.co.uk/id/4000000074566736,http://www.ordnancesurvey.co.uk/xml/codelists/localtype.xml#town,Folkestone and Hythe,http://data.ordnancesurvey.co.uk/id/7000000000018085,http://data.ordnancesurvey.co.uk/ontology/admingeo/District,Kent,http://data.ordnancesurvey.co.uk/id/7000000000018210,http://data.ordnancesurvey.co.uk/ontology/admingeo/County,South East,http://data.ordnancesurvey.co.uk/id/7000000000041421,England,http://data.ordnancesurvey.co.uk/id/country/england,,,
CT195LF,http://data.ordnancesurvey.co.uk/id/postcodeunit/CT195LF,CT19 5LF,,,,other,Postcode,621215,136997,3500,18000,,,,,,,Folkestone,http://data.ordnancesurvey.co.uk/id/4000000074566736,http://www.ordnancesurvey.co.uk/xml/codelists/localtype.xml#town,Folkestone and Hythe,http://data.ordnancesurvey.co.uk/id/7000000000018085,http://data.ordnancesurvey.co.uk/ontology/admingeo/District,Kent,http://data.ordnancesurvey.co.uk/id/7000000000018210,http://data.ordnancesurvey.co.uk/ontology/admingeo/County,South East,http://data.ordnancesurvey.co.uk/id/7000000000041421,England,http://data.ordnancesurvey.co.uk/id/country/england,,,
CT201PB,http://data.ordnancesurvey.co.uk/id/postcodeunit/CT201PB,CT20 1PB,,,,other,Postcode,623307,136425,3500,18000,,,,,,,Folkestone,http://data.ordnancesurvey.co.uk/id/4000000074566736,http://www.ordnancesurvey.co.uk/xml/codelists/localtype.xml#town,Folkestone and Hythe,http://data.ordnancesurvey.co.uk/id/7000000000018085,http://data.ordnancesurvey.co.uk/ontology/admingeo/District,Kent,http://data.ordnancesurvey.co.uk/id/7000000000018210,http://data.ordnancesurvey.co.uk/ontology/admingeo/County,South East,http://data.ordnancesurvey.co.uk/id/7000000000041421,England,http://data.ordnancesurvey.co.uk/id/country/england,,,
CT195RT,http://data.ordnancesurvey.co.uk/id/postcodeunit/CT195RT,CT19 5RT,,,,other,Postcode,622899,136564,3500,18000,,,,,,,Folkestone,http://data.ordnancesurvey.co.uk/id/4000000074566736,http://www.ordnancesurvey.co.uk/xml/codelists/localtype.xml#town,Folkestone and Hythe,http://data.ordnancesurvey.co.uk/id/7000000000018085,http://data.ordnancesurvey.co.uk/ontology/admingeo/District,Kent,http://data.ordnancesurvey.co.uk/id/7000000000018210,http://data.ordnancesurvey.co.uk/ontology/admingeo/County,South East,http://data.ordnancesurvey.co.uk/id/7000000000041421,England,http://data.ordnancesurvey.co.uk/id/country/england,,,
CT195UW,http://data.ordnancesurvey.co.uk/id/postcodeunit/CT195UW,CT19 5UW,,,,other,Postcode,622246,137076,3500,18000,,,,,,,Folkestone,http://data.ordnancesurvey.co.uk/id/4000000074566736,http://www.ordnancesurvey.co.uk/xml/codelists/localtype.xml#town,Folkestone and Hythe,http://data.ordnancesurvey.co.uk/id/7000000000018085,http://data.ordnancesurvey.co.uk/ontology/admingeo/District,Kent,http://data.ordnancesurvey.co.uk/id/7000000000018210,http://data.ordnancesurvey.co.uk/ontology/admingeo/County,South East,http://data.ordnancesurvey.co.uk/id/7000000000041421,England,http://data.ordnancesurvey.co.uk/id/country/england,,,
CT201BP,http://data.ordnancesurvey.co.uk/id/postcodeunit/CT201BP,CT20 1BP,,,,other,Postcode,622797,136114,3500,18000,,,,,,,Folkestone,http://data.ordnancesurvey.co.uk/id/4000000074566736,http://www.ordnancesurvey.co.uk/xml/codelists/localtype.xml#town,Folkestone and Hythe,http://data.ordnancesurvey.co.uk/id/7000000000018085,http://data.ordnancesurvey.co.uk/ontology/admingeo/District,Kent,http://data.ordnancesurvey.co.uk/id/7000000000018210,http://data.ordnancesurvey.co.uk/ontology/admingeo/County,South East,http://data.ordnancesurvey.co.uk/id/7000000000041421,England,http://data.ordnancesurvey.co.uk/id/country/england,,,
CT195QT,http://data.ordnancesurvey.co.uk/id/postcodeunit/CT195QT,CT19 5QT,,,,other,Postcode,622715,136774,3500,18000,,,,,,,Folkestone,http://data.ordnancesurvey.co.uk/id/4000000074566736,http://www.ordnancesurvey.co.uk/xml/codelists/localtype.xml#town,Folkestone and Hythe,http://data.ordnancesurvey.co.uk/id/7000000000018085,http://data.ordnancesurvey.co.uk/ontology/admingeo/District,Kent,http://data.ordnancesurvey.co.uk/id/7000000000018210,http://data.ordnancesurvey.co.uk/ontology/admingeo/County,South East,http://data.ordnancesurvey.co.uk/id/7000000000041421,England,http://data.ordnancesurvey.co.uk/id/country/england,,,
CT201BN,http://data.ordnancesurvey.co.uk/id/postcodeunit/CT201BN,CT20 1BN,,,,other,Postcode,623052,136137,3500,18000,,,,,,,Folkestone,http://data.ordnancesurvey.co.uk/id/4000000074566736,http://www.ordnancesurvey.co.uk/xml/codelists/localtype.xml#town,Folkestone and Hythe,http://data.ordnancesurvey.co.uk/id/7000000000018085,http://data.ordnancesurvey.co.uk/ontology/admingeo/District,Kent,http://data.ordnancesurvey.co.uk/id/7000000000018210,http://data.ordnancesurvey.co.uk/ontology/admingeo/County,South East,http://data.ordnancesurvey.co.uk/id/7000000000041421,England,http://data.ordnancesurvey.co.uk/id/country/england,,,
CT201NL,http://data.ordnancesurvey.co.uk/id/postcodeunit/CT201NL,CT20 1NL,,,,other,Postcode,623215,136538,3500,18000,,,,,,,Folkestone,http://data.ordnancesurvey.co.uk/id/4000000074566736,http://www.ordnancesurvey.co.uk/xml/codelists/localtype.xml#town,Folkestone and Hythe,http://data.ordnancesurvey.co.uk/id/7000000000018085,http://data.ordnancesurvey.co.uk/ontology/admingeo/District,Kent,http://data.ordnancesurvey.co.uk/id/7000000000018210,http://data.ordnancesurvey.co.uk/ontology/admingeo/County,South East,http://data.ordnancesurvey.co.uk/id/7000000000041421,England,http://data.ordnancesurvey.co.uk/id/country/england,,,
CT195LZ,http://data.ordnancesurvey.co.uk/id/postcodeunit/CT195LZ,CT19 5LZ,,,,other,Postcode,621292,137352,3500,18000,,,,,,,Folkestone,http://data.ordnancesurvey.co.uk/id/4000000074566736,http://www.ordnancesurvey.co.uk/xml/codelists/localtype.xml#town,Folkestone and Hythe,http://data.ordnancesurvey.co.uk/id/7000000000018085,http://data.ordnancesurvey.co.uk/ontology/admingeo/District,Kent,http://data.ordnancesurvey.co.uk/id/7000000000018210,http://data.ordnancesurvey.co.uk/ontology/admingeo/County,South East,http://data.ordnancesurvey.co.uk/id/7000000000041421,England,http://data.ordnancesurvey.co.uk/id/country/england,,,
CT195JL,http://data.ordnancesurvey.co.uk/id/postcodeunit/CT195JL,CT19 5JL,,,,other,Postcode,621904,137111,3500,18000,,,,,,,Folkestone,http://data.ordnancesurvey.co.uk/id/4000000074566736,http://www.ordnancesurvey.co.uk/xml/codelists/localtype.xml#town,Folkestone and Hythe,http://data.ordnancesurvey.co.uk/id/7000000000018085,http://data.ordnancesurvey.co.uk/ontology/admingeo/District,Kent,http://data.ordnancesurvey.co.uk/id/7000000000018210,http://data.ordnancesurvey.co.uk/ontology/admingeo/County,South East,http://data.ordnancesurvey.co.uk/id/7000000000041421,England,http://data.ordnancesurvey.co.uk/id/country/england,,,
CT195DG,http://data.ordnancesurvey.co.uk/id/postcodeunit/CT195DG,CT19 5DG,,,,other,Postcode,622429,137127,3500,18000,,,,,,,Folkestone,http://data.ordnancesurvey.co.uk/id/4000000074566736,http://www.ordnancesurvey.co.uk/xml/codelists/localtype.xml#town,Folkestone and Hythe,http://data.ordnancesurvey.co.uk/id/7000000000018085,http://data.ordnancesurvey.co.uk/ontology/admingeo/District,Kent,http://data.ordnancesurvey.co.uk/id/7000000000018210,http://data.ordnancesurvey.co.uk/ontology/admingeo/County,South East,http://data.ordnancesurvey.co.uk/id/7000000000041421,England,http://data.ordnancesurvey.co.uk/id/country/england,,,
CT209EX,http://data.ordnancesurvey.co.uk/id/postcodeunit/CT209EX,CT20 9EX,,,,other,Postcode,622641,135834,3500,18000,,,,,,,Folkestone,http://data.ordnancesurvey.co.uk/id/4000000074566736,http://www.ordnancesurvey.co.uk/xml/codelists/localtype.xml#town,Folkestone and Hythe,http://data.ordnancesurvey.co.uk/id/7000000000018085,http://data.ordnancesurvey.co.uk/ontology/admingeo/District,Kent,http://data.ordnancesurvey.co.uk/id/7000000000018210,http://data.ordnancesurvey.co.uk/ontology/admingeo/County,South East,http://data.ordnancesurvey.co.uk/id/7000000000041421,England,http://data.ordnancesurvey.co.uk/id/country/england,,,
CT195NZ,http://data.ordnancesurvey.co.uk/id/postcodeunit/CT195NZ,CT19 5NZ,,,,other,Postcode,622875,137245,3500,18000,,,,,,,Folkestone,http://data.ordnancesurvey.co.uk/id/4000000074566736,http://www.ordnancesurvey.co.uk/xml/codelists/localtype.xml#town,Folkestone and Hythe,http://data.ordnancesurvey.co.uk/id/7000000000018085,http://data.ordnancesurvey.co.uk/ontology/admingeo/District,Kent,http://data.ordnancesurvey.co.uk/id/7000000000018210,http://data.ordnancesurvey.co.uk/ontology/admingeo/County,South East,http://data.ordnancesurvey.co.uk/id/7000000000041421,England,http://data.ordnancesurvey.co.uk/id/country/england,,,
CT195FQ,http://data.ordnancesurvey.co.uk/id/postcodeunit/CT195FQ,CT19 5FQ,,,,other,Postcode,622737,137586,3500,18000,,,,,,,Folkestone,http://data.ordnancesurvey.co.uk/id/4000000074566736,http://www.ordnancesurvey.co.uk/xml/codelists/localtype.xml#town,Folkestone and Hythe,http://data.ordnancesurvey.co.uk/id/7000000000018085,http://data.ordnancesurvey.co.uk/ontology/admingeo/District,Kent,http://data.ordnancesurvey.co.uk/id/7000000000018210,http://data.ordnancesurvey.co.uk/ontology/admingeo/County,South East,http://data.ordnancesurvey.co.uk/id/7000000000041421,England,http://data.ordnancesurvey.co.uk/id/country/england,,,
CT196BW,http://data.ordnancesurvey.co.uk/id/postcodeunit/CT196BW,CT19 6BW,,,,other,Postcode,623067,136949,3500,18000,,,,,,,Folkestone,http://data.ordnancesurvey.co.uk/id/4000000074566736,http://www.ordnancesurvey.co.uk/xml/codelists/localtype.xml#town,Folkestone and Hythe,http://data.ordnancesurvey.co.uk/id/7000000000018085,http://data.ordnancesurvey.co.uk/ontology/admingeo/District,Kent,http://data.ordnancesurvey.co.uk/id/7000000000018210,http://data.ordnancesurvey.co.uk/ontology/admingeo/County,South East,http://data.ordnancesurvey.co.uk/id/7000000000041421,England,http://data.ordnancesurvey.co.uk/id/country/england,,,
CT187HD,http://data.ordnancesurvey.co.uk/id/postcodeunit/CT187HD,CT18 7HD,,,,other,Postcode,624864,139089,3500,18000,,,,,,,Capel-le-Ferne,http://data.ordnancesurvey.co.uk/id/4000000074568384,http://www.ordnancesurvey.co.uk/xml/codelists/localtype.xml#village,Dover,http://data.ordnancesurvey.co.uk/id/7000000000017977,http://data.ordnancesurvey.co.uk/ontology/admingeo/District,Kent,http://data.ordnancesurvey.co.uk/id/7000000000018210,http://data.ordnancesurvey.co.uk/ontology/admingeo/County,South East,http://data.ordnancesurvey.co.uk/id/7000000000041421,England,http://data.ordnancesurvey.co.uk/id/country/england,,,
CT196JS,http://data.ordnancesurvey.co.uk/id/postcodeunit/CT196JS,CT19 6JS,,,,other,Postcode,623396,137197,3500,18000,,,,,,,Folkestone,http://data.ordnancesurvey.co.uk/id/4000000074566736,http://www.ordnancesurvey.co.uk/xml/codelists/localtype.xml#town,Folkestone and Hythe,http://data.ordnancesurvey.co.uk/id/7000000000018085,http://data.ordnancesurvey.co.uk/ontology/admingeo/District,Kent,http://data.ordnancesurvey.co.uk/id/7000000000018210,http://data.ordnancesurvey.co.uk/ontology/admingeo/County,South East,http://data.ordnancesurvey.co.uk/id/7000000000041421,England,http://data.ordnancesurvey.co.uk/id/country/england,,,
CT196EA,http://data.ordnancesurvey.co.uk/id/postcodeunit/CT196EA,CT19 6EA,,,,other,Postcode,623255,136837,3500,18000,,,,,,,Folkestone,http://data.ordnancesurvey.co.uk/id/4000000074566736,http://www.ordnancesurvey.co.uk/xml/codelists/localtype.xml#town,Folkestone and Hythe,http://data.ordnancesurvey.co.uk/id/7000000000018085,http://data.ordnancesurvey.co.uk/ontology/admingeo/District,Kent,http://data.ordnancesurvey.co.uk/id/7000000000018210,http://data.ordnancesurvey.co.uk/ontology/admingeo/County,South East,http://data.ordnancesurvey.co.uk/id/7000000000041421,England,http://data.ordnancesurvey.co.uk/id/country/england,,,
CT195RB,http://data.ordnancesurvey.co.uk/id/postcodeunit/CT195RB,CT19 5RB,,,,other,Postcode,622634,136763,3500,18000,,,,,,,Folkestone,http://data.ordnancesurvey.co.uk/id/4000000074566736,http://www.ordnancesurvey.co.uk/xml/codelists/localtype.xml#town,Folkestone and Hythe,http://data.ordnancesurvey.co.uk/id/7000000000018085,http://data.ordnancesurvey.co.uk/ontology/admingeo/District,Kent,http://data.ordnancesurvey.co.uk/id/7000000000018210,http://data.ordnancesurvey.co.uk/ontology/admingeo/County,South East,http://data.ordnancesurvey.co.uk/id/7000000000041421,England,http://data.ordnancesurvey.co.uk/id/country/england,,,
CT194LN,http://data.ordnancesurvey.co.uk/id/postcodeunit/CT194LN,CT19 4LN,,,,other,Postcode,620003,137195,3500,18000,,,,,,,Folkestone,http://data.ordnancesurvey.co.uk/id/4000000074566736,http://www.ordnancesurvey.co.uk/xml/codelists/localtype.xml#town,Folkestone and Hythe,http://data.ordnancesurvey.co.uk/id/7000000000018085,http://data.ordnancesurvey.co.uk/ontology/admingeo/District,Kent,http://data.ordnancesurvey.co.uk/id/7000000000018210,http://data.ordnancesurvey.co.uk/ontology/admingeo/County,South East,http://data.ordnancesurvey.co.uk/id/7000000000041421,England,http://data.ordnancesurvey.co.uk/id/country/england,,,
CT202HE,http://data.ordnancesurvey.co.uk/id/postcodeunit/CT202HE,CT20 2HE,,,,other,Postcode,621855,135663,3500,18000,,,,,,,Folkestone,http://data.ordnancesurvey.co.uk/id/4000000074566736,http://www.ordnancesurvey.co.uk/xml/codelists/localtype.xml#town,Folkestone and Hythe,http://data.ordnancesurvey.co.uk/id/7000000000018085,http://data.ordnancesurvey.co.uk/ontology/admingeo/District,Kent,http://data.ordnancesurvey.co.uk/id/7000000000018210,http://data.ordnancesurvey.co.uk/ontology/admingeo/County,South East,http://data.ordnancesurvey.co.uk/id/7000000000041421,England,http://data.ordnancesurvey.co.uk/id/country/england,,,
CT187GL,http://data.ordnancesurvey.co.uk/id/postcodeunit/CT187GL,CT18 7GL,,,,other,Postcode,622641,135834,3500,18000,,,,,,,Folkestone,http://data.ordnancesurvey.co.uk/id/4000000074566736,http://www.ordnancesurvey.co.uk/xml/codelists/localtype.xml#town,Folkestone and Hythe,http://data.ordnancesurvey.co.uk/id/7000000000018085,http://data.ordnancesurvey.co.uk/ontology/admingeo/District,Kent,http://data.ordnancesurvey.co.uk/id/7000000000018210,http://data.ordnancesurvey.co.uk/ontology/admingeo/County,South East,http://data.ordnancesurvey.co.uk/id/7000000000041421,England,http://data.ordnancesurvey.co.uk/id/country/england,,,
CT187HX,http://data.ordnancesurvey.co.uk/id/postcodeunit/CT187HX,CT18 7HX,,,,other,Postcode,625983,138598,3500,18000,,,,,,,Capel-le-Ferne,http://data.ordnancesurvey.co.uk/id/4000000074568384,http://www.ordnancesurvey.co.uk/xml/codelists/localtype.xml#village,Dover,http://data.ordnancesurvey.co.uk/id/7000000000017977,http://data.ordnancesurvey.co.uk/ontology/admingeo/District,Kent,http://data.ordnancesurvey.co.uk/id/7000000000018210,http://data.ordnancesurvey.co.uk/ontology/admingeo/County,South East,http://data.ordnancesurvey.co.uk/id/7000000000041421,England,http://data.ordnancesurvey.co.uk/id/country/england,,,
CT202NJ,http://data.ordnancesurvey.co.uk/id/postcodeunit/CT202NJ,CT20 2NJ,,,,other,Postcode,621285,136115,3500,18000,,,,,,,Folkestone,http://data.ordnancesurvey.co.uk/id/4000000074566736,http://www.ordnancesurvey.co.uk/xml/codelists/localtype.xml#town,Folkestone and Hythe,http://data.ordnancesurvey.co.uk/id/7000000000018085,http://data.ordnancesurvey.co.uk/ontology/admingeo/District,Kent,http://data.ordnancesurvey.co.uk/id/7000000000018210,http://data.ordnancesurvey.co.uk/ontology/admingeo/County,South East,http://data.ordnancesurvey.co.uk/id/7000000000041421,England,http://data.ordnancesurvey.co.uk/id/country/england,,,
CT202RA,http://data.ordnancesurvey.co.uk/id/postcodeunit/CT202RA,CT20 2RA,,,,other,Postcode,621651,135670,3500,18000,,,,,,,Folkestone,http://data.ordnancesurvey.co.uk/id/4000000074566736,http://www.ordnancesurvey.co.uk/xml/codelists/localtype.xml#town,Folkestone and Hythe,http://data.ordnancesurvey.co.uk/id/7000000000018085,http://data.ordnancesurvey.co.uk/ontology/admingeo/District,Kent,http://data.ordnancesurvey.co.uk/id/7000000000018210,http://data.ordnancesurvey.co.uk/ontology/admingeo/County,South East,http://data.ordnancesurvey.co.uk/id/7000000000041421,England,http://data.ordnancesurvey.co.uk/id/country/england,,,
CT187BP,http://data.ordnancesurvey.co.uk/id/postcodeunit/CT187BP,CT18 7BP,,,,other,Postcode,621757,139689,3500,18000,,,,,,,Hawkinge,http://data.ordnancesurvey.co.uk/id/4000000074566747,http://www.ordnancesurvey.co.uk/xml/codelists/localtype.xml#village,Folkestone and Hythe,http://data.ordnancesurvey.co.uk/id/7000000000018085,http://data.ordnancesurvey.co.uk/ontology/admingeo/District,Kent,http://data.ordnancesurvey.co.uk/id/7000000000018210,http://data.ordnancesurvey.co.uk/ontology/admingeo/County,South East,http://data.ordnancesurvey.co.uk/id/7000000000041421,England,http://data.ordnancesurvey.co.uk/id/country/england,,,
CT195UA,http://data.ordnancesurvey.co.uk/id/postcodeunit/CT195UA,CT19 5UA,,,,other,Postcode,621548,137406,3500,18000,,,,,,,Folkestone,http://data.ordnancesurvey.co.uk/id/4000000074566736,http://www.ordnancesurvey.co.uk/xml/codelists/localtype.xml#town,Folkestone and Hythe,http://data.ordnancesurvey.co.uk/id/7000000000018085,http://data.ordnancesurvey.co.uk/ontology/admingeo/District,Kent,http://data.ordnancesurvey.co.uk/id/7000000000018210,http://data.ordnancesurvey.co.uk/ontology/admingeo/County,South East,http://data.ordnancesurvey.co.uk/id/7000000000041421,England,http://data.ordnancesurvey.co.uk/id/country/england,,,
CT201EA,http://data.ordnancesurvey.co.uk/id/postcodeunit/CT201EA,CT20 1EA,,,,other,Postcode,622829,136019,3500,18000,,,,,,,Folkestone,http://data.ordnancesurvey.co.uk/id/4000000074566736,http://www.ordnancesurvey.co.uk/xml/codelists/localtype.xml#town,Folkestone and Hythe,http://data.ordnancesurvey.co.uk/id/7000000000018085,http://data.ordnancesurvey.co.uk/ontology/admingeo/District,Kent,http://data.ordnancesurvey.co.uk/id/7000000000018210,http://data.ordnancesurvey.co.uk/ontology/admingeo/County,South East,http://data.ordnancesurvey.co.uk/id/7000000000041421,England,http://data.ordnancesurvey.co.uk/id/country/england,,,
CT202RB,http://data.ordnancesurvey.co.uk/id/postcodeunit/CT202RB,CT20 2RB,,,,other,Postcode,622132,135981,3500,18000,,,,,,,Folkestone,http://data.ordnancesurvey.co.uk/id/4000000074566736,http://www.ordnancesurvey.co.uk/xml/codelists/localtype.xml#town,Folkestone and Hythe,http://data.ordnancesurvey.co.uk/id/7000000000018085,http://data.ordnancesurvey.co.uk/ontology/admingeo/District,Kent,http://data.ordnancesurvey.co.uk/id/7000000000018210,http://data.ordnancesurvey.co.uk/ontology/admingeo/County,South East,http://data.ordnancesurvey.co.uk/id/7000000000041421,England,http://data.ordnancesurvey.co.uk/id/country/england,,,
CT209LW,http://data.ordnancesurvey.co.uk/id/postcodeunit/CT209LW,CT20 9LW,,,,other,Postcode,622641,135834,3500,18000,,,,,,,Folkestone,http://data.ordnancesurvey.co.uk/id/4000000074566736,http://www.ordnancesurvey.co.uk/xml/codelists/localtype.xml#town,Folkestone and Hythe,http://data.ordnancesurvey.co.uk/id/7000000000018085,http://data.ordnancesurvey.co.uk/ontology/admingeo/District,Kent,http://data.ordnancesurvey.co.uk/id/7000000000018210,http://data.ordnancesurvey.co.uk/ontology/admingeo/County,South East,http://data.ordnancesurvey.co.uk/id/7000000000041421,England,http://data.ordnancesurvey.co.uk/id/country/england,,,
CT187FF,http://data.ordnancesurvey.co.uk/id/postcodeunit/CT187FF,CT18 7FF,,,,other,Postcode,621441,139881,3500,18000,,,,,,,Hawkinge,http://data.ordnancesurvey.co.uk/id/4000000074566747,http://www.ordnancesurvey.co.uk/xml/codelists/localtype.xml#village,Folkestone and Hythe,http://data.ordnancesurvey.co.uk/id/7000000000018085,http://data.ordnancesurvey.co.uk/ontology/admingeo/District,Kent,http://data.ordnancesurvey.co.uk/id/7000000000018210,http://data.ordnancesurvey.co.uk/ontology/admingeo/County,South East,http://data.ordnancesurvey.co.uk/id/7000000000041421,England,http://data.ordnancesurvey.co.uk/id/country/england,,,
CT203AX,http://data.ordnancesurvey.co.uk/id/postcodeunit/CT203AX,CT20 3AX,,,,other,Postcode,620845,135366,3500,18000,,,,,,,Folkestone,http://data.ordnancesurvey.co.uk/id/4000000074566736,http://www.ordnancesurvey.co.uk/xml/codelists/localtype.xml#town,Folkestone and Hythe,http://data.ordnancesurvey.co.uk/id/7000000000018085,http://data.ordnancesurvey.co.uk/ontology/admingeo/District,Kent,http://data.ordnancesurvey.co.uk/id/7000000000018210,http://data.ordnancesurvey.co.uk/ontology/admingeo/County,South East,http://data.ordnancesurvey.co.uk/id/7000000000041421,England,http://data.ordnancesurvey.co.uk/id/country/england,,,
CT196AD,http://data.ordnancesurvey.co.uk/id/postcodeunit/CT196AD,CT19 6AD,,,,other,Postcode,623360,136111,3500,18000,,,,,,,Folkestone,http://data.ordnancesurvey.co.uk/id/4000000074566736,http://www.ordnancesurvey.co.uk/xml/codelists/localtype.xml#town,Folkestone and Hythe,http://data.ordnancesurvey.co.uk/id/7000000000018085,http://data.ordnancesurvey.co.uk/ontology/admingeo/District,Kent,http://data.ordnancesurvey.co.uk/id/7000000000018210,http://data.ordnancesurvey.co.uk/ontology/admingeo/County,South East,http://data.ordnancesurvey.co.uk/id/7000000000041421,England,http://data.ordnancesurvey.co.uk/id/country/england,,,
CT187QQ,http://data.ordnancesurvey.co.uk/id/postcodeunit/CT187QQ,CT18 7QQ,,,,other,Postcode,620950,139444,3500,18000,,,,,,,Hawkinge,http://data.ordnancesurvey.co.uk/id/4000000074566747,http://www.ordnancesurvey.co.uk/xml/codelists/localtype.xml#village,Folkestone and Hythe,http://data.ordnancesurvey.co.uk/id/7000000000018085,http://data.ordnancesurvey.co.uk/ontology/admingeo/District,Kent,http://data.ordnancesurvey.co.uk/id/7000000000018210,http://data.ordnancesurvey.co.uk/ontology/admingeo/County,South East,http://data.ordnancesurvey.co.uk/id/7000000000041421,England,http://data.ordnancesurvey.co.uk/id/country/england,,,
CT195TH,http://data.ordnancesurvey.co.uk/id/postcodeunit/CT195TH,CT19 5TH,,,,other,Postcode,622572,137606,3500,18000,,,,,,,Folkestone,http://data.ordnancesurvey.co.uk/id/4000000074566736,http://www.ordnancesurvey.co.uk/xml/codelists/localtype.xml#town,Folkestone and Hythe,http://data.ordnancesurvey.co.uk/id/7000000000018085,http://data.ordnancesurvey.co.uk/ontology/admingeo/District,Kent,http://data.ordnancesurvey.co.uk/id/7000000000018210,http://data.ordnancesurvey.co.uk/ontology/admingeo/County,South East,http://data.ordnancesurvey.co.uk/id/7000000000041421,England,http://data.ordnancesurvey.co.uk/id/country/england,,,
CT202TE,http://data.ordnancesurvey.co.uk/id/postcodeunit/CT202TE,CT20 2TE,,,,other,Postcode,622271,135637,3500,18000,,,,,,,Folkestone,http://data.ordnancesurvey.co.uk/id/4000000074566736,http://www.ordnancesurvey.co.uk/xml/codelists/localtype.xml#town,Folkestone and Hythe,http://data.ordnancesurvey.co.uk/id/7000000000018085,http://data.ordnancesurvey.co.uk/ontology/admingeo/District,Kent,http://data.ordnancesurvey.co.uk/id/7000000000018210,http://data.ordnancesurvey.co.uk/ontology/admingeo/County,South East,http://data.ordnancesurvey.co.uk/id/7000000000041421,England,http://data.ordnancesurvey.co.uk/id/country/england,,,
CT196PX,http://data.ordnancesurvey.co.uk/id/postcodeunit/CT196PX,CT19 6PX,,,,other,Postcode,623980,136980,3500,18000,,,,,,,Folkestone,http://data.ordnancesurvey.co.uk/id/4000000074566736,http://www.ordnancesurvey.co.uk/xml/codelists/localtype.xml#town,Folkestone and Hythe,http://data.ordnancesurvey.co.uk/id/7000000000018085,http://data.ordnancesurvey.co.uk/ontology/admingeo/District,Kent,http://data.ordnancesurvey.co.uk/id/7000000000018210,http://data.ordnancesurvey.co.uk/ontology/admingeo/County,South East,http://data.ordnancesurvey.co.uk/id/7000000000041421,England,http://data.ordnancesurvey.co.uk/id/country/england,,,
CT201QW,http://data.ordnancesurvey.co.uk/id/postcodeunit/CT201QW,CT20 1QW,,,,other,Postcode,623262,136037,3500,18000,,,,,,,Folkestone,http://data.ordnancesurvey.co.uk/id/4000000074566736,http://www.ordnancesurvey.co.uk/xml/codelists/localtype.xml#town,Folkestone and Hythe,http://data.ordnancesurvey.co.uk/id/7000000000018085,http://data.ordnancesurvey.co.uk/ontology/admingeo/District,Kent,http://data.ordnancesurvey.co.uk/id/7000000000018210,http://data.ordnancesurvey.co.uk/ontology/admingeo/County,South East,http://data.ordnancesurvey.co.uk/id/7000000000041421,England,http://data.ordnancesurvey.co.uk/id/country/england,,,
CT201LY,http://data.ordnancesurvey.co.uk/id/postcodeunit/CT201LY,CT20 1LY,,,,other,Postcode,623171,136298,3500,18000,,,,,,,Folkestone,http://data.ordnancesurvey.co.uk/id/4000000074566736,http://www.ordnancesurvey.co.uk/xml/codelists/localtype.xml#town,Folkestone and Hythe,http://data.ordnancesurvey.co.uk/id/7000000000018085,http://data.ordnancesurvey.co.uk/ontology/admingeo/District,Kent,http://data.ordnancesurvey.co.uk/id/7000000000018210,http://data.ordnancesurvey.co.uk/ontology/admingeo/County,South East,http://data.ordnancesurvey.co.uk/id/7000000000041421,England,http://data.ordnancesurvey.co.uk/id/country/england,,,
CT194LG,http://data.ordnancesurvey.co.uk/id/postcodeunit/CT194LG,CT19 4LG,,,,other,Postcode,620137,136906,3500,18000,,,,,,,Folkestone,http://data.ordnancesurvey.co.uk/id/4000000074566736,http://www.ordnancesurvey.co.uk/xml/codelists/localtype.xml#town,Folkestone and Hythe,http://data.ordnancesurvey.co.uk/id/7000000000018085,http://data.ordnancesurvey.co.uk/ontology/admingeo/District,Kent,http://data.ordnancesurvey.co.uk/id/7000000000018210,http://data.ordnancesurvey.co.uk/ontology/admingeo/County,South East,http://data.ordnancesurvey.co.uk/id/7000000000041421,England,http://data.ordnancesurvey.co.uk/id/country/england,,,
CT187TG,http://data.ordnancesurvey.co.uk/id/postcodeunit/CT187TG,CT18 7TG,,,,other,Postcode,620985,139280,3500,18000,,,,,,,Hawkinge,http://data.ordnancesurvey.co.uk/id/4000000074566747,http://www.ordnancesurvey.co.uk/xml/codelists/localtype.xml#village,Folkestone and Hythe,http://data.ordnancesurvey.co.uk/id/7000000000018085,http://data.ordnancesurvey.co.uk/ontology/admingeo/District,Kent,http://data.ordnancesurvey.co.uk/id/7000000000018210,http://data.ordnancesurvey.co.uk/ontology/admingeo/County,South East,http://data.ordnancesurvey.co.uk/id/7000000000041421,England,http://data.ordnancesurvey.co.uk/id/country/england,,,
CT202NY,http://data.ordnancesurvey.co.uk/id/postcodeunit/CT202NY,CT20 2NY,,,,other,Postcode,621240,135772,3500,18000,,,,,,,Folkestone,http://data.ordnancesurvey.co.uk/id/4000000074566736,http://www.ordnancesurvey.co.uk/xml/codelists/localtype.xml#town,Folkestone and Hythe,http://data.ordnancesurvey.co.uk/id/7000000000018085,http://data.ordnancesurvey.co.uk/ontology/admingeo/District,Kent,http://data.ordnancesurvey.co.uk/id/7000000000018210,http://data.ordnancesurvey.co.uk/ontology/admingeo/County,South East,http://data.ordnancesurvey.co.uk/id/7000000000041421,England,http://data.ordnancesurvey.co.uk/id/country/england,,,
CT201TE,http://data.ordnancesurvey.co.uk/id/postcodeunit/CT201TE,CT20 1TE,,,,other,Postcode,623248,136214,3500,18000,,,,,,,Folkestone,http://data.ordnancesurvey.co.uk/id/4000000074566736,http://www.ordnancesurvey.co.uk/xml/codelists/localtype.xml#town,Folkestone and Hythe,http://data.ordnancesurvey.co.uk/id/7000000000018085,http://data.ordnancesurvey.co.uk/ontology/admingeo/District,Kent,http://data.ordnancesurvey.co.uk/id/7000000000018210,http://data.ordnancesurvey.co.uk/ontology/admingeo/County,South East,http://data.ordnancesurvey.co.uk/id/7000000000041421,England,http://data.ordnancesurvey.co.uk/id/country/england,,,
CT202LW,http://data.ordnancesurvey.co.uk/id/postcodeunit/CT202LW,CT20 2LW,,,,other,Postcode,621441,135505,3500,18000,,,,,,,Folkestone,http://data.ordnancesurvey.co.uk/id/4000000074566736,http://www.ordnancesurvey.co.uk/xml/codelists/localtype.xml#town,Folkestone and Hythe,http://data.ordnancesurvey.co.uk/id/7000000000018085,http://data.ordnancesurvey.co.uk/ontology/admingeo/District,Kent,http://data.ordnancesurvey.co.uk/id/7000000000018210,http://data.ordnancesurvey.co.uk/ontology/admingeo/County,South East,http://data.ordnancesurvey.co.uk/id/7000000000041421,England,http://data.ordnancesurvey.co.uk/id/country/england,,,
CT196HH,http://data.ordnancesurvey.co.uk/id/postcodeunit/CT196HH,CT19 6HH,,,,other,Postcode,623198,137290,3500,18000,,,,,,,Folkestone,http://data.ordnancesurvey.co.uk/id/4000000074566736,http://www.ordnancesurvey.co.uk/xml/codelists/localtype.xml#town,Folkestone and Hythe,http://data.ordnancesurvey.co.uk/id/7000000000018085,http://data.ordnancesurvey.co.uk/ontology/admingeo/District,Kent,http://data.ordnancesurvey.co.uk/id/7000000000018210,http://data.ordnancesurvey.co.uk/ontology/admingeo/County,South East,http://data.ordnancesurvey.co.uk/id/7000000000041421,England,http://data.ordnancesurvey.co.uk/id/country/england,,,
CT201RX,http://data.ordnancesurvey.co.uk/id/postcodeunit/CT201RX,CT20 1RX,,,,other,Postcode,622795,135866,3500,18000,,,,,,,Folkestone,http://data.ordnancesurvey.co.uk/id/4000000074566736,http://www.ordnancesurvey.co.uk/xml/codelists/localtype.xml#town,Folkestone and Hythe,http://data.ordnancesurvey.co.uk/id/7000000000018085,http://data.ordnancesurvey.co.uk/ontology/admingeo/District,Kent,http://data.ordnancesurvey.co.uk/id/7000000000018210,http://data.ordnancesurvey.co.uk/ontology/admingeo/County,South East,http://data.ordnancesurvey.co.uk/id/7000000000041421,England,http://data.ordnancesurvey.co.uk/id/country/england,,,
CT196AY,http://data.ordnancesurvey.co.uk/id/postcodeunit/CT196AY,CT19 6AY,,,,other,Postcode,623565,136458,3500,18000,,,,,,,Folkestone,http://data.ordnancesurvey.co.uk/id/4000000074566736,http://www.ordnancesurvey.co.uk/xml/codelists/localtype.xml#town,Folkestone and Hythe,http://data.ordnancesurvey.co.uk/id/7000000000018085,http://data.ordnancesurvey.co.uk/ontology/admingeo/District,Kent,http://data.ordnancesurvey.co.uk/id/7000000000018210,http://data.ordnancesurvey.co.uk/ontology/admingeo/County,South East,http://data.ordnancesurvey.co.uk/id/7000000000041421,England,http://data.ordnancesurvey.co.uk/id/country/england,,,
CT202HN,http://data.ordnancesurvey.co.uk/id/postcodeunit/CT202HN,CT20 2HN,,,,other,Postcode,621381,135553,3500,18000,,,,,,,Folkestone,http://data.ordnancesurvey.co.uk/id/4000000074566736,http://www.ordnancesurvey.co.uk/xml/codelists/localtype.xml#town,Folkestone and Hythe,http://data.ordnancesurvey.co.uk/id/7000000000018085,http://data.ordnancesurvey.co.uk/ontology/admingeo/District,Kent,http://data.ordnancesurvey.co.uk/id/7000000000018210,http://data.ordnancesurvey.co.uk/ontology/admingeo/County,South East,http://data.ordnancesurvey.co.uk/id/7000000000041421,England,http://data.ordnancesurvey.co.uk/id/country/england,,,
CT202JH,http://data.ordnancesurvey.co.uk/id/postcodeunit/CT202JH,CT20 2JH,,,,other,Postcode,621117,135292,3500,18000,,,,,,,Folkestone,http://data.ordnancesurvey.co.uk/id/4000000074566736,http://www.ordnancesurvey.co.uk/xml/codelists/localtype.xml#town,Folkestone and Hythe,http://data.ordnancesurvey.co.uk/id/7000000000018085,http://data.ordnancesurvey.co.uk/ontology/admingeo/District,Kent,http://data.ordnancesurvey.co.uk/id/7000000000018210,http://data.ordnancesurvey.co.uk/ontology/admingeo/County,South East,http://data.ordnancesurvey.co.uk/id/7000000000041421,England,http://data.ordnancesurvey.co.uk/id/country/england,,,
CT203AL,http://data.ordnancesurvey.co.uk/id/postcodeunit/CT203AL,CT20 3AL,,,,other,Postcode,620470,135155,3500,18000,,,,,,,Folkestone,http://data.ordnancesurvey.co.uk/id/4000000074566736,http://www.ordnancesurvey.co.uk/xml/codelists/localtype.xml#town,Folkestone and Hythe,http://data.ordnancesurvey.co.uk/id/7000000000018085,http://data.ordnancesurvey.co.uk/ontology/admingeo/District,Kent,http://data.ordnancesurvey.co.uk/id/7000000000018210,http://data.ordnancesurvey.co.uk/ontology/admingeo/County,South East,http://data.ordnancesurvey.co.uk/id/7000000000041421,England,http://data.ordnancesurvey.co.uk/id/country/england,,,
CT201BF,http://data.ordnancesurvey.co.uk/id/postcodeunit/CT201BF,CT20 1BF,,,,other,Postcode,622809,136072,3500,18000,,,,,,,Folkestone,http://data.ordnancesurvey.co.uk/id/4000000074566736,http://www.ordnancesurvey.co.uk/xml/codelists/localtype.xml#town,Folkestone and Hythe,http://data.ordnancesurvey.co.uk/id/7000000000018085,http://data.ordnancesurvey.co.uk/ontology/admingeo/District,Kent,http://data.ordnancesurvey.co.uk/id/7000000000018210,http://data.ordnancesurvey.co.uk/ontology/admingeo/County,South East,http://data.ordnancesurvey.co.uk/id/7000000000041421,England,http://data.ordnancesurvey.co.uk/id/country/england,,,
CT202HR,http://data.ordnancesurvey.co.uk/id/postcodeunit/CT202HR,CT20 2HR,,,,other,Postcode,621835,135457,3500,18000,,,,,,,Folkestone,http://data.ordnancesurvey.co.uk/id/4000000074566736,http://www.ordnancesurvey.co.uk/xml/codelists/localtype.xml#town,Folkestone and Hythe,http://data.ordnancesurvey.co.uk/id/7000000000018085,http://data.ordnancesurvey.co.uk/ontology/admingeo/District,Kent,http://data.ordnancesurvey.co.uk/id/7000000000018210,http://data.ordnancesurvey.co.uk/ontology/admingeo/County,South East,http://data.ordnancesurvey.co.uk/id/7000000000041421,England,http://data.ordnancesurvey.co.uk/id/country/england,,,
CT209TG,http://data.ordnancesurvey.co.uk/id/postcodeunit/CT209TG,CT20 9TG,,,,other,Postcode,622119,135914,3500,18000,,,,,,,Folkestone,http://data.ordnancesurvey.co.uk/id/4000000074566736,http://www.ordnancesurvey.co.uk/xml/codelists/localtype.xml#town,Folkestone and Hythe,http://data.ordnancesurvey.co.uk/id/7000000000018085,http://data.ordnancesurvey.co.uk/ontology/admingeo/District,Kent,http://data.ordnancesurvey.co.uk/id/7000000000018210,http://data.ordnancesurvey.co.uk/ontology/admingeo/County,South East,http://data.ordnancesurvey.co.uk/id/7000000000041421,England,http://data.ordnancesurvey.co.uk/id/country/england,,,
CT201LQ,http://data.ordnancesurvey.co.uk/id/postcodeunit/CT201LQ,CT20 1LQ,,,,other,Postcode,623122,136291,3500,18000,,,,,,,Folkestone,http://data.ordnancesurvey.co.uk/id/4000000074566736,http://www.ordnancesurvey.co.uk/xml/codelists/localtype.xml#town,Folkestone and Hythe,http://data.ordnancesurvey.co.uk/id/7000000000018085,http://data.ordnancesurvey.co.uk/ontology/admingeo/District,Kent,http://data.ordnancesurvey.co.uk/id/7000000000018210,http://data.ordnancesurvey.co.uk/ontology/admingeo/County,South East,http://data.ordnancesurvey.co.uk/id/7000000000041421,England,http://data.ordnancesurvey.co.uk/id/country/england,,,
CT187AE,http://data.ordnancesurvey.co.uk/id/postcodeunit/CT187AE,CT18 7AE,,,,other,Postcode,621143,138900,3500,18000,,,,,,,Hawkinge,http://data.ordnancesurvey.co.uk/id/4000000074566747,http://www.ordnancesurvey.co.uk/xml/codelists/localtype.xml#village,Folkestone and Hythe,http://data.ordnancesurvey.co.uk/id/7000000000018085,http://data.ordnancesurvey.co.uk/ontology/admingeo/District,Kent,http://data.ordnancesurvey.co.uk/id/7000000000018210,http://data.ordnancesurvey.co.uk/ontology/admingeo/County,South East,http://data.ordnancesurvey.co.uk/id/7000000000041421,England,http://data.ordnancesurvey.co.uk/id/country/england,,,
CT195FJ,http://data.ordnancesurvey.co.uk/id/postcodeunit/CT195FJ,CT19 5FJ,,,,other,Postcode,622013,137777,3500,18000,,,,,,,Folkestone,http://data.ordnancesurvey.co.uk/id/4000000074566736,http://www.ordnancesurvey.co.uk/xml/codelists/localtype.xml#town,Folkestone and Hythe,http://data.ordnancesurvey.co.uk/id/7000000000018085,http://data.ordnancesurvey.co.uk/ontology/admingeo/District,Kent,http://data.ordnancesurvey.co.uk/id/7000000000018210,http://data.ordnancesurvey.co.uk/ontology/admingeo/County,South East,http://data.ordnancesurvey.co.uk/id/7000000000041421,England,http://data.ordnancesurvey.co.uk/id/country/england,,,
CT202LN,http://data.ordnancesurvey.co.uk/id/postcodeunit/CT202LN,CT20 2LN,,,,other,Postcode,621461,135504,3500,18000,,,,,,,Folkestone,http://data.ordnancesurvey.co.uk/id/4000000074566736,http://www.ordnancesurvey.co.uk/xml/codelists/localtype.xml#town,Folkestone and Hythe,http://data.ordnancesurvey.co.uk/id/7000000000018085,http://data.ordnancesurvey.co.uk/ontology/admingeo/District,Kent,http://data.ordnancesurvey.co.uk/id/7000000000018210,http://data.ordnancesurvey.co.uk/ontology/admingeo/County,South East,http://data.ordnancesurvey.co.uk/id/7000000000041421,England,http://data.ordnancesurvey.co.uk/id/country/england,,,
CT201TW,http://data.ordnancesurvey.co.uk/id/postcodeunit/CT201TW,CT20 1TW,,,,other,Postcode,623054,136348,3500,18000,,,,,,,Folkestone,http://data.ordnancesurvey.co.uk/id/4000000074566736,http://www.ordnancesurvey.co.uk/xml/codelists/localtype.xml#town,Folkestone and Hythe,http://data.ordnancesurvey.co.uk/id/7000000000018085,http://data.ordnancesurvey.co.uk/ontology/admingeo/District,Kent,http://data.ordnancesurvey.co.uk/id/7000000000018210,http://data.ordnancesurvey.co.uk/ontology/admingeo/County,South East,http://data.ordnancesurvey.co.uk/id/7000000000041421,England,http://data.ordnancesurvey.co.uk/id/country/england,,,
CT201QX,http://data.ordnancesurvey.co.uk/id/postcodeunit/CT201QX,CT20 1QX,,,,other,Postcode,623291,136292,3500,18000,,,,,,,Folkestone,http://data.ordnancesurvey.co.uk/id/4000000074566736,http://www.ordnancesurvey.co.uk/xml/codelists/localtype.xml#town,Folkestone and Hythe,http://data.ordnancesurvey.co.uk/id/7000000000018085,http://data.ordnancesurvey.co.uk/ontology/admingeo/District,Kent,http://data.ordnancesurvey.co.uk/id/7000000000018210,http://data.ordnancesurvey.co.uk/ontology/admingeo/County,South East,http://data.ordnancesurvey.co.uk/id/7000000000041421,England,http://data.ordnancesurvey.co.uk/id/country/england,,,
CT194AH,http://data.ordnancesurvey.co.uk/id/postcodeunit/CT194AH,CT19 4AH,,,,other,Postcode,620442,137366,3500,18000,,,,,,,Folkestone,http://data.ordnancesurvey.co.uk/id/4000000074566736,http://www.ordnancesurvey.co.uk/xml/codelists/localtype.xml#town,Folkestone and Hythe,http://data.ordnancesurvey.co.uk/id/7000000000018085,http://data.ordnancesurvey.co.uk/ontology/admingeo/District,Kent,http://data.ordnancesurvey.co.uk/id/7000000000018210,http://data.ordnancesurvey.co.uk/ontology/admingeo/County,South East,http://data.ordnancesurvey.co.uk/id/7000000000041421,England,http://data.ordnancesurvey.co.uk/id/country/england,,,
CT201SA,http://data.ordnancesurvey.co.uk/id/postcodeunit/CT201SA,CT20 1SA,,,,other,Postcode,622830,135913,3500,18000,,,,,,,Folkestone,http://data.ordnancesurvey.co.uk/id/4000000074566736,http://www.ordnancesurvey.co.uk/xml/codelists/localtype.xml#town,Folkestone and Hythe,http://data.ordnancesurvey.co.uk/id/7000000000018085,http://data.ordnancesurvey.co.uk/ontology/admingeo/District,Kent,http://data.ordnancesurvey.co.uk/id/7000000000018210,http://data.ordnancesurvey.co.uk/ontology/admingeo/County,South East,http://data.ordnancesurvey.co.uk/id/7000000000041421,England,http://data.ordnancesurvey.co.uk/id/country/england,,,
CT201GL,http://data.ordnancesurvey.co.uk/id/postcodeunit/CT201GL,CT20 1GL,,,,other,Postcode,622641,135834,3500,18000,,,,,,,Folkestone,http://data.ordnancesurvey.co.uk/id/4000000074566736,http://www.ordnancesurvey.co.uk/xml/codelists/localtype.xml#town,Folkestone and Hythe,http://data.ordnancesurvey.co.uk/id/7000000000018085,http://data.ordnancesurvey.co.uk/ontology/admingeo/District,Kent,http://data.ordnancesurvey.co.uk/id/7000000000018210,http://data.ordnancesurvey.co.uk/ontology/admingeo/County,South East,http://data.ordnancesurvey.co.uk/id/7000000000041421,England,http://data.ordnancesurvey.co.uk/id/country/england,,,
CT195AQ,http://data.ordnancesurvey.co.uk/id/postcodeunit/CT195AQ,CT19 5AQ,,,,other,Postcode,622740,136525,3500,18000,,,,,,,Folkestone,http://data.ordnancesurvey.co.uk/id/4000000074566736,http://www.ordnancesurvey.co.uk/xml/codelists/localtype.xml#town,Folkestone and Hythe,http://data.ordnancesurvey.co.uk/id/7000000000018085,http://data.ordnancesurvey.co.uk/ontology/admingeo/District,Kent,http://data.ordnancesurvey.co.uk/id/7000000000018210,http://data.ordnancesurvey.co.uk/ontology/admingeo/County,South East,http://data.ordnancesurvey.co.uk/id/7000000000041421,England,http://data.ordnancesurvey.co.uk/id/country/england,,,
CT187PE,http://data.ordnancesurvey.co.uk/id/postcodeunit/CT187PE,CT18 7PE,,,,other,Postcode,621924,139736,3500,18000,,,,,,,Hawkinge,http://data.ordnancesurvey.co.uk/id/4000000074566747,http://www.ordnancesurvey.co.uk/xml/codelists/localtype.xml#village,Folkestone and Hythe,http://data.ordnancesurvey.co.uk/id/7000000000018085,http://data.ordnancesurvey.co.uk/ontology/admingeo/District,Kent,http://data.ordnancesurvey.co.uk/id/7000000000018210,http://data.ordnancesurvey.co.uk/ontology/admingeo/County,South East,http://data.ordnancesurvey.co.uk/id/7000000000041421,England,http://data.ordnancesurvey.co.uk/id/country/england,,,
CT194PZ,http://data.ordnancesurvey.co.uk/id/postcodeunit/CT194PZ,CT19 4PZ,,,,other,Postcode,620527,136888,3500,18000,,,,,,,Folkestone,http://data.ordnancesurvey.co.uk/id/4000000074566736,http://www.ordnancesurvey.co.uk/xml/codelists/localtype.xml#town,Folkestone and Hythe,http://data.ordnancesurvey.co.uk/id/7000000000018085,http://data.ordnancesurvey.co.uk/ontology/admingeo/District,Kent,http://data.ordnancesurvey.co.uk/id/7000000000018210,http://data.ordnancesurvey.co.uk/ontology/admingeo/County,South East,http://data.ordnancesurvey.co.uk/id/7000000000041421,England,http://data.ordnancesurvey.co.uk/id/country/england,,,
CT201AS,http://data.ordnancesurvey.co.uk/id/postcodeunit/CT201AS,CT20 1AS,,,,other,Postcode,623061,136039,3500,18000,,,,,,,Folkestone,http://data.ordnancesurvey.co.uk/id/4000000074566736,http://www.ordnancesurvey.co.uk/xml/codelists/localtype.xml#town,Folkestone and Hythe,http://data.ordnancesurvey.co.uk/id/7000000000018085,http://data.ordnancesurvey.co.uk/ontology/admingeo/District,Kent,http://data.ordnancesurvey.co.uk/id/7000000000018210,http://data.ordnancesurvey.co.uk/ontology/admingeo/County,South East,http://data.ordnancesurvey.co.uk/id/7000000000041421,England,http://data.ordnancesurvey.co.uk/id/country/england,,,
CT187FA,http://data.ordnancesurvey.co.uk/id/postcodeunit/CT187FA,CT18 7FA,,,,other,Postcode,621351,139920,3500,18000,,,,,,,Hawkinge,http://data.ordnancesurvey.co.uk/id/4000000074566747,http://www.ordnancesurvey.co.uk/xml/codelists/localtype.xml#village,Folkestone and Hythe,http://data.ordnancesurvey.co.uk/id/7000000000018085,http://data.ordnancesurvey.co.uk/ontology/admingeo/District,Kent,http://data.ordnancesurvey.co.uk/id/7000000000018210,http://data.ordnancesurvey.co.uk/ontology/admingeo/County,South East,http://data.ordnancesurvey.co.uk/id/7000000000041421,England,http://data.ordnancesurvey.co.uk/id/country/england,,,
CT202JJ,http://data.ordnancesurvey.co.uk/id/postcodeunit/CT202JJ,CT20 2JJ,,,,other,Postcode,621244,135251,3500,18000,,,,,,,Folkestone,http://data.ordnancesurvey.co.uk/id/4000000074566736,http://www.ordnancesurvey.co.uk/xml/codelists/localtype.xml#town,Folkestone and Hythe,http://data.ordnancesurvey.co.uk/id/7000000000018085,http://data.ordnancesurvey.co.uk/ontology/admingeo/District,Kent,http://data.ordnancesurvey.co.uk/id/7000000000018210,http://data.ordnancesurvey.co.uk/ontology/admingeo/County,South East,http://data.ordnancesurvey.co.uk/id/7000000000041421,England,http://data.ordnancesurvey.co.uk/id/country/england,,,
CT202EP,http://data.ordnancesurvey.co.uk/id/postcodeunit/CT202EP,CT20 2EP,,,,other,Postcode,621935,135463,3500,18000,,,,,,,Folkestone,http://data.ordnancesurvey.co.uk/id/4000000074566736,http://www.ordnancesurvey.co.uk/xml/codelists/localtype.xml#town,Folkestone and Hythe,http://data.ordnancesurvey.co.uk/id/7000000000018085,http://data.ordnancesurvey.co.uk/ontology/admingeo/District,Kent,http://data.ordnancesurvey.co.uk/id/7000000000018210,http://data.ordnancesurvey.co.uk/ontology/admingeo/County,South East,http://data.ordnancesurvey.co.uk/id/7000000000041421,England,http://data.ordnancesurvey.co.uk/id/country/england,,,
CT194FF,http://data.ordnancesurvey.co.uk/id/postcodeunit/CT194FF,CT19 4FF,,,,other,Postcode,620034,137025,3500,18000,,,,,,,Folkestone,http://data.ordnancesurvey.co.uk/id/4000000074566736,http://www.ordnancesurvey.co.uk/xml/codelists/localtype.xml#town,Folkestone and Hythe,http://data.ordnancesurvey.co.uk/id/7000000000018085,http://data.ordnancesurvey.co.uk/ontology/admingeo/District,Kent,http://data.ordnancesurvey.co.uk/id/7000000000018210,http://data.ordnancesurvey.co.uk/ontology/admingeo/County,South East,http://data.ordnancesurvey.co.uk/id/7000000000041421,England,http://data.ordnancesurvey.co.uk/id/country/england,,,
CT203JR,http://data.ordnancesurvey.co.uk/id/postcodeunit/CT203JR,CT20 3JR,,,,other,Postcode,620093,136562,3500,18000,,,,,,,Folkestone,http://data.ordnancesurvey.co.uk/id/4000000074566736,http://www.ordnancesurvey.co.uk/xml/codelists/localtype.xml#town,Folkestone and Hythe,http://data.ordnancesurvey.co.uk/id/7000000000018085,http://data.ordnancesurvey.co.uk/ontology/admingeo/District,Kent,http://data.ordnancesurvey.co.uk/id/7000000000018210,http://data.ordnancesurvey.co.uk/ontology/admingeo/County,South East,http://data.ordnancesurvey.co.uk/id/7000000000041421,England,http://data.ordnancesurvey.co.uk/id/country/england,,,
CT202LZ,http://data.ordnancesurvey.co.uk/id/postcodeunit/CT202LZ,CT20 2LZ,,,,other,Postcode,621687,136194,3500,18000,,,,,,,Folkestone,http://data.ordnancesurvey.co.uk/id/4000000074566736,http://www.ordnancesurvey.co.uk/xml/codelists/localtype.xml#town,Folkestone and Hythe,http://data.ordnancesurvey.co.uk/id/7000000000018085,http://data.ordnancesurvey.co.uk/ontology/admingeo/District,Kent,http://data.ordnancesurvey.co.uk/id/7000000000018210,http://data.ordnancesurvey.co.uk/ontology/admingeo/County,South East,http://data.ordnancesurvey.co.uk/id/7000000000041421,England,http://data.ordnancesurvey.co.uk/id/country/england,,,
CT202SN,http://data.ordnancesurvey.co.uk/id/postcodeunit/CT202SN,CT20 2SN,,,,other,Postcode,622274,135886,3500,18000,,,,,,,Folkestone,http://data.ordnancesurvey.co.uk/id/4000000074566736,http://www.ordnancesurvey.co.uk/xml/codelists/localtype.xml#town,Folkestone and Hythe,http://data.ordnancesurvey.co.uk/id/7000000000018085,http://data.ordnancesurvey.co.uk/ontology/admingeo/District,Kent,http://data.ordnancesurvey.co.uk/id/7000000000018210,http://data.ordnancesurvey.co.uk/ontology/admingeo/County,South East,http://data.ordnancesurvey.co.uk/id/7000000000041421,England,http://data.ordnancesurvey.co.uk/id/country/england,,,
CT202EQ,http://data.ordnancesurvey.co.uk/id/postcodeunit/CT202EQ,CT20 2EQ,,,,other,Postcode,621669,136184,3500,18000,,,,,,,Folkestone,http://data.ordnancesurvey.co.uk/id/4000000074566736,http://www.ordnancesurvey.co.uk/xml/codelists/localtype.xml#town,Folkestone and Hythe,http://data.ordnancesurvey.co.uk/id/7000000000018085,http://data.ordnancesurvey.co.uk/ontology/admingeo/District,Kent,http://data.ordnancesurvey.co.uk/id/7000000000018210,http://data.ordnancesurvey.co.uk/ontology/admingeo/County,South East,http://data.ordnancesurvey.co.uk/id/7000000000041421,England,http://data.ordnancesurvey.co.uk/id/country/england,,,
CT194DW,http://data.ordnancesurvey.co.uk/id/postcodeunit/CT194DW,CT19 4DW,,,,other,Postcode,620896,136631,3500,18000,,,,,,,Folkestone,http://data.ordnancesurvey.co.uk/id/4000000074566736,http://www.ordnancesurvey.co.uk/xml/codelists/localtype.xml#town,Folkestone and Hythe,http://data.ordnancesurvey.co.uk/id/7000000000018085,http://data.ordnancesurvey.co.uk/ontology/admingeo/District,Kent,http://data.ordnancesurvey.co.uk/id/7000000000018210,http://data.ordnancesurvey.co.uk/ontology/admingeo/County,South East,http://data.ordnancesurvey.co.uk/id/7000000000041421,England,http://data.ordnancesurvey.co.uk/id/country/england,,,
CT187QH,http://data.ordnancesurvey.co.uk/id/postcodeunit/CT187QH,CT18 7QH,,,,other,Postcode,621466,139805,3500,18000,,,,,,,Hawkinge,http://data.ordnancesurvey.co.uk/id/4000000074566747,http://www.ordnancesurvey.co.uk/xml/codelists/localtype.xml#village,Folkestone and Hythe,http://data.ordnancesurvey.co.uk/id/7000000000018085,http://data.ordnancesurvey.co.uk/ontology/admingeo/District,Kent,http://data.ordnancesurvey.co.uk/id/7000000000018210,http://data.ordnancesurvey.co.uk/ontology/admingeo/County,South East,http://data.ordnancesurvey.co.uk/id/7000000000041421,England,http://data.ordnancesurvey.co.uk/id/country/england,,,
CT196AU,http://data.ordnancesurvey.co.uk/id/postcodeunit/CT196AU,CT19 6AU,,,,other,Postcode,623609,136363,3500,18000,,,,,,,Folkestone,http://data.ordnancesurvey.co.uk/id/4000000074566736,http://www.ordnancesurvey.co.uk/xml/codelists/localtype.xml#town,Folkestone and Hythe,http://data.ordnancesurvey.co.uk/id/7000000000018085,http://data.ordnancesurvey.co.uk/ontology/admingeo/District,Kent,http://data.ordnancesurvey.co.uk/id/7000000000018210,http://data.ordnancesurvey.co.uk/ontology/admingeo/County,South East,http://data.ordnancesurvey.co.uk/id/7000000000041421,England,http://data.ordnancesurvey.co.uk/id/country/england,,,
CT194AP,http://data.ordnancesurvey.co.uk/id/postcodeunit/CT194AP,CT19 4AP,,,,other,Postcode,621017,137354,3500,18000,,,,,,,Folkestone,http://data.ordnancesurvey.co.uk/id/4000000074566736,http://www.ordnancesurvey.co.uk/xml/codelists/localtype.xml#town,Folkestone and Hythe,http://data.ordnancesurvey.co.uk/id/7000000000018085,http://data.ordnancesurvey.co.uk/ontology/admingeo/District,Kent,http://data.ordnancesurvey.co.uk/id/7000000000018210,http://data.ordnancesurvey.co.uk/ontology/admingeo/County,South East,http://data.ordnancesurvey.co.uk/id/7000000000041421,England,http://data.ordnancesurvey.co.uk/id/country/england,,,
CT187TU,http://data.ordnancesurvey.co.uk/id/postcodeunit/CT187TU,CT18 7TU,,,,other,Postcode,621389,139349,3500,18000,,,,,,,Hawkinge,http://data.ordnancesurvey.co.uk/id/4000000074566747,http://www.ordnancesurvey.co.uk/xml/codelists/localtype.xml#village,Folkestone and Hythe,http://data.ordnancesurvey.co.uk/id/7000000000018085,http://data.ordnancesurvey.co.uk/ontology/admingeo/District,Kent,http://data.ordnancesurvey.co.uk/id/7000000000018210,http://data.ordnancesurvey.co.uk/ontology/admingeo/County,South East,http://data.ordnancesurvey.co.uk/id/7000000000041421,England,http://data.ordnancesurvey.co.uk/id/country/england,,,
CT194AQ,http://data.ordnancesurvey.co.uk/id/postcodeunit/CT194AQ,CT19 4AQ,,,,other,Postcode,620768,137182,3500,18000,,,,,,,Folkestone,http://data.ordnancesurvey.co.uk/id/4000000074566736,http://www.ordnancesurvey.co.uk/xml/codelists/localtype.xml#town,Folkestone and Hythe,http://data.ordnancesurvey.co.uk/id/7000000000018085,http://data.ordnancesurvey.co.uk/ontology/admingeo/District,Kent,http://data.ordnancesurvey.co.uk/id/7000000000018210,http://data.ordnancesurvey.co.uk/ontology/admingeo/County,South East,http://data.ordnancesurvey.co.uk/id/7000000000041421,England,http://data.ordnancesurvey.co.uk/id/country/england,,,
CT187TF,http://data.ordnancesurvey.co.uk/id/postcodeunit/CT187TF,CT18 7TF,,,,other,Postcode,620937,139325,3500,18000,,,,,,,Hawkinge,http://data.ordnancesurvey.co.uk/id/4000000074566747,http://www.ordnancesurvey.co.uk/xml/codelists/localtype.xml#village,Folkestone and Hythe,http://data.ordnancesurvey.co.uk/id/7000000000018085,http://data.ordnancesurvey.co.uk/ontology/admingeo/District,Kent,http://data.ordnancesurvey.co.uk/id/7000000000018210,http://data.ordnancesurvey.co.uk/ontology/admingeo/County,South East,http://data.ordnancesurvey.co.uk/id/7000000000041421,England,http://data.ordnancesurvey.co.uk/id/country/england,,,
CT201EP,http://data.ordnancesurvey.co.uk/id/postcodeunit/CT201EP,CT20 1EP,,,,other,Postcode,622449,136160,3500,18000,,,,,,,Folkestone,http://data.ordnancesurvey.co.uk/id/4000000074566736,http://www.ordnancesurvey.co.uk/xml/codelists/localtype.xml#town,Folkestone and Hythe,http://data.ordnancesurvey.co.uk/id/7000000000018085,http://data.ordnancesurvey.co.uk/ontology/admingeo/District,Kent,http://data.ordnancesurvey.co.uk/id/7000000000018210,http://data.ordnancesurvey.co.uk/ontology/admingeo/County,South East,http://data.ordnancesurvey.co.uk/id/7000000000041421,England,http://data.ordnancesurvey.co.uk/id/country/england,,,
CT201GX,http://data.ordnancesurvey.co.uk/id/postcodeunit/CT201GX,CT20 1GX,,,,other,Postcode,622863,136273,3500,18000,,,,,,,Folkestone,http://data.ordnancesurvey.co.uk/id/4000000074566736,http://www.ordnancesurvey.co.uk/xml/codelists/localtype.xml#town,Folkestone and Hythe,http://data.ordnancesurvey.co.uk/id/7000000000018085,http://data.ordnancesurvey.co.uk/ontology/admingeo/District,Kent,http://data.ordnancesurvey.co.uk/id/7000000000018210,http://data.ordnancesurvey.co.uk/ontology/admingeo/County,South East,http://data.ordnancesurvey.co.uk/id/7000000000041421,England,http://data.ordnancesurvey.co.uk/id/country/england,,,
CT195RF,http://data.ordnancesurvey.co.uk/id/postcodeunit/CT195RF,CT19 5RF,,,,other,Postcode,622609,136835,3500,18000,,,,,,,Folkestone,http://data.ordnancesurvey.co.uk/id/4000000074566736,http://www.ordnancesurvey.co.uk/xml/codelists/localtype.xml#town,Folkestone and Hythe,http://data.ordnancesurvey.co.uk/id/7000000000018085,http://data.ordnancesurvey.co.uk/ontology/admingeo/District,Kent,http://data.ordnancesurvey.co.uk/id/7000000000018210,http://data.ordnancesurvey.co.uk/ontology/admingeo/County,South East,http://data.ordnancesurvey.co.uk/id/7000000000041421,England,http://data.ordnancesurvey.co.uk/id/country/england,,,
CT179FL,http://data.ordnancesurvey.co.uk/id/postcodeunit/CT179FL,CT17 9FL,,,,other,Postcode,629382,139119,3500,18000,,,,,,,,,,Dover,http://data.ordnancesurvey.co.uk/id/7000000000017977,http://data.ordnancesurvey.co.uk/ontology/admingeo/District,Kent,http://data.ordnancesurvey.co.uk/id/7000000000018210,http://data.ordnancesurvey.co.uk/ontology/admingeo/County,South East,http://data.ordnancesurvey.co.uk/id/7000000000041421,England,http://data.ordnancesurvey.co.uk/id/country/england,,,
CT501ZY,http://data.ordnancesurvey.co.uk/id/postcodeunit/CT501ZY,CT50 1ZY,,,,other,Postcode,620692,135426,3500,18000,,,,,,,Folkestone,http://data.ordnancesurvey.co.uk/id/4000000074566736,http://www.ordnancesurvey.co.uk/xml/codelists/localtype.xml#town,Folkestone and Hythe,http://data.ordnancesurvey.co.uk/id/7000000000018085,http://data.ordnancesurvey.co.uk/ontology/admingeo/District,Kent,http://data.ordnancesurvey.co.uk/id/7000000000018210,http://data.ordnancesurvey.co.uk/ontology/admingeo/County,South East,http://data.ordnancesurvey.co.uk/id/7000000000041421,England,http://data.ordnancesurvey.co.uk/id/country/england,,,
CT195QW,http://data.ordnancesurvey.co.uk/id/postcodeunit/CT195QW,CT19 5QW,,,,other,Postcode,622644,136704,3500,18000,,,,,,,Folkestone,http://data.ordnancesurvey.co.uk/id/4000000074566736,http://www.ordnancesurvey.co.uk/xml/codelists/localtype.xml#town,Folkestone and Hythe,http://data.ordnancesurvey.co.uk/id/7000000000018085,http://data.ordnancesurvey.co.uk/ontology/admingeo/District,Kent,http://data.ordnancesurvey.co.uk/id/7000000000018210,http://data.ordnancesurvey.co.uk/ontology/admingeo/County,South East,http://data.ordnancesurvey.co.uk/id/7000000000041421,England,http://data.ordnancesurvey.co.uk/id/country/england,,,
CT194HF,http://data.ordnancesurvey.co.uk/id/postcodeunit/CT194HF,CT19 4HF,,,,other,Postcode,620054,136776,3500,18000,,,,,,,Folkestone,http://data.ordnancesurvey.co.uk/id/4000000074566736,http://www.ordnancesurvey.co.uk/xml/codelists/localtype.xml#town,Folkestone and Hythe,http://data.ordnancesurvey.co.uk/id/7000000000018085,http://data.ordnancesurvey.co.uk/ontology/admingeo/District,Kent,http://data.ordnancesurvey.co.uk/id/7000000000018210,http://data.ordnancesurvey.co.uk/ontology/admingeo/County,South East,http://data.ordnancesurvey.co.uk/id/7000000000041421,England,http://data.ordnancesurvey.co.uk/id/country/england,,,
CT187QJ,http://data.ordnancesurvey.co.uk/id/postcodeunit/CT187QJ,CT18 7QJ,,,,other,Postcode,620768,139433,3500,18000,,,,,,,Hawkinge,http://data.ordnancesurvey.co.uk/id/4000000074566747,http://www.ordnancesurvey.co.uk/xml/codelists/localtype.xml#village,Folkestone and Hythe,http://data.ordnancesurvey.co.uk/id/7000000000018085,http://data.ordnancesurvey.co.uk/ontology/admingeo/District,Kent,http://data.ordnancesurvey.co.uk/id/7000000000018210,http://data.ordnancesurvey.co.uk/ontology/admingeo/County,South East,http://data.ordnancesurvey.co.uk/id/7000000000041421,England,http://data.ordnancesurvey.co.uk/id/country/england,,,
CT203UJ,http://data.ordnancesurvey.co.uk/id/postcodeunit/CT203UJ,CT20 3UJ,,,,other,Postcode,620132,135997,3500,18000,,,,,,,Folkestone,http://data.ordnancesurvey.co.uk/id/4000000074566736,http://www.ordnancesurvey.co.uk/xml/codelists/localtype.xml#town,Folkestone and Hythe,http://data.ordnancesurvey.co.uk/id/7000000000018085,http://data.ordnancesurvey.co.uk/ontology/admingeo/District,Kent,http://data.ordnancesurvey.co.uk/id/7000000000018210,http://data.ordnancesurvey.co.uk/ontology/admingeo/County,South East,http://data.ordnancesurvey.co.uk/id/7000000000041421,England,http://data.ordnancesurvey.co.uk/id/country/england,,,
CT196JW,http://data.ordnancesurvey.co.uk/id/postcodeunit/CT196JW,CT19 6JW,,,,other,Postcode,623304,137225,3500,18000,,,,,,,Folkestone,http://data.ordnancesurvey.co.uk/id/4000000074566736,http://www.ordnancesurvey.co.uk/xml/codelists/localtype.xml#town,Folkestone and Hythe,http://data.ordnancesurvey.co.uk/id/7000000000018085,http://data.ordnancesurvey.co.uk/ontology/admingeo/District,Kent,http://data.ordnancesurvey.co.uk/id/7000000000018210,http://data.ordnancesurvey.co.uk/ontology/admingeo/County,South East,http://data.ordnancesurvey.co.uk/id/7000000000041421,England,http://data.ordnancesurvey.co.uk/id/country/england,,,
CT202BL,http://data.ordnancesurvey.co.uk/id/postcodeunit/CT202BL,CT20 2BL,,,,other,Postcode,622550,135724,3500,18000,,,,,,,Folkestone,http://data.ordnancesurvey.co.uk/id/4000000074566736,http://www.ordnancesurvey.co.uk/xml/codelists/localtype.xml#town,Folkestone and Hythe,http://data.ordnancesurvey.co.uk/id/7000000000018085,http://data.ordnancesurvey.co.uk/ontology/admingeo/District,Kent,http://data.ordnancesurvey.co.uk/id/7000000000018210,http://data.ordnancesurvey.co.uk/ontology/admingeo/County,South East,http://data.ordnancesurvey.co.uk/id/7000000000041421,England,http://data.ordnancesurvey.co.uk/id/country/england,,,
CT203NN,http://data.ordnancesurvey.co.uk/id/postcodeunit/CT203NN,CT20 3NN,,,,other,Postcode,620581,135962,3500,18000,,,,,,,Folkestone,http://data.ordnancesurvey.co.uk/id/4000000074566736,http://www.ordnancesurvey.co.uk/xml/codelists/localtype.xml#town,Folkestone and Hythe,http://data.ordnancesurvey.co.uk/id/7000000000018085,http://data.ordnancesurvey.co.uk/ontology/admingeo/District,Kent,http://data.ordnancesurvey.co.uk/id/7000000000018210,http://data.ordnancesurvey.co.uk/ontology/admingeo/County,South East,http://data.ordnancesurvey.co.uk/id/7000000000041421,England,http://data.ordnancesurvey.co.uk/id/country/england,,,
CT201RA,http://data.ordnancesurvey.co.uk/id/postcodeunit/CT201RA,CT20 1RA,,,,other,Postcode,623263,136325,3500,18000,,,,,,,Folkestone,http://data.ordnancesurvey.co.uk/id/4000000074566736,http://www.ordnancesurvey.co.uk/xml/codelists/localtype.xml#town,Folkestone and Hythe,http://data.ordnancesurvey.co.uk/id/7000000000018085,http://data.ordnancesurvey.co.uk/ontology/admingeo/District,Kent,http://data.ordnancesurvey.co.uk/id/7000000000018210,http://data.ordnancesurvey.co.uk/ontology/admingeo/County,South East,http://data.ordnancesurvey.co.uk/id/7000000000041421,England,http://data.ordnancesurvey.co.uk/id/country/england,,,
CT501AN,http://data.ordnancesurvey.co.uk/id/postcodeunit/CT501AN,CT50 1AN,,,,other,Postcode,620132,135989,3500,18000,,,,,,,Folkestone,http://data.ordnancesurvey.co.uk/id/4000000074566736,http://www.ordnancesurvey.co.uk/xml/codelists/localtype.xml#town,Folkestone and Hythe,http://data.ordnancesurvey.co.uk/id/7000000000018085,http://data.ordnancesurvey.co.uk/ontology/admingeo/District,Kent,http://data.ordnancesurvey.co.uk/id/7000000000018210,http://data.ordnancesurvey.co.uk/ontology/admingeo/County,South East,http://data.ordnancesurvey.co.uk/id/7000000000041421,England,http://data.ordnancesurvey.co.uk/id/country/england,,,
CT195HL,http://data.ordnancesurvey.co.uk/id/postcodeunit/CT195HL,CT19 5HL,,,,other,Postcode,622037,136640,3500,18000,,,,,,,Folkestone,http://data.ordnancesurvey.co.uk/id/4000000074566736,http://www.ordnancesurvey.co.uk/xml/codelists/localtype.xml#town,Folkestone and Hythe,http://data.ordnancesurvey.co.uk/id/7000000000018085,http://data.ordnancesurvey.co.uk/ontology/admingeo/District,Kent,http://data.ordnancesurvey.co.uk/id/7000000000018210,http://data.ordnancesurvey.co.uk/ontology/admingeo/County,South East,http://data.ordnancesurvey.co.uk/id/7000000000041421,England,http://data.ordnancesurvey.co.uk/id/country/england,,,
CT202NF,http://data.ordnancesurvey.co.uk/id/postcodeunit/CT202NF,CT20 2NF,,,,other,Postcode,621620,136036,3500,18000,,,,,,,Folkestone,http://data.ordnancesurvey.co.uk/id/4000000074566736,http://www.ordnancesurvey.co.uk/xml/codelists/localtype.xml#town,Folkestone and Hythe,http://data.ordnancesurvey.co.uk/id/7000000000018085,http://data.ordnancesurvey.co.uk/ontology/admingeo/District,Kent,http://data.ordnancesurvey.co.uk/id/7000000000018210,http://data.ordnancesurvey.co.uk/ontology/admingeo/County,South East,http://data.ordnancesurvey.co.uk/id/7000000000041421,England,http://data.ordnancesurvey.co.uk/id/country/england,,,
CT195AZ,http://data.ordnancesurvey.co.uk/id/postcodeunit/CT195AZ,CT19 5AZ,,,,other,Postcode,622383,136542,3500,18000,,,,,,,Folkestone,http://data.ordnancesurvey.co.uk/id/4000000074566736,http://www.ordnancesurvey.co.uk/xml/codelists/localtype.xml#town,Folkestone and Hythe,http://data.ordnancesurvey.co.uk/id/7000000000018085,http://data.ordnancesurvey.co.uk/ontology/admingeo/District,Kent,http://data.ordnancesurvey.co.uk/id/7000000000018210,http://data.ordnancesurvey.co.uk/ontology/admingeo/County,South East,http://data.ordnancesurvey.co.uk/id/7000000000041421,England,http://data.ordnancesurvey.co.uk/id/country/england,,,
CT195WP,http://data.ordnancesurvey.co.uk/id/postcodeunit/CT195WP,CT19 5WP,,,,other,Postcode,621735,136886,3500,18000,,,,,,,Folkestone,http://data.ordnancesurvey.co.uk/id/4000000074566736,http://www.ordnancesurvey.co.uk/xml/codelists/localtype.xml#town,Folkestone and Hythe,http://data.ordnancesurvey.co.uk/id/7000000000018085,http://data.ordnancesurvey.co.uk/ontology/admingeo/District,Kent,http://data.ordnancesurvey.co.uk/id/7000000000018210,http://data.ordnancesurvey.co.uk/ontology/admingeo/County,South East,http://data.ordnancesurvey.co.uk/id/7000000000041421,England,http://data.ordnancesurvey.co.uk/id/country/england,,,
CT202QF,http://data.ordnancesurvey.co.uk/id/postcodeunit/CT202QF,CT20 2QF,,,,other,Postcode,621481,135586,3500,18000,,,,,,,Folkestone,http://data.ordnancesurvey.co.uk/id/4000000074566736,http://www.ordnancesurvey.co.uk/xml/codelists/localtype.xml#town,Folkestone and Hythe,http://data.ordnancesurvey.co.uk/id/7000000000018085,http://data.ordnancesurvey.co.uk/ontology/admingeo/District,Kent,http://data.ordnancesurvey.co.uk/id/7000000000018210,http://data.ordnancesurvey.co.uk/ontology/admingeo/County,South East,http://data.ordnancesurvey.co.uk/id/7000000000041421,England,http://data.ordnancesurvey.co.uk/id/country/england,,,
CT203HD,http://data.ordnancesurvey.co.uk/id/postcodeunit/CT203HD,CT20 3HD,,,,other,Postcode,620716,136248,3500,18000,,,,,,,Folkestone,http://data.ordnancesurvey.co.uk/id/4000000074566736,http://www.ordnancesurvey.co.uk/xml/codelists/localtype.xml#town,Folkestone and Hythe,http://data.ordnancesurvey.co.uk/id/7000000000018085,http://data.ordnancesurvey.co.uk/ontology/admingeo/District,Kent,http://data.ordnancesurvey.co.uk/id/7000000000018210,http://data.ordnancesurvey.co.uk/ontology/admingeo/County,South East,http://data.ordnancesurvey.co.uk/id/7000000000041421,England,http://data.ordnancesurvey.co.uk/id/country/england,,,
CT194AU,http://data.ordnancesurvey.co.uk/id/postcodeunit/CT194AU,CT19 4AU,,,,other,Postcode,620974,136537,3500,18000,,,,,,,Folkestone,http://data.ordnancesurvey.co.uk/id/4000000074566736,http://www.ordnancesurvey.co.uk/xml/codelists/localtype.xml#town,Folkestone and Hythe,http://data.ordnancesurvey.co.uk/id/7000000000018085,http://data.ordnancesurvey.co.uk/ontology/admingeo/District,Kent,http://data.ordnancesurvey.co.uk/id/7000000000018210,http://data.ordnancesurvey.co.uk/ontology/admingeo/County,South East,http://data.ordnancesurvey.co.uk/id/7000000000041421,England,http://data.ordnancesurvey.co.uk/id/country/england,,,
CT187FD,http://data.ordnancesurvey.co.uk/id/postcodeunit/CT187FD,CT18 7FD,,,,other,Postcode,621125,139831,3500,18000,,,,,,,Hawkinge,http://data.ordnancesurvey.co.uk/id/4000000074566747,http://www.ordnancesurvey.co.uk/xml/codelists/localtype.xml#village,Folkestone and Hythe,http://data.ordnancesurvey.co.uk/id/7000000000018085,http://data.ordnancesurvey.co.uk/ontology/admingeo/District,Kent,http://data.ordnancesurvey.co.uk/id/7000000000018210,http://data.ordnancesurvey.co.uk/ontology/admingeo/County,South East,http://data.ordnancesurvey.co.uk/id/7000000000041421,England,http://data.ordnancesurvey.co.uk/id/country/england,,,
CT202JP,http://data.ordnancesurvey.co.uk/id/postcodeunit/CT202JP,CT20 2JP,,,,other,Postcode,622137,135312,3500,18000,,,,,,,Folkestone,http://data.ordnancesurvey.co.uk/id/4000000074566736,http://www.ordnancesurvey.co.uk/xml/codelists/localtype.xml#town,Folkestone and Hythe,http://data.ordnancesurvey.co.uk/id/7000000000018085,http://data.ordnancesurvey.co.uk/ontology/admingeo/District,Kent,http://data.ordnancesurvey.co.uk/id/7000000000018210,http://data.ordnancesurvey.co.uk/ontology/admingeo/County,South East,http://data.ordnancesurvey.co.uk/id/7000000000041421,England,http://data.ordnancesurvey.co.uk/id/country/england,,,
CT201EU,http://data.ordnancesurvey.co.uk/id/postcodeunit/CT201EU,CT20 1EU,,,,other,Postcode,622539,136001,3500,18000,,,,,,,Folkestone,http://data.ordnancesurvey.co.uk/id/4000000074566736,http://www.ordnancesurvey.co.uk/xml/codelists/localtype.xml#town,Folkestone and Hythe,http://data.ordnancesurvey.co.uk/id/7000000000018085,http://data.ordnancesurvey.co.uk/ontology/admingeo/District,Kent,http://data.ordnancesurvey.co.uk/id/7000000000018210,http://data.ordnancesurvey.co.uk/ontology/admingeo/County,South East,http://data.ordnancesurvey.co.uk/id/7000000000041421,England,http://data.ordnancesurvey.co.uk/id/country/england,,,
CT196PQ,http://data.ordnancesurvey.co.uk/id/postcodeunit/CT196PQ,CT19 6PQ,,,,other,Postcode,623620,137158,3500,18000,,,,,,,Folkestone,http://data.ordnancesurvey.co.uk/id/4000000074566736,http://www.ordnancesurvey.co.uk/xml/codelists/localtype.xml#town,Folkestone and Hythe,http://data.ordnancesurvey.co.uk/id/7000000000018085,http://data.ordnancesurvey.co.uk/ontology/admingeo/District,Kent,http://data.ordnancesurvey.co.uk/id/7000000000018210,http://data.ordnancesurvey.co.uk/ontology/admingeo/County,South East,http://data.ordnancesurvey.co.uk/id/7000000000041421,England,http://data.ordnancesurvey.co.uk/id/country/england,,,
CT196ND,http://data.ordnancesurvey.co.uk/id/postcodeunit/CT196ND,CT19 6ND,,,,other,Postcode,623347,137581,3500,18000,,,,,,,Folkestone,http://data.ordnancesurvey.co.uk/id/4000000074566736,http://www.ordnancesurvey.co.uk/xml/codelists/localtype.xml#town,Folkestone and Hythe,http://data.ordnancesurvey.co.uk/id/7000000000018085,http://data.ordnancesurvey.co.uk/ontology/admingeo/District,Kent,http://data.ordnancesurvey.co.uk/id/7000000000018210,http://data.ordnancesurvey.co.uk/ontology/admingeo/County,South East,http://data.ordnancesurvey.co.uk/id/7000000000041421,England,http://data.ordnancesurvey.co.uk/id/country/england,,,
CT201EY,http://data.ordnancesurvey.co.uk/id/postcodeunit/CT201EY,CT20 1EY,,,,other,Postcode,622923,136046,3500,18000,,,,,,,Folkestone,http://data.ordnancesurvey.co.uk/id/4000000074566736,http://www.ordnancesurvey.co.uk/xml/codelists/localtype.xml#town,Folkestone and Hythe,http://data.ordnancesurvey.co.uk/id/7000000000018085,http://data.ordnancesurvey.co.uk/ontology/admingeo/District,Kent,http://data.ordnancesurvey.co.uk/id/7000000000018210,http://data.ordnancesurvey.co.uk/ontology/admingeo/County,South East,http://data.ordnancesurvey.co.uk/id/7000000000041421,England,http://data.ordnancesurvey.co.uk/id/country/england,,,
CT187NW,http://data.ordnancesurvey.co.uk/id/postcodeunit/CT187NW,CT18 7NW,,,,other,Postcode,621222,139759,3500,18000,,,,,,,Hawkinge,http://data.ordnancesurvey.co.uk/id/4000000074566747,http://www.ordnancesurvey.co.uk/xml/codelists/localtype.xml#village,Folkestone and Hythe,http://data.ordnancesurvey.co.uk/id/7000000000018085,http://data.ordnancesurvey.co.uk/ontology/admingeo/District,Kent,http://data.ordnancesurvey.co.uk/id/7000000000018210,http://data.ordnancesurvey.co.uk/ontology/admingeo/County,South East,http://data.ordnancesurvey.co.uk/id/7000000000041421,England,http://data.ordnancesurvey.co.uk/id/country/england,,,
CT187QB,http://data.ordnancesurvey.co.uk/id/postcodeunit/CT187QB,CT18 7QB,,,,other,Postcode,621940,139695,3500,18000,,,,,,,Hawkinge,http://data.ordnancesurvey.co.uk/id/4000000074566747,http://www.ordnancesurvey.co.uk/xml/codelists/localtype.xml#village,Folkestone and Hythe,http://data.ordnancesurvey.co.uk/id/7000000000018085,http://data.ordnancesurvey.co.uk/ontology/admingeo/District,Kent,http://data.ordnancesurvey.co.uk/id/7000000000018210,http://data.ordnancesurvey.co.uk/ontology/admingeo/County,South East,http://data.ordnancesurvey.co.uk/id/7000000000041421,England,http://data.ordnancesurvey.co.uk/id/country/england,,,
CT202EB,http://data.ordnancesurvey.co.uk/id/postcodeunit/CT202EB,CT20 2EB,,,,other,Postcode,622295,135573,3500,18000,,,,,,,Folkestone,http://data.ordnancesurvey.co.uk/id/4000000074566736,http://www.ordnancesurvey.co.uk/xml/codelists/localtype.xml#town,Folkestone and Hythe,http://data.ordnancesurvey.co.uk/id/7000000000018085,http://data.ordnancesurvey.co.uk/ontology/admingeo/District,Kent,http://data.ordnancesurvey.co.uk/id/7000000000018210,http://data.ordnancesurvey.co.uk/ontology/admingeo/County,South East,http://data.ordnancesurvey.co.uk/id/7000000000041421,England,http://data.ordnancesurvey.co.uk/id/country/england,,,
CT187NU,http://data.ordnancesurvey.co.uk/id/postcodeunit/CT187NU,CT18 7NU,,,,other,Postcode,621214,139684,3500,18000,,,,,,,Hawkinge,http://data.ordnancesurvey.co.uk/id/4000000074566747,http://www.ordnancesurvey.co.uk/xml/codelists/localtype.xml#village,Folkestone and Hythe,http://data.ordnancesurvey.co.uk/id/7000000000018085,http://data.ordnancesurvey.co.uk/ontology/admingeo/District,Kent,http://data.ordnancesurvey.co.uk/id/7000000000018210,http://data.ordnancesurvey.co.uk/ontology/admingeo/County,South East,http://data.ordnancesurvey.co.uk/id/7000000000041421,England,http://data.ordnancesurvey.co.uk/id/country/england,,,
CT179HG,http://data.ordnancesurvey.co.uk/id/postcodeunit/CT179HG,CT17 9HG,,,,other,Postcode,630280,139851,3500,18000,,,,,,,Dover,http://data.ordnancesurvey.co.uk/id/4000000074568379,http://www.ordnancesurvey.co.uk/xml/codelists/localtype.xml#town,Dover,http://data.ordnancesurvey.co.uk/id/7000000000017977,http://data.ordnancesurvey.co.uk/ontology/admingeo/District,Kent,http://data.ordnancesurvey.co.uk/id/7000000000018210,http://data.ordnancesurvey.co.uk/ontology/admingeo/County,South East,http://data.ordnancesurvey.co.uk/id/7000000000041421,England,http://data.ordnancesurvey.co.uk/id/country/england,,,
CT195LY,http://data.ordnancesurvey.co.uk/id/postcodeunit/CT195LY,CT19 5LY,,,,other,Postcode,621309,137398,3500,18000,,,,,,,Folkestone,http://data.ordnancesurvey.co.uk/id/4000000074566736,http://www.ordnancesurvey.co.uk/xml/codelists/localtype.xml#town,Folkestone and Hythe,http://data.ordnancesurvey.co.uk/id/7000000000018085,http://data.ordnancesurvey.co.uk/ontology/admingeo/District,Kent,http://data.ordnancesurvey.co.uk/id/7000000000018210,http://data.ordnancesurvey.co.uk/ontology/admingeo/County,South East,http://data.ordnancesurvey.co.uk/id/7000000000041421,England,http://data.ordnancesurvey.co.uk/id/country/england,,,
CT196BB,http://data.ordnancesurvey.co.uk/id/postcodeunit/CT196BB,CT19 6BB,,,,other,Postcode,623695,136559,3500,18000,,,,,,,Folkestone,http://data.ordnancesurvey.co.uk/id/4000000074566736,http://www.ordnancesurvey.co.uk/xml/codelists/localtype.xml#town,Folkestone and Hythe,http://data.ordnancesurvey.co.uk/id/7000000000018085,http://data.ordnancesurvey.co.uk/ontology/admingeo/District,Kent,http://data.ordnancesurvey.co.uk/id/7000000000018210,http://data.ordnancesurvey.co.uk/ontology/admingeo/County,South East,http://data.ordnancesurvey.co.uk/id/7000000000041421,England,http://data.ordnancesurvey.co.uk/id/country/england,,,
CT203YY,http://data.ordnancesurvey.co.uk/id/postcodeunit/CT203YY,CT20 3YY,,,,other,Postcode,620691,135426,3500,18000,,,,,,,Folkestone,http://data.ordnancesurvey.co.uk/id/4000000074566736,http://www.ordnancesurvey.co.uk/xml/codelists/localtype.xml#town,Folkestone and Hythe,http://data.ordnancesurvey.co.uk/id/7000000000018085,http://data.ordnancesurvey.co.uk/ontology/admingeo/District,Kent,http://data.ordnancesurvey.co.uk/id/7000000000018210,http://data.ordnancesurvey.co.uk/ontology/admingeo/County,South East,http://data.ordnancesurvey.co.uk/id/7000000000041421,England,http://data.ordnancesurvey.co.uk/id/country/england,,,
CT187JE,http://data.ordnancesurvey.co.uk/id/postcodeunit/CT187JE,CT18 7JE,,,,other,Postcode,625624,138829,3500,18000,,,,,,,Capel-le-Ferne,http://data.ordnancesurvey.co.uk/id/4000000074568384,http://www.ordnancesurvey.co.uk/xml/codelists/localtype.xml#village,Dover,http://data.ordnancesurvey.co.uk/id/7000000000017977,http://data.ordnancesurvey.co.uk/ontology/admingeo/District,Kent,http://data.ordnancesurvey.co.uk/id/7000000000018210,http://data.ordnancesurvey.co.uk/ontology/admingeo/County,South East,http://data.ordnancesurvey.co.uk/id/7000000000041421,England,http://data.ordnancesurvey.co.uk/id/country/england,,,
CT196NT,http://data.ordnancesurvey.co.uk/id/postcodeunit/CT196NT,CT19 6NT,,,,other,Postcode,623464,137208,3500,18000,,,,,,,Folkestone,http://data.ordnancesurvey.co.uk/id/4000000074566736,http://www.ordnancesurvey.co.uk/xml/codelists/localtype.xml#town,Folkestone and Hythe,http://data.ordnancesurvey.co.uk/id/7000000000018085,http://data.ordnancesurvey.co.uk/ontology/admingeo/District,Kent,http://data.ordnancesurvey.co.uk/id/7000000000018210,http://data.ordnancesurvey.co.uk/ontology/admingeo/County,South East,http://data.ordnancesurvey.co.uk/id/7000000000041421,England,http://data.ordnancesurvey.co.uk/id/country/england,,,
CT194PB,http://data.ordnancesurvey.co.uk/id/postcodeunit/CT194PB,CT19 4PB,,,,other,Postcode,620523,137192,3500,18000,,,,,,,Folkestone,http://data.ordnancesurvey.co.uk/id/4000000074566736,http://www.ordnancesurvey.co.uk/xml/codelists/localtype.xml#town,Folkestone and Hythe,http://data.ordnancesurvey.co.uk/id/7000000000018085,http://data.ordnancesurvey.co.uk/ontology/admingeo/District,Kent,http://data.ordnancesurvey.co.uk/id/7000000000018210,http://data.ordnancesurvey.co.uk/ontology/admingeo/County,South East,http://data.ordnancesurvey.co.uk/id/7000000000041421,England,http://data.ordnancesurvey.co.uk/id/country/england,,,
CT195NR,http://data.ordnancesurvey.co.uk/id/postcodeunit/CT195NR,CT19 5NR,,,,other,Postcode,622890,136992,3500,18000,,,,,,,Folkestone,http://data.ordnancesurvey.co.uk/id/4000000074566736,http://www.ordnancesurvey.co.uk/xml/codelists/localtype.xml#town,Folkestone and Hythe,http://data.ordnancesurvey.co.uk/id/7000000000018085,http://data.ordnancesurvey.co.uk/ontology/admingeo/District,Kent,http://data.ordnancesurvey.co.uk/id/7000000000018210,http://data.ordnancesurvey.co.uk/ontology/admingeo/County,South East,http://data.ordnancesurvey.co.uk/id/7000000000041421,England,http://data.ordnancesurvey.co.uk/id/country/england,,,
CT201QB,http://data.ordnancesurvey.co.uk/id/postcodeunit/CT201QB,CT20 1QB,,,,other,Postcode,623170,135809,3500,18000,,,,,,,Folkestone,http://data.ordnancesurvey.co.uk/id/4000000074566736,http://www.ordnancesurvey.co.uk/xml/codelists/localtype.xml#town,Folkestone and Hythe,http://data.ordnancesurvey.co.uk/id/7000000000018085,http://data.ordnancesurvey.co.uk/ontology/admingeo/District,Kent,http://data.ordnancesurvey.co.uk/id/7000000000018210,http://data.ordnancesurvey.co.uk/ontology/admingeo/County,South East,http://data.ordnancesurvey.co.uk/id/7000000000041421,England,http://data.ordnancesurvey.co.uk/id/country/england,,,
CT202JF,http://data.ordnancesurvey.co.uk/id/postcodeunit/CT202JF,CT20 2JF,,,,other,Postcode,621130,135493,3500,18000,,,,,,,Folkestone,http://data.ordnancesurvey.co.uk/id/4000000074566736,http://www.ordnancesurvey.co.uk/xml/codelists/localtype.xml#town,Folkestone and Hythe,http://data.ordnancesurvey.co.uk/id/7000000000018085,http://data.ordnancesurvey.co.uk/ontology/admingeo/District,Kent,http://data.ordnancesurvey.co.uk/id/7000000000018210,http://data.ordnancesurvey.co.uk/ontology/admingeo/County,South East,http://data.ordnancesurvey.co.uk/id/7000000000041421,England,http://data.ordnancesurvey.co.uk/id/country/england,,,
CT203RG,http://data.ordnancesurvey.co.uk/id/postcodeunit/CT203RG,CT20 3RG,,,,other,Postcode,620548,136039,3500,18000,,,,,,,Folkestone,http://data.ordnancesurvey.co.uk/id/4000000074566736,http://www.ordnancesurvey.co.uk/xml/codelists/localtype.xml#town,Folkestone and Hythe,http://data.ordnancesurvey.co.uk/id/7000000000018085,http://data.ordnancesurvey.co.uk/ontology/admingeo/District,Kent,http://data.ordnancesurvey.co.uk/id/7000000000018210,http://data.ordnancesurvey.co.uk/ontology/admingeo/County,South East,http://data.ordnancesurvey.co.uk/id/7000000000041421,England,http://data.ordnancesurvey.co.uk/id/country/england,,,
CT203NS,http://data.ordnancesurvey.co.uk/id/postcodeunit/CT203NS,CT20 3NS,,,,other,Postcode,620432,135729,3500,18000,,,,,,,Folkestone,http://data.ordnancesurvey.co.uk/id/4000000074566736,http://www.ordnancesurvey.co.uk/xml/codelists/localtype.xml#town,Folkestone and Hythe,http://data.ordnancesurvey.co.uk/id/7000000000018085,http://data.ordnancesurvey.co.uk/ontology/admingeo/District,Kent,http://data.ordnancesurvey.co.uk/id/7000000000018210,http://data.ordnancesurvey.co.uk/ontology/admingeo/County,South East,http://data.ordnancesurvey.co.uk/id/7000000000041421,England,http://data.ordnancesurvey.co.uk/id/country/england,,,
CT195LN,http://data.ordnancesurvey.co.uk/id/postcodeunit/CT195LN,CT19 5LN,,,,other,Postcode,621160,137294,3500,18000,,,,,,,Folkestone,http://data.ordnancesurvey.co.uk/id/4000000074566736,http://www.ordnancesurvey.co.uk/xml/codelists/localtype.xml#town,Folkestone and Hythe,http://data.ordnancesurvey.co.uk/id/7000000000018085,http://data.ordnancesurvey.co.uk/ontology/admingeo/District,Kent,http://data.ordnancesurvey.co.uk/id/7000000000018210,http://data.ordnancesurvey.co.uk/ontology/admingeo/County,South East,http://data.ordnancesurvey.co.uk/id/7000000000041421,England,http://data.ordnancesurvey.co.uk/id/country/england,,,
CT196BA,http://data.ordnancesurvey.co.uk/id/postcodeunit/CT196BA,CT19 6BA,,,,other,Postcode,623679,136632,3500,18000,,,,,,,Folkestone,http://data.ordnancesurvey.co.uk/id/4000000074566736,http://www.ordnancesurvey.co.uk/xml/codelists/localtype.xml#town,Folkestone and Hythe,http://data.ordnancesurvey.co.uk/id/7000000000018085,http://data.ordnancesurvey.co.uk/ontology/admingeo/District,Kent,http://data.ordnancesurvey.co.uk/id/7000000000018210,http://data.ordnancesurvey.co.uk/ontology/admingeo/County,South East,http://data.ordnancesurvey.co.uk/id/7000000000041421,England,http://data.ordnancesurvey.co.uk/id/country/england,,,
CT187FQ,http://data.ordnancesurvey.co.uk/id/postcodeunit/CT187FQ,CT18 7FQ,,,,other,Postcode,621666,139626,3500,18000,,,,,,,Hawkinge,http://data.ordnancesurvey.co.uk/id/4000000074566747,http://www.ordnancesurvey.co.uk/xml/codelists/localtype.xml#village,Folkestone and Hythe,http://data.ordnancesurvey.co.uk/id/7000000000018085,http://data.ordnancesurvey.co.uk/ontology/admingeo/District,Kent,http://data.ordnancesurvey.co.uk/id/7000000000018210,http://data.ordnancesurvey.co.uk/ontology/admingeo/County,South East,http://data.ordnancesurvey.co.uk/id/7000000000041421,England,http://data.ordnancesurvey.co.uk/id/country/england,,,
CT196JN,http://data.ordnancesurvey.co.uk/id/postcodeunit/CT196JN,CT19 6JN,,,,other,Postcode,623337,137260,3500,18000,,,,,,,Folkestone,http://data.ordnancesurvey.co.uk/id/4000000074566736,http://www.ordnancesurvey.co.uk/xml/codelists/localtype.xml#town,Folkestone and Hythe,http://data.ordnancesurvey.co.uk/id/7000000000018085,http://data.ordnancesurvey.co.uk/ontology/admingeo/District,Kent,http://data.ordnancesurvey.co.uk/id/7000000000018210,http://data.ordnancesurvey.co.uk/ontology/admingeo/County,South East,http://data.ordnancesurvey.co.uk/id/7000000000041421,England,http://data.ordnancesurvey.co.uk/id/country/england,,,
CT187AA,http://data.ordnancesurvey.co.uk/id/postcodeunit/CT187AA,CT18 7AA,,,,other,Postcode,621689,138276,3500,18000,,,,,,,,,,Folkestone and Hythe,http://data.ordnancesurvey.co.uk/id/7000000000018085,http://data.ordnancesurvey.co.uk/ontology/admingeo/District,Kent,http://data.ordnancesurvey.co.uk/id/7000000000018210,http://data.ordnancesurvey.co.uk/ontology/admingeo/County,South East,http://data.ordnancesurvey.co.uk/id/7000000000041421,England,http://data.ordnancesurvey.co.uk/id/country/england,,,
CT201JH,http://data.ordnancesurvey.co.uk/id/postcodeunit/CT201JH,CT20 1JH,,,,other,Postcode,622907,136219,3500,18000,,,,,,,Folkestone,http://data.ordnancesurvey.co.uk/id/4000000074566736,http://www.ordnancesurvey.co.uk/xml/codelists/localtype.xml#town,Folkestone and Hythe,http://data.ordnancesurvey.co.uk/id/7000000000018085,http://data.ordnancesurvey.co.uk/ontology/admingeo/District,Kent,http://data.ordnancesurvey.co.uk/id/7000000000018210,http://data.ordnancesurvey.co.uk/ontology/admingeo/County,South East,http://data.ordnancesurvey.co.uk/id/7000000000041421,England,http://data.ordnancesurvey.co.uk/id/country/england,,,
CT201JF,http://data.ordnancesurvey.co.uk/id/postcodeunit/CT201JF,CT20 1JF,,,,other,Postcode,623059,136444,3500,18000,,,,,,,Folkestone,http://data.ordnancesurvey.co.uk/id/4000000074566736,http://www.ordnancesurvey.co.uk/xml/codelists/localtype.xml#town,Folkestone and Hythe,http://data.ordnancesurvey.co.uk/id/7000000000018085,http://data.ordnancesurvey.co.uk/ontology/admingeo/District,Kent,http://data.ordnancesurvey.co.uk/id/7000000000018210,http://data.ordnancesurvey.co.uk/ontology/admingeo/County,South East,http://data.ordnancesurvey.co.uk/id/7000000000041421,England,http://data.ordnancesurvey.co.uk/id/country/england,,,
CT187PZ,http://data.ordnancesurvey.co.uk/id/postcodeunit/CT187PZ,CT18 7PZ,,,,other,Postcode,621814,139879,3500,18000,,,,,,,Hawkinge,http://data.ordnancesurvey.co.uk/id/4000000074566747,http://www.ordnancesurvey.co.uk/xml/codelists/localtype.xml#village,Folkestone and Hythe,http://data.ordnancesurvey.co.uk/id/7000000000018085,http://data.ordnancesurvey.co.uk/ontology/admingeo/District,Kent,http://data.ordnancesurvey.co.uk/id/7000000000018210,http://data.ordnancesurvey.co.uk/ontology/admingeo/County,South East,http://data.ordnancesurvey.co.uk/id/7000000000041421,England,http://data.ordnancesurvey.co.uk/id/country/england,,,
CT202JA,http://data.ordnancesurvey.co.uk/id/postcodeunit/CT202JA,CT20 2JA,,,,other,Postcode,621770,135610,3500,18000,,,,,,,Folkestone,http://data.ordnancesurvey.co.uk/id/4000000074566736,http://www.ordnancesurvey.co.uk/xml/codelists/localtype.xml#town,Folkestone and Hythe,http://data.ordnancesurvey.co.uk/id/7000000000018085,http://data.ordnancesurvey.co.uk/ontology/admingeo/District,Kent,http://data.ordnancesurvey.co.uk/id/7000000000018210,http://data.ordnancesurvey.co.uk/ontology/admingeo/County,South East,http://data.ordnancesurvey.co.uk/id/7000000000041421,England,http://data.ordnancesurvey.co.uk/id/country/england,,,
CT187NA,http://data.ordnancesurvey.co.uk/id/postcodeunit/CT187NA,CT18 7NA,,,,other,Postcode,624979,138934,3500,18000,,,,,,,Capel-le-Ferne,http://data.ordnancesurvey.co.uk/id/4000000074568384,http://www.ordnancesurvey.co.uk/xml/codelists/localtype.xml#village,Dover,http://data.ordnancesurvey.co.uk/id/7000000000017977,http://data.ordnancesurvey.co.uk/ontology/admingeo/District,Kent,http://data.ordnancesurvey.co.uk/id/7000000000018210,http://data.ordnancesurvey.co.uk/ontology/admingeo/County,South East,http://data.ordnancesurvey.co.uk/id/7000000000041421,England,http://data.ordnancesurvey.co.uk/id/country/england,,,
CT202PG,http://data.ordnancesurvey.co.uk/id/postcodeunit/CT202PG,CT20 2PG,,,,other,Postcode,621303,136177,3500,18000,,,,,,,Folkestone,http://data.ordnancesurvey.co.uk/id/4000000074566736,http://www.ordnancesurvey.co.uk/xml/codelists/localtype.xml#town,Folkestone and Hythe,http://data.ordnancesurvey.co.uk/id/7000000000018085,http://data.ordnancesurvey.co.uk/ontology/admingeo/District,Kent,http://data.ordnancesurvey.co.uk/id/7000000000018210,http://data.ordnancesurvey.co.uk/ontology/admingeo/County,South East,http://data.ordnancesurvey.co.uk/id/7000000000041421,England,http://data.ordnancesurvey.co.uk/id/country/england,,,
CT203QQ,http://data.ordnancesurvey.co.uk/id/postcodeunit/CT203QQ,CT20 3QQ,,,,other,Postcode,620623,136224,3500,18000,,,,,,,Folkestone,http://data.ordnancesurvey.co.uk/id/4000000074566736,http://www.ordnancesurvey.co.uk/xml/codelists/localtype.xml#town,Folkestone and Hythe,http://data.ordnancesurvey.co.uk/id/7000000000018085,http://data.ordnancesurvey.co.uk/ontology/admingeo/District,Kent,http://data.ordnancesurvey.co.uk/id/7000000000018210,http://data.ordnancesurvey.co.uk/ontology/admingeo/County,South East,http://data.ordnancesurvey.co.uk/id/7000000000041421,England,http://data.ordnancesurvey.co.uk/id/country/england,,,
CT187SR,http://data.ordnancesurvey.co.uk/id/postcodeunit/CT187SR,CT18 7SR,,,,other,Postcode,620903,139095,3500,18000,,,,,,,Hawkinge,http://data.ordnancesurvey.co.uk/id/4000000074566747,http://www.ordnancesurvey.co.uk/xml/codelists/localtype.xml#village,Folkestone and Hythe,http://data.ordnancesurvey.co.uk/id/7000000000018085,http://data.ordnancesurvey.co.uk/ontology/admingeo/District,Kent,http://data.ordnancesurvey.co.uk/id/7000000000018210,http://data.ordnancesurvey.co.uk/ontology/admingeo/County,South East,http://data.ordnancesurvey.co.uk/id/7000000000041421,England,http://data.ordnancesurvey.co.uk/id/country/england,,,
CT203AE,http://data.ordnancesurvey.co.uk/id/postcodeunit/CT203AE,CT20 3AE,,,,other,Postcode,620902,135198,3500,18000,,,,,,,Folkestone,http://data.ordnancesurvey.co.uk/id/4000000074566736,http://www.ordnancesurvey.co.uk/xml/codelists/localtype.xml#town,Folkestone and Hythe,http://data.ordnancesurvey.co.uk/id/7000000000018085,http://data.ordnancesurvey.co.uk/ontology/admingeo/District,Kent,http://data.ordnancesurvey.co.uk/id/7000000000018210,http://data.ordnancesurvey.co.uk/ontology/admingeo/County,South East,http://data.ordnancesurvey.co.uk/id/7000000000041421,England,http://data.ordnancesurvey.co.uk/id/country/england,,,
CT202PT,http://data.ordnancesurvey.co.uk/id/postcodeunit/CT202PT,CT20 2PT,,,,other,Postcode,621660,135763,3500,18000,,,,,,,Folkestone,http://data.ordnancesurvey.co.uk/id/4000000074566736,http://www.ordnancesurvey.co.uk/xml/codelists/localtype.xml#town,Folkestone and Hythe,http://data.ordnancesurvey.co.uk/id/7000000000018085,http://data.ordnancesurvey.co.uk/ontology/admingeo/District,Kent,http://data.ordnancesurvey.co.uk/id/7000000000018210,http://data.ordnancesurvey.co.uk/ontology/admingeo/County,South East,http://data.ordnancesurvey.co.uk/id/7000000000041421,England,http://data.ordnancesurvey.co.uk/id/country/england,,,
CT187TQ,http://data.ordnancesurvey.co.uk/id/postcodeunit/CT187TQ,CT18 7TQ,,,,other,Postcode,621238,139420,3500,18000,,,,,,,Hawkinge,http://data.ordnancesurvey.co.uk/id/4000000074566747,http://www.ordnancesurvey.co.uk/xml/codelists/localtype.xml#village,Folkestone and Hythe,http://data.ordnancesurvey.co.uk/id/7000000000018085,http://data.ordnancesurvey.co.uk/ontology/admingeo/District,Kent,http://data.ordnancesurvey.co.uk/id/7000000000018210,http://data.ordnancesurvey.co.uk/ontology/admingeo/County,South East,http://data.ordnancesurvey.co.uk/id/7000000000041421,England,http://data.ordnancesurvey.co.uk/id/country/england,,,
CT201TZ,http://data.ordnancesurvey.co.uk/id/postcodeunit/CT201TZ,CT20 1TZ,,,,other,Postcode,622997,136376,3500,18000,,,,,,,Folkestone,http://data.ordnancesurvey.co.uk/id/4000000074566736,http://www.ordnancesurvey.co.uk/xml/codelists/localtype.xml#town,Folkestone and Hythe,http://data.ordnancesurvey.co.uk/id/7000000000018085,http://data.ordnancesurvey.co.uk/ontology/admingeo/District,Kent,http://data.ordnancesurvey.co.uk/id/7000000000018210,http://data.ordnancesurvey.co.uk/ontology/admingeo/County,South East,http://data.ordnancesurvey.co.uk/id/7000000000041421,England,http://data.ordnancesurvey.co.uk/id/country/england,,,
CT202JQ,http://data.ordnancesurvey.co.uk/id/postcodeunit/CT202JQ,CT20 2JQ,,,,other,Postcode,620970,135307,3500,18000,,,,,,,Folkestone,http://data.ordnancesurvey.co.uk/id/4000000074566736,http://www.ordnancesurvey.co.uk/xml/codelists/localtype.xml#town,Folkestone and Hythe,http://data.ordnancesurvey.co.uk/id/7000000000018085,http://data.ordnancesurvey.co.uk/ontology/admingeo/District,Kent,http://data.ordnancesurvey.co.uk/id/7000000000018210,http://data.ordnancesurvey.co.uk/ontology/admingeo/County,South East,http://data.ordnancesurvey.co.uk/id/7000000000041421,England,http://data.ordnancesurvey.co.uk/id/country/england,,,
CT202DX,http://data.ordnancesurvey.co.uk/id/postcodeunit/CT202DX,CT20 2DX,,,,other,Postcode,622472,135641,3500,18000,,,,,,,Folkestone,http://data.ordnancesurvey.co.uk/id/4000000074566736,http://www.ordnancesurvey.co.uk/xml/codelists/localtype.xml#town,Folkestone and Hythe,http://data.ordnancesurvey.co.uk/id/7000000000018085,http://data.ordnancesurvey.co.uk/ontology/admingeo/District,Kent,http://data.ordnancesurvey.co.uk/id/7000000000018210,http://data.ordnancesurvey.co.uk/ontology/admingeo/County,South East,http://data.ordnancesurvey.co.uk/id/7000000000041421,England,http://data.ordnancesurvey.co.uk/id/country/england,,,
CT187QP,http://data.ordnancesurvey.co.uk/id/postcodeunit/CT187QP,CT18 7QP,,,,other,Postcode,620787,139357,3500,18000,,,,,,,Hawkinge,http://data.ordnancesurvey.co.uk/id/4000000074566747,http://www.ordnancesurvey.co.uk/xml/codelists/localtype.xml#village,Folkestone and Hythe,http://data.ordnancesurvey.co.uk/id/7000000000018085,http://data.ordnancesurvey.co.uk/ontology/admingeo/District,Kent,http://data.ordnancesurvey.co.uk/id/7000000000018210,http://data.ordnancesurvey.co.uk/ontology/admingeo/County,South East,http://data.ordnancesurvey.co.uk/id/7000000000041421,England,http://data.ordnancesurvey.co.uk/id/country/england,,,
CT194EB,http://data.ordnancesurvey.co.uk/id/postcodeunit/CT194EB,CT19 4EB,,,,other,Postcode,620705,136967,3500,18000,,,,,,,Folkestone,http://data.ordnancesurvey.co.uk/id/4000000074566736,http://www.ordnancesurvey.co.uk/xml/codelists/localtype.xml#town,Folkestone and Hythe,http://data.ordnancesurvey.co.uk/id/7000000000018085,http://data.ordnancesurvey.co.uk/ontology/admingeo/District,Kent,http://data.ordnancesurvey.co.uk/id/7000000000018210,http://data.ordnancesurvey.co.uk/ontology/admingeo/County,South East,http://data.ordnancesurvey.co.uk/id/7000000000041421,England,http://data.ordnancesurvey.co.uk/id/country/england,,,
CT201EW,http://data.ordnancesurvey.co.uk/id/postcodeunit/CT201EW,CT20 1EW,,,,other,Postcode,622572,136198,3500,18000,,,,,,,Folkestone,http://data.ordnancesurvey.co.uk/id/4000000074566736,http://www.ordnancesurvey.co.uk/xml/codelists/localtype.xml#town,Folkestone and Hythe,http://data.ordnancesurvey.co.uk/id/7000000000018085,http://data.ordnancesurvey.co.uk/ontology/admingeo/District,Kent,http://data.ordnancesurvey.co.uk/id/7000000000018210,http://data.ordnancesurvey.co.uk/ontology/admingeo/County,South East,http://data.ordnancesurvey.co.uk/id/7000000000041421,England,http://data.ordnancesurvey.co.uk/id/country/england,,,
CT195TY,http://data.ordnancesurvey.co.uk/id/postcodeunit/CT195TY,CT19 5TY,,,,other,Postcode,621709,137259,3500,18000,,,,,,,Folkestone,http://data.ordnancesurvey.co.uk/id/4000000074566736,http://www.ordnancesurvey.co.uk/xml/codelists/localtype.xml#town,Folkestone and Hythe,http://data.ordnancesurvey.co.uk/id/7000000000018085,http://data.ordnancesurvey.co.uk/ontology/admingeo/District,Kent,http://data.ordnancesurvey.co.uk/id/7000000000018210,http://data.ordnancesurvey.co.uk/ontology/admingeo/County,South East,http://data.ordnancesurvey.co.uk/id/7000000000041421,England,http://data.ordnancesurvey.co.uk/id/country/england,,,
CT203NH,http://data.ordnancesurvey.co.uk/id/postcodeunit/CT203NH,CT20 3NH,,,,other,Postcode,620357,135985,3500,18000,,,,,,,Folkestone,http://data.ordnancesurvey.co.uk/id/4000000074566736,http://www.ordnancesurvey.co.uk/xml/codelists/localtype.xml#town,Folkestone and Hythe,http://data.ordnancesurvey.co.uk/id/7000000000018085,http://data.ordnancesurvey.co.uk/ontology/admingeo/District,Kent,http://data.ordnancesurvey.co.uk/id/7000000000018210,http://data.ordnancesurvey.co.uk/ontology/admingeo/County,South East,http://data.ordnancesurvey.co.uk/id/7000000000041421,England,http://data.ordnancesurvey.co.uk/id/country/england,,,
CT187NR,http://data.ordnancesurvey.co.uk/id/postcodeunit/CT187NR,CT18 7NR,,,,other,Postcode,620586,139838,3500,18000,,,,,,,Hawkinge,http://data.ordnancesurvey.co.uk/id/4000000074566747,http://www.ordnancesurvey.co.uk/xml/codelists/localtype.xml#village,Folkestone and Hythe,http://data.ordnancesurvey.co.uk/id/7000000000018085,http://data.ordnancesurvey.co.uk/ontology/admingeo/District,Kent,http://data.ordnancesurvey.co.uk/id/7000000000018210,http://data.ordnancesurvey.co.uk/ontology/admingeo/County,South East,http://data.ordnancesurvey.co.uk/id/7000000000041421,England,http://data.ordnancesurvey.co.uk/id/country/england,,,
CT203QH,http://data.ordnancesurvey.co.uk/id/postcodeunit/CT203QH,CT20 3QH,,,,other,Postcode,620613,136154,3500,18000,,,,,,,Folkestone,http://data.ordnancesurvey.co.uk/id/4000000074566736,http://www.ordnancesurvey.co.uk/xml/codelists/localtype.xml#town,Folkestone and Hythe,http://data.ordnancesurvey.co.uk/id/7000000000018085,http://data.ordnancesurvey.co.uk/ontology/admingeo/District,Kent,http://data.ordnancesurvey.co.uk/id/7000000000018210,http://data.ordnancesurvey.co.uk/ontology/admingeo/County,South East,http://data.ordnancesurvey.co.uk/id/7000000000041421,England,http://data.ordnancesurvey.co.uk/id/country/england,,,
CT194DG,http://data.ordnancesurvey.co.uk/id/postcodeunit/CT194DG,CT19 4DG,,,,other,Postcode,620272,136689,3500,18000,,,,,,,Folkestone,http://data.ordnancesurvey.co.uk/id/4000000074566736,http://www.ordnancesurvey.co.uk/xml/codelists/localtype.xml#town,Folkestone and Hythe,http://data.ordnancesurvey.co.uk/id/7000000000018085,http://data.ordnancesurvey.co.uk/ontology/admingeo/District,Kent,http://data.ordnancesurvey.co.uk/id/7000000000018210,http://data.ordnancesurvey.co.uk/ontology/admingeo/County,South East,http://data.ordnancesurvey.co.uk/id/7000000000041421,England,http://data.ordnancesurvey.co.uk/id/country/england,,,
CT195SY,http://data.ordnancesurvey.co.uk/id/postcodeunit/CT195SY,CT19 5SY,,,,other,Postcode,621848,137628,3500,18000,,,,,,,Folkestone,http://data.ordnancesurvey.co.uk/id/4000000074566736,http://www.ordnancesurvey.co.uk/xml/codelists/localtype.xml#town,Folkestone and Hythe,http://data.ordnancesurvey.co.uk/id/7000000000018085,http://data.ordnancesurvey.co.uk/ontology/admingeo/District,Kent,http://data.ordnancesurvey.co.uk/id/7000000000018210,http://data.ordnancesurvey.co.uk/ontology/admingeo/County,South East,http://data.ordnancesurvey.co.uk/id/7000000000041421,England,http://data.ordnancesurvey.co.uk/id/country/england,,,
CT202RD,http://data.ordnancesurvey.co.uk/id/postcodeunit/CT202RD,CT20 2RD,,,,other,Postcode,622029,135966,3500,18000,,,,,,,Folkestone,http://data.ordnancesurvey.co.uk/id/4000000074566736,http://www.ordnancesurvey.co.uk/xml/codelists/localtype.xml#town,Folkestone and Hythe,http://data.ordnancesurvey.co.uk/id/7000000000018085,http://data.ordnancesurvey.co.uk/ontology/admingeo/District,Kent,http://data.ordnancesurvey.co.uk/id/7000000000018210,http://data.ordnancesurvey.co.uk/ontology/admingeo/County,South East,http://data.ordnancesurvey.co.uk/id/7000000000041421,England,http://data.ordnancesurvey.co.uk/id/country/england,,,
CT202RQ,http://data.ordnancesurvey.co.uk/id/postcodeunit/CT202RQ,CT20 2RQ,,,,other,Postcode,621896,135811,3500,18000,,,,,,,Folkestone,http://data.ordnancesurvey.co.uk/id/4000000074566736,http://www.ordnancesurvey.co.uk/xml/codelists/localtype.xml#town,Folkestone and Hythe,http://data.ordnancesurvey.co.uk/id/7000000000018085,http://data.ordnancesurvey.co.uk/ontology/admingeo/District,Kent,http://data.ordnancesurvey.co.uk/id/7000000000018210,http://data.ordnancesurvey.co.uk/ontology/admingeo/County,South East,http://data.ordnancesurvey.co.uk/id/7000000000041421,England,http://data.ordnancesurvey.co.uk/id/country/england,,,
CT202QE,http://data.ordnancesurvey.co.uk/id/postcodeunit/CT202QE,CT20 2QE,,,,other,Postcode,621587,135596,3500,18000,,,,,,,Folkestone,http://data.ordnancesurvey.co.uk/id/4000000074566736,http://www.ordnancesurvey.co.uk/xml/codelists/localtype.xml#town,Folkestone and Hythe,http://data.ordnancesurvey.co.uk/id/7000000000018085,http://data.ordnancesurvey.co.uk/ontology/admingeo/District,Kent,http://data.ordnancesurvey.co.uk/id/7000000000018210,http://data.ordnancesurvey.co.uk/ontology/admingeo/County,South East,http://data.ordnancesurvey.co.uk/id/7000000000041421,England,http://data.ordnancesurvey.co.uk/id/country/england,,,
CT196BS,http://data.ordnancesurvey.co.uk/id/postcodeunit/CT196BS,CT19 6BS,,,,other,Postcode,623387,136362,3500,18000,,,,,,,Folkestone,http://data.ordnancesurvey.co.uk/id/4000000074566736,http://www.ordnancesurvey.co.uk/xml/codelists/localtype.xml#town,Folkestone and Hythe,http://data.ordnancesurvey.co.uk/id/7000000000018085,http://data.ordnancesurvey.co.uk/ontology/admingeo/District,Kent,http://data.ordnancesurvey.co.uk/id/7000000000018210,http://data.ordnancesurvey.co.uk/ontology/admingeo/County,South East,http://data.ordnancesurvey.co.uk/id/7000000000041421,England,http://data.ordnancesurvey.co.uk/id/country/england,,,
CT194PW,http://data.ordnancesurvey.co.uk/id/postcodeunit/CT194PW,CT19 4PW,,,,other,Postcode,620563,136962,3500,18000,,,,,,,Folkestone,http://data.ordnancesurvey.co.uk/id/4000000074566736,http://www.ordnancesurvey.co.uk/xml/codelists/localtype.xml#town,Folkestone and Hythe,http://data.ordnancesurvey.co.uk/id/7000000000018085,http://data.ordnancesurvey.co.uk/ontology/admingeo/District,Kent,http://data.ordnancesurvey.co.uk/id/7000000000018210,http://data.ordnancesurvey.co.uk/ontology/admingeo/County,South East,http://data.ordnancesurvey.co.uk/id/7000000000041421,England,http://data.ordnancesurvey.co.uk/id/country/england,,,
CT201JX,http://data.ordnancesurvey.co.uk/id/postcodeunit/CT201JX,CT20 1JX,,,,other,Postcode,622970,136320,3500,18000,,,,,,,Folkestone,http://data.ordnancesurvey.co.uk/id/4000000074566736,http://www.ordnancesurvey.co.uk/xml/codelists/localtype.xml#town,Folkestone and Hythe,http://data.ordnancesurvey.co.uk/id/7000000000018085,http://data.ordnancesurvey.co.uk/ontology/admingeo/District,Kent,http://data.ordnancesurvey.co.uk/id/7000000000018210,http://data.ordnancesurvey.co.uk/ontology/admingeo/County,South East,http://data.ordnancesurvey.co.uk/id/7000000000041421,England,http://data.ordnancesurvey.co.uk/id/country/england,,,
CT209SH,http://data.ordnancesurvey.co.uk/id/postcodeunit/CT209SH,CT20 9SH,,,,other,Postcode,622119,135914,3500,18000,,,,,,,Folkestone,http://data.ordnancesurvey.co.uk/id/4000000074566736,http://www.ordnancesurvey.co.uk/xml/codelists/localtype.xml#town,Folkestone and Hythe,http://data.ordnancesurvey.co.uk/id/7000000000018085,http://data.ordnancesurvey.co.uk/ontology/admingeo/District,Kent,http://data.ordnancesurvey.co.uk/id/7000000000018210,http://data.ordnancesurvey.co.uk/ontology/admingeo/County,South East,http://data.ordnancesurvey.co.uk/id/7000000000041421,England,http://data.ordnancesurvey.co.uk/id/country/england,,,
CT195UG,http://data.ordnancesurvey.co.uk/id/postcodeunit/CT195UG,CT19 5UG,,,,other,Postcode,621291,137182,3500,18000,,,,,,,Folkestone,http://data.ordnancesurvey.co.uk/id/4000000074566736,http://www.ordnancesurvey.co.uk/xml/codelists/localtype.xml#town,Folkestone and Hythe,http://data.ordnancesurvey.co.uk/id/7000000000018085,http://data.ordnancesurvey.co.uk/ontology/admingeo/District,Kent,http://data.ordnancesurvey.co.uk/id/7000000000018210,http://data.ordnancesurvey.co.uk/ontology/admingeo/County,South East,http://data.ordnancesurvey.co.uk/id/7000000000041421,England,http://data.ordnancesurvey.co.uk/id/country/england,,,
CT196QP,http://data.ordnancesurvey.co.uk/id/postcodeunit/CT196QP,CT19 6QP,,,,other,Postcode,623223,136881,3500,18000,,,,,,,Folkestone,http://data.ordnancesurvey.co.uk/id/4000000074566736,http://www.ordnancesurvey.co.uk/xml/codelists/localtype.xml#town,Folkestone and Hythe,http://data.ordnancesurvey.co.uk/id/7000000000018085,http://data.ordnancesurvey.co.uk/ontology/admingeo/District,Kent,http://data.ordnancesurvey.co.uk/id/7000000000018210,http://data.ordnancesurvey.co.uk/ontology/admingeo/County,South East,http://data.ordnancesurvey.co.uk/id/7000000000041421,England,http://data.ordnancesurvey.co.uk/id/country/england,,,
CT157BL,http://data.ordnancesurvey.co.uk/id/postcodeunit/CT157BL,CT15 7BL,,,,other,Postcode,626486,139976,3500,18000,,,,,,,West Hougham,http://data.ordnancesurvey.co.uk/id/4000000074568383,http://www.ordnancesurvey.co.uk/xml/codelists/localtype.xml#village,Dover,http://data.ordnancesurvey.co.uk/id/7000000000017977,http://data.ordnancesurvey.co.uk/ontology/admingeo/District,Kent,http://data.ordnancesurvey.co.uk/id/7000000000018210,http://data.ordnancesurvey.co.uk/ontology/admingeo/County,South East,http://data.ordnancesurvey.co.uk/id/7000000000041421,England,http://data.ordnancesurvey.co.uk/id/country/england,,,
CT196HS,http://data.ordnancesurvey.co.uk/id/postcodeunit/CT196HS,CT19 6HS,,,,other,Postcode,623002,137453,3500,18000,,,,,,,Folkestone,http://data.ordnancesurvey.co.uk/id/4000000074566736,http://www.ordnancesurvey.co.uk/xml/codelists/localtype.xml#town,Folkestone and Hythe,http://data.ordnancesurvey.co.uk/id/7000000000018085,http://data.ordnancesurvey.co.uk/ontology/admingeo/District,Kent,http://data.ordnancesurvey.co.uk/id/7000000000018210,http://data.ordnancesurvey.co.uk/ontology/admingeo/County,South East,http://data.ordnancesurvey.co.uk/id/7000000000041421,England,http://data.ordnancesurvey.co.uk/id/country/england,,,
CT203BN,http://data.ordnancesurvey.co.uk/id/postcodeunit/CT203BN,CT20 3BN,,,,other,Postcode,620296,135621,3500,18000,,,,,,,Folkestone,http://data.ordnancesurvey.co.uk/id/4000000074566736,http://www.ordnancesurvey.co.uk/xml/codelists/localtype.xml#town,Folkestone and Hythe,http://data.ordnancesurvey.co.uk/id/7000000000018085,http://data.ordnancesurvey.co.uk/ontology/admingeo/District,Kent,http://data.ordnancesurvey.co.uk/id/7000000000018210,http://data.ordnancesurvey.co.uk/ontology/admingeo/County,South East,http://data.ordnancesurvey.co.uk/id/7000000000041421,England,http://data.ordnancesurvey.co.uk/id/country/england,,,
CT194AN,http://data.ordnancesurvey.co.uk/id/postcodeunit/CT194AN,CT19 4AN,,,,other,Postcode,620893,136595,3500,18000,,,,,,,Folkestone,http://data.ordnancesurvey.co.uk/id/4000000074566736,http://www.ordnancesurvey.co.uk/xml/codelists/localtype.xml#town,Folkestone and Hythe,http://data.ordnancesurvey.co.uk/id/7000000000018085,http://data.ordnancesurvey.co.uk/ontology/admingeo/District,Kent,http://data.ordnancesurvey.co.uk/id/7000000000018210,http://data.ordnancesurvey.co.uk/ontology/admingeo/County,South East,http://data.ordnancesurvey.co.uk/id/7000000000041421,England,http://data.ordnancesurvey.co.uk/id/country/england,,,
CT201AL,http://data.ordnancesurvey.co.uk/id/postcodeunit/CT201AL,CT20 1AL,,,,other,Postcode,622901,135977,3500,18000,,,,,,,Folkestone,http://data.ordnancesurvey.co.uk/id/4000000074566736,http://www.ordnancesurvey.co.uk/xml/codelists/localtype.xml#town,Folkestone and Hythe,http://data.ordnancesurvey.co.uk/id/7000000000018085,http://data.ordnancesurvey.co.uk/ontology/admingeo/District,Kent,http://data.ordnancesurvey.co.uk/id/7000000000018210,http://data.ordnancesurvey.co.uk/ontology/admingeo/County,South East,http://data.ordnancesurvey.co.uk/id/7000000000041421,England,http://data.ordnancesurvey.co.uk/id/country/england,,,
CT194WY,http://data.ordnancesurvey.co.uk/id/postcodeunit/CT194WY,CT19 4WY,,,,other,Postcode,622641,135834,3500,18000,,,,,,,Folkestone,http://data.ordnancesurvey.co.uk/id/4000000074566736,http://www.ordnancesurvey.co.uk/xml/codelists/localtype.xml#town,Folkestone and Hythe,http://data.ordnancesurvey.co.uk/id/7000000000018085,http://data.ordnancesurvey.co.uk/ontology/admingeo/District,Kent,http://data.ordnancesurvey.co.uk/id/7000000000018210,http://data.ordnancesurvey.co.uk/ontology/admingeo/County,South East,http://data.ordnancesurvey.co.uk/id/7000000000041421,England,http://data.ordnancesurvey.co.uk/id/country/england,,,
CT201HE,http://data.ordnancesurvey.co.uk/id/postcodeunit/CT201HE,CT20 1HE,,,,other,Postcode,622846,136216,3500,18000,,,,,,,Folkestone,http://data.ordnancesurvey.co.uk/id/4000000074566736,http://www.ordnancesurvey.co.uk/xml/codelists/localtype.xml#town,Folkestone and Hythe,http://data.ordnancesurvey.co.uk/id/7000000000018085,http://data.ordnancesurvey.co.uk/ontology/admingeo/District,Kent,http://data.ordnancesurvey.co.uk/id/7000000000018210,http://data.ordnancesurvey.co.uk/ontology/admingeo/County,South East,http://data.ordnancesurvey.co.uk/id/7000000000041421,England,http://data.ordnancesurvey.co.uk/id/country/england,,,
CT195NA,http://data.ordnancesurvey.co.uk/id/postcodeunit/CT195NA,CT19 5NA,,,,other,Postcode,621277,137276,3500,18000,,,,,,,Folkestone,http://data.ordnancesurvey.co.uk/id/4000000074566736,http://www.ordnancesurvey.co.uk/xml/codelists/localtype.xml#town,Folkestone and Hythe,http://data.ordnancesurvey.co.uk/id/7000000000018085,http://data.ordnancesurvey.co.uk/ontology/admingeo/District,Kent,http://data.ordnancesurvey.co.uk/id/7000000000018210,http://data.ordnancesurvey.co.uk/ontology/admingeo/County,South East,http://data.ordnancesurvey.co.uk/id/7000000000041421,England,http://data.ordnancesurvey.co.uk/id/country/england,,,
CT203DB,http://data.ordnancesurvey.co.uk/id/postcodeunit/CT203DB,CT20 3DB,,,,other,Postcode,620057,135122,3500,18000,,,,,,,Folkestone,http://data.ordnancesurvey.co.uk/id/4000000074566736,http://www.ordnancesurvey.co.uk/xml/codelists/localtype.xml#town,Folkestone and Hythe,http://data.ordnancesurvey.co.uk/id/7000000000018085,http://data.ordnancesurvey.co.uk/ontology/admingeo/District,Kent,http://data.ordnancesurvey.co.uk/id/7000000000018210,http://data.ordnancesurvey.co.uk/ontology/admingeo/County,South East,http://data.ordnancesurvey.co.uk/id/7000000000041421,England,http://data.ordnancesurvey.co.uk/id/country/england,,,
CT209TL,http://data.ordnancesurvey.co.uk/id/postcodeunit/CT209TL,CT20 9TL,,,,other,Postcode,622119,135914,3500,18000,,,,,,,Folkestone,http://data.ordnancesurvey.co.uk/id/4000000074566736,http://www.ordnancesurvey.co.uk/xml/codelists/localtype.xml#town,Folkestone and Hythe,http://data.ordnancesurvey.co.uk/id/7000000000018085,http://data.ordnancesurvey.co.uk/ontology/admingeo/District,Kent,http://data.ordnancesurvey.co.uk/id/7000000000018210,http://data.ordnancesurvey.co.uk/ontology/admingeo/County,South East,http://data.ordnancesurvey.co.uk/id/7000000000041421,England,http://data.ordnancesurvey.co.uk/id/country/england,,,
CT201NR,http://data.ordnancesurvey.co.uk/id/postcodeunit/CT201NR,CT20 1NR,,,,other,Postcode,623239,136603,3500,18000,,,,,,,Folkestone,http://data.ordnancesurvey.co.uk/id/4000000074566736,http://www.ordnancesurvey.co.uk/xml/codelists/localtype.xml#town,Folkestone and Hythe,http://data.ordnancesurvey.co.uk/id/7000000000018085,http://data.ordnancesurvey.co.uk/ontology/admingeo/District,Kent,http://data.ordnancesurvey.co.uk/id/7000000000018210,http://data.ordnancesurvey.co.uk/ontology/admingeo/County,South East,http://data.ordnancesurvey.co.uk/id/7000000000041421,England,http://data.ordnancesurvey.co.uk/id/country/england,,,
CT201QH,http://data.ordnancesurvey.co.uk/id/postcodeunit/CT201QH,CT20 1QH,,,,other,Postcode,623334,135831,3500,18000,,,,,,,Folkestone,http://data.ordnancesurvey.co.uk/id/4000000074566736,http://www.ordnancesurvey.co.uk/xml/codelists/localtype.xml#town,Folkestone and Hythe,http://data.ordnancesurvey.co.uk/id/7000000000018085,http://data.ordnancesurvey.co.uk/ontology/admingeo/District,Kent,http://data.ordnancesurvey.co.uk/id/7000000000018210,http://data.ordnancesurvey.co.uk/ontology/admingeo/County,South East,http://data.ordnancesurvey.co.uk/id/7000000000041421,England,http://data.ordnancesurvey.co.uk/id/country/england,,,
CT187LT,http://data.ordnancesurvey.co.uk/id/postcodeunit/CT187LT,CT18 7LT,,,,other,Postcode,624993,138756,3500,18000,,,,,,,Capel-le-Ferne,http://data.ordnancesurvey.co.uk/id/4000000074568384,http://www.ordnancesurvey.co.uk/xml/codelists/localtype.xml#village,Dover,http://data.ordnancesurvey.co.uk/id/7000000000017977,http://data.ordnancesurvey.co.uk/ontology/admingeo/District,Kent,http://data.ordnancesurvey.co.uk/id/7000000000018210,http://data.ordnancesurvey.co.uk/ontology/admingeo/County,South East,http://data.ordnancesurvey.co.uk/id/7000000000041421,England,http://data.ordnancesurvey.co.uk/id/country/england,,,
CT196SH,http://data.ordnancesurvey.co.uk/id/postcodeunit/CT196SH,CT19 6SH,,,,other,Postcode,622619,137757,3500,18000,,,,,,,Folkestone,http://data.ordnancesurvey.co.uk/id/4000000074566736,http://www.ordnancesurvey.co.uk/xml/codelists/localtype.xml#town,Folkestone and Hythe,http://data.ordnancesurvey.co.uk/id/7000000000018085,http://data.ordnancesurvey.co.uk/ontology/admingeo/District,Kent,http://data.ordnancesurvey.co.uk/id/7000000000018210,http://data.ordnancesurvey.co.uk/ontology/admingeo/County,South East,http://data.ordnancesurvey.co.uk/id/7000000000041421,England,http://data.ordnancesurvey.co.uk/id/country/england,,,
CT202BJ,http://data.ordnancesurvey.co.uk/id/postcodeunit/CT202BJ,CT20 2BJ,,,,other,Postcode,622647,135759,3500,18000,,,,,,,Folkestone,http://data.ordnancesurvey.co.uk/id/4000000074566736,http://www.ordnancesurvey.co.uk/xml/codelists/localtype.xml#town,Folkestone and Hythe,http://data.ordnancesurvey.co.uk/id/7000000000018085,http://data.ordnancesurvey.co.uk/ontology/admingeo/District,Kent,http://data.ordnancesurvey.co.uk/id/7000000000018210,http://data.ordnancesurvey.co.uk/ontology/admingeo/County,South East,http://data.ordnancesurvey.co.uk/id/7000000000041421,England,http://data.ordnancesurvey.co.uk/id/country/england,,,
CT202PP,http://data.ordnancesurvey.co.uk/id/postcodeunit/CT202PP,CT20 2PP,,,,other,Postcode,621679,135719,3500,18000,,,,,,,Folkestone,http://data.ordnancesurvey.co.uk/id/4000000074566736,http://www.ordnancesurvey.co.uk/xml/codelists/localtype.xml#town,Folkestone and Hythe,http://data.ordnancesurvey.co.uk/id/7000000000018085,http://data.ordnancesurvey.co.uk/ontology/admingeo/District,Kent,http://data.ordnancesurvey.co.uk/id/7000000000018210,http://data.ordnancesurvey.co.uk/ontology/admingeo/County,South East,http://data.ordnancesurvey.co.uk/id/7000000000041421,England,http://data.ordnancesurvey.co.uk/id/country/england,,,
CT195NB,http://data.ordnancesurvey.co.uk/id/postcodeunit/CT195NB,CT19 5NB,,,,other,Postcode,621249,137187,3500,18000,,,,,,,Folkestone,http://data.ordnancesurvey.co.uk/id/4000000074566736,http://www.ordnancesurvey.co.uk/xml/codelists/localtype.xml#town,Folkestone and Hythe,http://data.ordnancesurvey.co.uk/id/7000000000018085,http://data.ordnancesurvey.co.uk/ontology/admingeo/District,Kent,http://data.ordnancesurvey.co.uk/id/7000000000018210,http://data.ordnancesurvey.co.uk/ontology/admingeo/County,South East,http://data.ordnancesurvey.co.uk/id/7000000000041421,England,http://data.ordnancesurvey.co.uk/id/country/england,,,
CT195PD,http://data.ordnancesurvey.co.uk/id/postcodeunit/CT195PD,CT19 5PD,,,,other,Postcode,622857,137446,3500,18000,,,,,,,Folkestone,http://data.ordnancesurvey.co.uk/id/4000000074566736,http://www.ordnancesurvey.co.uk/xml/codelists/localtype.xml#town,Folkestone and Hythe,http://data.ordnancesurvey.co.uk/id/7000000000018085,http://data.ordnancesurvey.co.uk/ontology/admingeo/District,Kent,http://data.ordnancesurvey.co.uk/id/7000000000018210,http://data.ordnancesurvey.co.uk/ontology/admingeo/County,South East,http://data.ordnancesurvey.co.uk/id/7000000000041421,England,http://data.ordnancesurvey.co.uk/id/country/england,,,
CT194EY,http://data.ordnancesurvey.co.uk/id/postcodeunit/CT194EY,CT19 4EY,,,,other,Postcode,620330,136747,3500,18000,,,,,,,Folkestone,http://data.ordnancesurvey.co.uk/id/4000000074566736,http://www.ordnancesurvey.co.uk/xml/codelists/localtype.xml#town,Folkestone and Hythe,http://data.ordnancesurvey.co.uk/id/7000000000018085,http://data.ordnancesurvey.co.uk/ontology/admingeo/District,Kent,http://data.ordnancesurvey.co.uk/id/7000000000018210,http://data.ordnancesurvey.co.uk/ontology/admingeo/County,South East,http://data.ordnancesurvey.co.uk/id/7000000000041421,England,http://data.ordnancesurvey.co.uk/id/country/england,,,
CT195AP,http://data.ordnancesurvey.co.uk/id/postcodeunit/CT195AP,CT19 5AP,,,,other,Postcode,622349,136345,3500,18000,,,,,,,Folkestone,http://data.ordnancesurvey.co.uk/id/4000000074566736,http://www.ordnancesurvey.co.uk/xml/codelists/localtype.xml#town,Folkestone and Hythe,http://data.ordnancesurvey.co.uk/id/7000000000018085,http://data.ordnancesurvey.co.uk/ontology/admingeo/District,Kent,http://data.ordnancesurvey.co.uk/id/7000000000018210,http://data.ordnancesurvey.co.uk/ontology/admingeo/County,South East,http://data.ordnancesurvey.co.uk/id/7000000000041421,England,http://data.ordnancesurvey.co.uk/id/country/england,,,
CT195PR,http://data.ordnancesurvey.co.uk/id/postcodeunit/CT195PR,CT19 5PR,,,,other,Postcode,622568,137343,3500,18000,,,,,,,Folkestone,http://data.ordnancesurvey.co.uk/id/4000000074566736,http://www.ordnancesurvey.co.uk/xml/codelists/localtype.xml#town,Folkestone and Hythe,http://data.ordnancesurvey.co.uk/id/7000000000018085,http://data.ordnancesurvey.co.uk/ontology/admingeo/District,Kent,http://data.ordnancesurvey.co.uk/id/7000000000018210,http://data.ordnancesurvey.co.uk/ontology/admingeo/County,South East,http://data.ordnancesurvey.co.uk/id/7000000000041421,England,http://data.ordnancesurvey.co.uk/id/country/england,,,
CT209SP,http://data.ordnancesurvey.co.uk/id/postcodeunit/CT209SP,CT20 9SP,,,,other,Postcode,622119,135914,3500,18000,,,,,,,Folkestone,http://data.ordnancesurvey.co.uk/id/4000000074566736,http://www.ordnancesurvey.co.uk/xml/codelists/localtype.xml#town,Folkestone and Hythe,http://data.ordnancesurvey.co.uk/id/7000000000018085,http://data.ordnancesurvey.co.uk/ontology/admingeo/District,Kent,http://data.ordnancesurvey.co.uk/id/7000000000018210,http://data.ordnancesurvey.co.uk/ontology/admingeo/County,South East,http://data.ordnancesurvey.co.uk/id/7000000000041421,England,http://data.ordnancesurvey.co.uk/id/country/england,,,
CT209NQ,http://data.ordnancesurvey.co.uk/id/postcodeunit/CT209NQ,CT20 9NQ,,,,other,Postcode,622641,135834,3500,18000,,,,,,,Folkestone,http://data.ordnancesurvey.co.uk/id/4000000074566736,http://www.ordnancesurvey.co.uk/xml/codelists/localtype.xml#town,Folkestone and Hythe,http://data.ordnancesurvey.co.uk/id/7000000000018085,http://data.ordnancesurvey.co.uk/ontology/admingeo/District,Kent,http://data.ordnancesurvey.co.uk/id/7000000000018210,http://data.ordnancesurvey.co.uk/ontology/admingeo/County,South East,http://data.ordnancesurvey.co.uk/id/7000000000041421,England,http://data.ordnancesurvey.co.uk/id/country/england,,,
CT194DJ,http://data.ordnancesurvey.co.uk/id/postcodeunit/CT194DJ,CT19 4DJ,,,,other,Postcode,620214,136693,3500,18000,,,,,,,Folkestone,http://data.ordnancesurvey.co.uk/id/4000000074566736,http://www.ordnancesurvey.co.uk/xml/codelists/localtype.xml#town,Folkestone and Hythe,http://data.ordnancesurvey.co.uk/id/7000000000018085,http://data.ordnancesurvey.co.uk/ontology/admingeo/District,Kent,http://data.ordnancesurvey.co.uk/id/7000000000018210,http://data.ordnancesurvey.co.uk/ontology/admingeo/County,South East,http://data.ordnancesurvey.co.uk/id/7000000000041421,England,http://data.ordnancesurvey.co.uk/id/country/england,,,
CT196NA,http://data.ordnancesurvey.co.uk/id/postcodeunit/CT196NA,CT19 6NA,,,,other,Postcode,623365,137507,3500,18000,,,,,,,Folkestone,http://data.ordnancesurvey.co.uk/id/4000000074566736,http://www.ordnancesurvey.co.uk/xml/codelists/localtype.xml#town,Folkestone and Hythe,http://data.ordnancesurvey.co.uk/id/7000000000018085,http://data.ordnancesurvey.co.uk/ontology/admingeo/District,Kent,http://data.ordnancesurvey.co.uk/id/7000000000018210,http://data.ordnancesurvey.co.uk/ontology/admingeo/County,South East,http://data.ordnancesurvey.co.uk/id/7000000000041421,England,http://data.ordnancesurvey.co.uk/id/country/england,,,
CT202XF,http://data.ordnancesurvey.co.uk/id/postcodeunit/CT202XF,CT20 2XF,,,,other,Postcode,622689,135772,3500,18000,,,,,,,Folkestone,http://data.ordnancesurvey.co.uk/id/4000000074566736,http://www.ordnancesurvey.co.uk/xml/codelists/localtype.xml#town,Folkestone and Hythe,http://data.ordnancesurvey.co.uk/id/7000000000018085,http://data.ordnancesurvey.co.uk/ontology/admingeo/District,Kent,http://data.ordnancesurvey.co.uk/id/7000000000018210,http://data.ordnancesurvey.co.uk/ontology/admingeo/County,South East,http://data.ordnancesurvey.co.uk/id/7000000000041421,England,http://data.ordnancesurvey.co.uk/id/country/england,,,
CT201DB,http://data.ordnancesurvey.co.uk/id/postcodeunit/CT201DB,CT20 1DB,,,,other,Postcode,622571,136170,3500,18000,,,,,,,Folkestone,http://data.ordnancesurvey.co.uk/id/4000000074566736,http://www.ordnancesurvey.co.uk/xml/codelists/localtype.xml#town,Folkestone and Hythe,http://data.ordnancesurvey.co.uk/id/7000000000018085,http://data.ordnancesurvey.co.uk/ontology/admingeo/District,Kent,http://data.ordnancesurvey.co.uk/id/7000000000018210,http://data.ordnancesurvey.co.uk/ontology/admingeo/County,South East,http://data.ordnancesurvey.co.uk/id/7000000000041421,England,http://data.ordnancesurvey.co.uk/id/country/england,,,
CT196AN,http://data.ordnancesurvey.co.uk/id/postcodeunit/CT196AN,CT19 6AN,,,,other,Postcode,623377,136236,3500,18000,,,,,,,Folkestone,http://data.ordnancesurvey.co.uk/id/4000000074566736,http://www.ordnancesurvey.co.uk/xml/codelists/localtype.xml#town,Folkestone and Hythe,http://data.ordnancesurvey.co.uk/id/7000000000018085,http://data.ordnancesurvey.co.uk/ontology/admingeo/District,Kent,http://data.ordnancesurvey.co.uk/id/7000000000018210,http://data.ordnancesurvey.co.uk/ontology/admingeo/County,South East,http://data.ordnancesurvey.co.uk/id/7000000000041421,England,http://data.ordnancesurvey.co.uk/id/country/england,,,
CT195PX,http://data.ordnancesurvey.co.uk/id/postcodeunit/CT195PX,CT19 5PX,,,,other,Postcode,622391,137644,3500,18000,,,,,,,Folkestone,http://data.ordnancesurvey.co.uk/id/4000000074566736,http://www.ordnancesurvey.co.uk/xml/codelists/localtype.xml#town,Folkestone and Hythe,http://data.ordnancesurvey.co.uk/id/7000000000018085,http://data.ordnancesurvey.co.uk/ontology/admingeo/District,Kent,http://data.ordnancesurvey.co.uk/id/7000000000018210,http://data.ordnancesurvey.co.uk/ontology/admingeo/County,South East,http://data.ordnancesurvey.co.uk/id/7000000000041421,England,http://data.ordnancesurvey.co.uk/id/country/england,,,
CT201AG,http://data.ordnancesurvey.co.uk/id/postcodeunit/CT201AG,CT20 1AG,,,,other,Postcode,622769,136031,3500,18000,,,,,,,Folkestone,http://data.ordnancesurvey.co.uk/id/4000000074566736,http://www.ordnancesurvey.co.uk/xml/codelists/localtype.xml#town,Folkestone and Hythe,http://data.ordnancesurvey.co.uk/id/7000000000018085,http://data.ordnancesurvey.co.uk/ontology/admingeo/District,Kent,http://data.ordnancesurvey.co.uk/id/7000000000018210,http://data.ordnancesurvey.co.uk/ontology/admingeo/County,South East,http://data.ordnancesurvey.co.uk/id/7000000000041421,England,http://data.ordnancesurvey.co.uk/id/country/england,,,
CT201NS,http://data.ordnancesurvey.co.uk/id/postcodeunit/CT201NS,CT20 1NS,,,,other,Postcode,623246,136621,3500,18000,,,,,,,Folkestone,http://data.ordnancesurvey.co.uk/id/4000000074566736,http://www.ordnancesurvey.co.uk/xml/codelists/localtype.xml#town,Folkestone and Hythe,http://data.ordnancesurvey.co.uk/id/7000000000018085,http://data.ordnancesurvey.co.uk/ontology/admingeo/District,Kent,http://data.ordnancesurvey.co.uk/id/7000000000018210,http://data.ordnancesurvey.co.uk/ontology/admingeo/County,South East,http://data.ordnancesurvey.co.uk/id/7000000000041421,England,http://data.ordnancesurvey.co.uk/id/country/england,,,
CT201QU,http://data.ordnancesurvey.co.uk/id/postcodeunit/CT201QU,CT20 1QU,,,,other,Postcode,623245,136298,3500,18000,,,,,,,Folkestone,http://data.ordnancesurvey.co.uk/id/4000000074566736,http://www.ordnancesurvey.co.uk/xml/codelists/localtype.xml#town,Folkestone and Hythe,http://data.ordnancesurvey.co.uk/id/7000000000018085,http://data.ordnancesurvey.co.uk/ontology/admingeo/District,Kent,http://data.ordnancesurvey.co.uk/id/7000000000018210,http://data.ordnancesurvey.co.uk/ontology/admingeo/County,South East,http://data.ordnancesurvey.co.uk/id/7000000000041421,England,http://data.ordnancesurvey.co.uk/id/country/england,,,
CT187HF,http://data.ordnancesurvey.co.uk/id/postcodeunit/CT187HF,CT18 7HF,,,,other,Postcode,624883,138960,3500,18000,,,,,,,Capel-le-Ferne,http://data.ordnancesurvey.co.uk/id/4000000074568384,http://www.ordnancesurvey.co.uk/xml/codelists/localtype.xml#village,Dover,http://data.ordnancesurvey.co.uk/id/7000000000017977,http://data.ordnancesurvey.co.uk/ontology/admingeo/District,Kent,http://data.ordnancesurvey.co.uk/id/7000000000018210,http://data.ordnancesurvey.co.uk/ontology/admingeo/County,South East,http://data.ordnancesurvey.co.uk/id/7000000000041421,England,http://data.ordnancesurvey.co.uk/id/country/england,,,
CT194RH,http://data.ordnancesurvey.co.uk/id/postcodeunit/CT194RH,CT19 4RH,,,,other,Postcode,620728,137546,3500,18000,,,,,,,Folkestone,http://data.ordnancesurvey.co.uk/id/4000000074566736,http://www.ordnancesurvey.co.uk/xml/codelists/localtype.xml#town,Folkestone and Hythe,http://data.ordnancesurvey.co.uk/id/7000000000018085,http://data.ordnancesurvey.co.uk/ontology/admingeo/District,Kent,http://data.ordnancesurvey.co.uk/id/7000000000018210,http://data.ordnancesurvey.co.uk/ontology/admingeo/County,South East,http://data.ordnancesurvey.co.uk/id/7000000000041421,England,http://data.ordnancesurvey.co.uk/id/country/england,,,
CT209HH,http://data.ordnancesurvey.co.uk/id/postcodeunit/CT209HH,CT20 9HH,,,,other,Postcode,622641,135834,3500,18000,,,,,,,Folkestone,http://data.ordnancesurvey.co.uk/id/4000000074566736,http://www.ordnancesurvey.co.uk/xml/codelists/localtype.xml#town,Folkestone and Hythe,http://data.ordnancesurvey.co.uk/id/7000000000018085,http://data.ordnancesurvey.co.uk/ontology/admingeo/District,Kent,http://data.ordnancesurvey.co.uk/id/7000000000018210,http://data.ordnancesurvey.co.uk/ontology/admingeo/County,South East,http://data.ordnancesurvey.co.uk/id/7000000000041421,England,http://data.ordnancesurvey.co.uk/id/country/england,,,
CT187EZ,http://data.ordnancesurvey.co.uk/id/postcodeunit/CT187EZ,CT18 7EZ,,,,other,Postcode,624754,139581,3500,18000,,,,,,,,,,Dover,http://data.ordnancesurvey.co.uk/id/7000000000017977,http://data.ordnancesurvey.co.uk/ontology/admingeo/District,Kent,http://data.ordnancesurvey.co.uk/id/7000000000018210,http://data.ordnancesurvey.co.uk/ontology/admingeo/County,South East,http://data.ordnancesurvey.co.uk/id/7000000000041421,England,http://data.ordnancesurvey.co.uk/id/country/england,,,
CT187JG,http://data.ordnancesurvey.co.uk/id/postcodeunit/CT187JG,CT18 7JG,,,,other,Postcode,625422,139811,3500,18000,,,,,,,,,,Dover,http://data.ordnancesurvey.co.uk/id/7000000000017977,http://data.ordnancesurvey.co.uk/ontology/admingeo/District,Kent,http://data.ordnancesurvey.co.uk/id/7000000000018210,http://data.ordnancesurvey.co.uk/ontology/admingeo/County,South East,http://data.ordnancesurvey.co.uk/id/7000000000041421,England,http://data.ordnancesurvey.co.uk/id/country/england,,,
CT195JT,http://data.ordnancesurvey.co.uk/id/postcodeunit/CT195JT,CT19 5JT,,,,other,Postcode,621556,137518,3500,18000,,,,,,,Folkestone,http://data.ordnancesurvey.co.uk/id/4000000074566736,http://www.ordnancesurvey.co.uk/xml/codelists/localtype.xml#town,Folkestone and Hythe,http://data.ordnancesurvey.co.uk/id/7000000000018085,http://data.ordnancesurvey.co.uk/ontology/admingeo/District,Kent,http://data.ordnancesurvey.co.uk/id/7000000000018210,http://data.ordnancesurvey.co.uk/ontology/admingeo/County,South East,http://data.ordnancesurvey.co.uk/id/7000000000041421,England,http://data.ordnancesurvey.co.uk/id/country/england,,,
CT187SB,http://data.ordnancesurvey.co.uk/id/postcodeunit/CT187SB,CT18 7SB,,,,other,Postcode,620717,139194,3500,18000,,,,,,,Hawkinge,http://data.ordnancesurvey.co.uk/id/4000000074566747,http://www.ordnancesurvey.co.uk/xml/codelists/localtype.xml#village,Folkestone and Hythe,http://data.ordnancesurvey.co.uk/id/7000000000018085,http://data.ordnancesurvey.co.uk/ontology/admingeo/District,Kent,http://data.ordnancesurvey.co.uk/id/7000000000018210,http://data.ordnancesurvey.co.uk/ontology/admingeo/County,South East,http://data.ordnancesurvey.co.uk/id/7000000000041421,England,http://data.ordnancesurvey.co.uk/id/country/england,,,
CT196HG,http://data.ordnancesurvey.co.uk/id/postcodeunit/CT196HG,CT19 6HG,,,,other,Postcode,623118,137048,3500,18000,,,,,,,Folkestone,http://data.ordnancesurvey.co.uk/id/4000000074566736,http://www.ordnancesurvey.co.uk/xml/codelists/localtype.xml#town,Folkestone and Hythe,http://data.ordnancesurvey.co.uk/id/7000000000018085,http://data.ordnancesurvey.co.uk/ontology/admingeo/District,Kent,http://data.ordnancesurvey.co.uk/id/7000000000018210,http://data.ordnancesurvey.co.uk/ontology/admingeo/County,South East,http://data.ordnancesurvey.co.uk/id/7000000000041421,England,http://data.ordnancesurvey.co.uk/id/country/england,,,
CT202HU,http://data.ordnancesurvey.co.uk/id/postcodeunit/CT202HU,CT20 2HU,,,,other,Postcode,621671,135505,3500,18000,,,,,,,Folkestone,http://data.ordnancesurvey.co.uk/id/4000000074566736,http://www.ordnancesurvey.co.uk/xml/codelists/localtype.xml#town,Folkestone and Hythe,http://data.ordnancesurvey.co.uk/id/7000000000018085,http://data.ordnancesurvey.co.uk/ontology/admingeo/District,Kent,http://data.ordnancesurvey.co.uk/id/7000000000018210,http://data.ordnancesurvey.co.uk/ontology/admingeo/County,South East,http://data.ordnancesurvey.co.uk/id/7000000000041421,England,http://data.ordnancesurvey.co.uk/id/country/england,,,
CT195NF,http://data.ordnancesurvey.co.uk/id/postcodeunit/CT195NF,CT19 5NF,,,,other,Postcode,623114,136821,3500,18000,,,,,,,Folkestone,http://data.ordnancesurvey.co.uk/id/4000000074566736,http://www.ordnancesurvey.co.uk/xml/codelists/localtype.xml#town,Folkestone and Hythe,http://data.ordnancesurvey.co.uk/id/7000000000018085,http://data.ordnancesurvey.co.uk/ontology/admingeo/District,Kent,http://data.ordnancesurvey.co.uk/id/7000000000018210,http://data.ordnancesurvey.co.uk/ontology/admingeo/County,South East,http://data.ordnancesurvey.co.uk/id/7000000000041421,England,http://data.ordnancesurvey.co.uk/id/country/england,,,
CT196ES,http://data.ordnancesurvey.co.uk/id/postcodeunit/CT196ES,CT19 6ES,,,,other,Postcode,623029,137132,3500,18000,,,,,,,Folkestone,http://data.ordnancesurvey.co.uk/id/4000000074566736,http://www.ordnancesurvey.co.uk/xml/codelists/localtype.xml#town,Folkestone and Hythe,http://data.ordnancesurvey.co.uk/id/7000000000018085,http://data.ordnancesurvey.co.uk/ontology/admingeo/District,Kent,http://data.ordnancesurvey.co.uk/id/7000000000018210,http://data.ordnancesurvey.co.uk/ontology/admingeo/County,South East,http://data.ordnancesurvey.co.uk/id/7000000000041421,England,http://data.ordnancesurvey.co.uk/id/country/england,,,
CT195BS,http://data.ordnancesurvey.co.uk/id/postcodeunit/CT195BS,CT19 5BS,,,,other,Postcode,622429,136675,3500,18000,,,,,,,Folkestone,http://data.ordnancesurvey.co.uk/id/4000000074566736,http://www.ordnancesurvey.co.uk/xml/codelists/localtype.xml#town,Folkestone and Hythe,http://data.ordnancesurvey.co.uk/id/7000000000018085,http://data.ordnancesurvey.co.uk/ontology/admingeo/District,Kent,http://data.ordnancesurvey.co.uk/id/7000000000018210,http://data.ordnancesurvey.co.uk/ontology/admingeo/County,South East,http://data.ordnancesurvey.co.uk/id/7000000000041421,England,http://data.ordnancesurvey.co.uk/id/country/england,,,
CT195UN,http://data.ordnancesurvey.co.uk/id/postcodeunit/CT195UN,CT19 5UN,,,,other,Postcode,622858,136690,3500,18000,,,,,,,Folkestone,http://data.ordnancesurvey.co.uk/id/4000000074566736,http://www.ordnancesurvey.co.uk/xml/codelists/localtype.xml#town,Folkestone and Hythe,http://data.ordnancesurvey.co.uk/id/7000000000018085,http://data.ordnancesurvey.co.uk/ontology/admingeo/District,Kent,http://data.ordnancesurvey.co.uk/id/7000000000018210,http://data.ordnancesurvey.co.uk/ontology/admingeo/County,South East,http://data.ordnancesurvey.co.uk/id/7000000000041421,England,http://data.ordnancesurvey.co.uk/id/country/england,,,
CT201NW,http://data.ordnancesurvey.co.uk/id/postcodeunit/CT201NW,CT20 1NW,,,,other,Postcode,623240,136506,3500,18000,,,,,,,Folkestone,http://data.ordnancesurvey.co.uk/id/4000000074566736,http://www.ordnancesurvey.co.uk/xml/codelists/localtype.xml#town,Folkestone and Hythe,http://data.ordnancesurvey.co.uk/id/7000000000018085,http://data.ordnancesurvey.co.uk/ontology/admingeo/District,Kent,http://data.ordnancesurvey.co.uk/id/7000000000018210,http://data.ordnancesurvey.co.uk/ontology/admingeo/County,South East,http://data.ordnancesurvey.co.uk/id/7000000000041421,England,http://data.ordnancesurvey.co.uk/id/country/england,,,
CT203HN,http://data.ordnancesurvey.co.uk/id/postcodeunit/CT203HN,CT20 3HN,,,,other,Postcode,620018,135765,3500,18000,,,,,,,Folkestone,http://data.ordnancesurvey.co.uk/id/4000000074566736,http://www.ordnancesurvey.co.uk/xml/codelists/localtype.xml#town,Folkestone and Hythe,http://data.ordnancesurvey.co.uk/id/7000000000018085,http://data.ordnancesurvey.co.uk/ontology/admingeo/District,Kent,http://data.ordnancesurvey.co.uk/id/7000000000018210,http://data.ordnancesurvey.co.uk/ontology/admingeo/County,South East,http://data.ordnancesurvey.co.uk/id/7000000000041421,England,http://data.ordnancesurvey.co.uk/id/country/england,,,
CT209GU,http://data.ordnancesurvey.co.uk/id/postcodeunit/CT209GU,CT20 9GU,,,,other,Postcode,622641,135834,3500,18000,,,,,,,Folkestone,http://data.ordnancesurvey.co.uk/id/4000000074566736,http://www.ordnancesurvey.co.uk/xml/codelists/localtype.xml#town,Folkestone and Hythe,http://data.ordnancesurvey.co.uk/id/7000000000018085,http://data.ordnancesurvey.co.uk/ontology/admingeo/District,Kent,http://data.ordnancesurvey.co.uk/id/7000000000018210,http://data.ordnancesurvey.co.uk/ontology/admingeo/County,South East,http://data.ordnancesurvey.co.uk/id/7000000000041421,England,http://data.ordnancesurvey.co.uk/id/country/england,,,
CT201LH,http://data.ordnancesurvey.co.uk/id/postcodeunit/CT201LH,CT20 1LH,,,,other,Postcode,623144,136249,3500,18000,,,,,,,Folkestone,http://data.ordnancesurvey.co.uk/id/4000000074566736,http://www.ordnancesurvey.co.uk/xml/codelists/localtype.xml#town,Folkestone and Hythe,http://data.ordnancesurvey.co.uk/id/7000000000018085,http://data.ordnancesurvey.co.uk/ontology/admingeo/District,Kent,http://data.ordnancesurvey.co.uk/id/7000000000018210,http://data.ordnancesurvey.co.uk/ontology/admingeo/County,South East,http://data.ordnancesurvey.co.uk/id/7000000000041421,England,http://data.ordnancesurvey.co.uk/id/country/england,,,
CT201HH,http://data.ordnancesurvey.co.uk/id/postcodeunit/CT201HH,CT20 1HH,,,,other,Postcode,622746,136271,3500,18000,,,,,,,Folkestone,http://data.ordnancesurvey.co.uk/id/4000000074566736,http://www.ordnancesurvey.co.uk/xml/codelists/localtype.xml#town,Folkestone and Hythe,http://data.ordnancesurvey.co.uk/id/7000000000018085,http://data.ordnancesurvey.co.uk/ontology/admingeo/District,Kent,http://data.ordnancesurvey.co.uk/id/7000000000018210,http://data.ordnancesurvey.co.uk/ontology/admingeo/County,South East,http://data.ordnancesurvey.co.uk/id/7000000000041421,England,http://data.ordnancesurvey.co.uk/id/country/england,,,
CT187HS,http://data.ordnancesurvey.co.uk/id/postcodeunit/CT187HS,CT18 7HS,,,,other,Postcode,625347,138478,3500,18000,,,,,,,Capel-le-Ferne,http://data.ordnancesurvey.co.uk/id/4000000074568384,http://www.ordnancesurvey.co.uk/xml/codelists/localtype.xml#village,Dover,http://data.ordnancesurvey.co.uk/id/7000000000017977,http://data.ordnancesurvey.co.uk/ontology/admingeo/District,Kent,http://data.ordnancesurvey.co.uk/id/7000000000018210,http://data.ordnancesurvey.co.uk/ontology/admingeo/County,South East,http://data.ordnancesurvey.co.uk/id/7000000000041421,England,http://data.ordnancesurvey.co.uk/id/country/england,,,
CT195EL,http://data.ordnancesurvey.co.uk/id/postcodeunit/CT195EL,CT19 5EL,,,,other,Postcode,623017,136961,3500,18000,,,,,,,Folkestone,http://data.ordnancesurvey.co.uk/id/4000000074566736,http://www.ordnancesurvey.co.uk/xml/codelists/localtype.xml#town,Folkestone and Hythe,http://data.ordnancesurvey.co.uk/id/7000000000018085,http://data.ordnancesurvey.co.uk/ontology/admingeo/District,Kent,http://data.ordnancesurvey.co.uk/id/7000000000018210,http://data.ordnancesurvey.co.uk/ontology/admingeo/County,South East,http://data.ordnancesurvey.co.uk/id/7000000000041421,England,http://data.ordnancesurvey.co.uk/id/country/england,,,
CT196NH,http://data.ordnancesurvey.co.uk/id/postcodeunit/CT196NH,CT19 6NH,,,,other,Postcode,623373,136991,3500,18000,,,,,,,Folkestone,http://data.ordnancesurvey.co.uk/id/4000000074566736,http://www.ordnancesurvey.co.uk/xml/codelists/localtype.xml#town,Folkestone and Hythe,http://data.ordnancesurvey.co.uk/id/7000000000018085,http://data.ordnancesurvey.co.uk/ontology/admingeo/District,Kent,http://data.ordnancesurvey.co.uk/id/7000000000018210,http://data.ordnancesurvey.co.uk/ontology/admingeo/County,South East,http://data.ordnancesurvey.co.uk/id/7000000000041421,England,http://data.ordnancesurvey.co.uk/id/country/england,,,
CT196JR,http://data.ordnancesurvey.co.uk/id/postcodeunit/CT196JR,CT19 6JR,,,,other,Postcode,623426,137284,3500,18000,,,,,,,Folkestone,http://data.ordnancesurvey.co.uk/id/4000000074566736,http://www.ordnancesurvey.co.uk/xml/codelists/localtype.xml#town,Folkestone and Hythe,http://data.ordnancesurvey.co.uk/id/7000000000018085,http://data.ordnancesurvey.co.uk/ontology/admingeo/District,Kent,http://data.ordnancesurvey.co.uk/id/7000000000018210,http://data.ordnancesurvey.co.uk/ontology/admingeo/County,South East,http://data.ordnancesurvey.co.uk/id/7000000000041421,England,http://data.ordnancesurvey.co.uk/id/country/england,,,
CT187JD,http://data.ordnancesurvey.co.uk/id/postcodeunit/CT187JD,CT18 7JD,,,,other,Postcode,625614,138756,3500,18000,,,,,,,Capel-le-Ferne,http://data.ordnancesurvey.co.uk/id/4000000074568384,http://www.ordnancesurvey.co.uk/xml/codelists/localtype.xml#village,Dover,http://data.ordnancesurvey.co.uk/id/7000000000017977,http://data.ordnancesurvey.co.uk/ontology/admingeo/District,Kent,http://data.ordnancesurvey.co.uk/id/7000000000018210,http://data.ordnancesurvey.co.uk/ontology/admingeo/County,South East,http://data.ordnancesurvey.co.uk/id/7000000000041421,England,http://data.ordnancesurvey.co.uk/id/country/england,,,
CT195BZ,http://data.ordnancesurvey.co.uk/id/postcodeunit/CT195BZ,CT19 5BZ,,,,other,Postcode,622349,136881,3500,18000,,,,,,,Folkestone,http://data.ordnancesurvey.co.uk/id/4000000074566736,http://www.ordnancesurvey.co.uk/xml/codelists/localtype.xml#town,Folkestone and Hythe,http://data.ordnancesurvey.co.uk/id/7000000000018085,http://data.ordnancesurvey.co.uk/ontology/admingeo/District,Kent,http://data.ordnancesurvey.co.uk/id/7000000000018210,http://data.ordnancesurvey.co.uk/ontology/admingeo/County,South East,http://data.ordnancesurvey.co.uk/id/7000000000041421,England,http://data.ordnancesurvey.co.uk/id/country/england,,,
CT196LE,http://data.ordnancesurvey.co.uk/id/postcodeunit/CT196LE,CT19 6LE,,,,other,Postcode,622603,137699,3500,18000,,,,,,,Folkestone,http://data.ordnancesurvey.co.uk/id/4000000074566736,http://www.ordnancesurvey.co.uk/xml/codelists/localtype.xml#town,Folkestone and Hythe,http://data.ordnancesurvey.co.uk/id/7000000000018085,http://data.ordnancesurvey.co.uk/ontology/admingeo/District,Kent,http://data.ordnancesurvey.co.uk/id/7000000000018210,http://data.ordnancesurvey.co.uk/ontology/admingeo/County,South East,http://data.ordnancesurvey.co.uk/id/7000000000041421,England,http://data.ordnancesurvey.co.uk/id/country/england,,,
CT202BN,http://data.ordnancesurvey.co.uk/id/postcodeunit/CT202BN,CT20 2BN,,,,other,Postcode,622363,135700,3500,18000,,,,,,,Folkestone,http://data.ordnancesurvey.co.uk/id/4000000074566736,http://www.ordnancesurvey.co.uk/xml/codelists/localtype.xml#town,Folkestone and Hythe,http://data.ordnancesurvey.co.uk/id/7000000000018085,http://data.ordnancesurvey.co.uk/ontology/admingeo/District,Kent,http://data.ordnancesurvey.co.uk/id/7000000000018210,http://data.ordnancesurvey.co.uk/ontology/admingeo/County,South East,http://data.ordnancesurvey.co.uk/id/7000000000041421,England,http://data.ordnancesurvey.co.uk/id/country/england,,,
CT202PS,http://data.ordnancesurvey.co.uk/id/postcodeunit/CT202PS,CT20 2PS,,,,other,Postcode,621562,135704,3500,18000,,,,,,,Folkestone,http://data.ordnancesurvey.co.uk/id/4000000074566736,http://www.ordnancesurvey.co.uk/xml/codelists/localtype.xml#town,Folkestone and Hythe,http://data.ordnancesurvey.co.uk/id/7000000000018085,http://data.ordnancesurvey.co.uk/ontology/admingeo/District,Kent,http://data.ordnancesurvey.co.uk/id/7000000000018210,http://data.ordnancesurvey.co.uk/ontology/admingeo/County,South East,http://data.ordnancesurvey.co.uk/id/7000000000041421,England,http://data.ordnancesurvey.co.uk/id/country/england,,,
CT196BU,http://data.ordnancesurvey.co.uk/id/postcodeunit/CT196BU,CT19 6BU,,,,other,Postcode,623443,136382,3500,18000,,,,,,,Folkestone,http://data.ordnancesurvey.co.uk/id/4000000074566736,http://www.ordnancesurvey.co.uk/xml/codelists/localtype.xml#town,Folkestone and Hythe,http://data.ordnancesurvey.co.uk/id/7000000000018085,http://data.ordnancesurvey.co.uk/ontology/admingeo/District,Kent,http://data.ordnancesurvey.co.uk/id/7000000000018210,http://data.ordnancesurvey.co.uk/ontology/admingeo/County,South East,http://data.ordnancesurvey.co.uk/id/7000000000041421,England,http://data.ordnancesurvey.co.uk/id/country/england,,,
CT202NH,http://data.ordnancesurvey.co.uk/id/postcodeunit/CT202NH,CT20 2NH,,,,other,Postcode,621363,136072,3500,18000,,,,,,,Folkestone,http://data.ordnancesurvey.co.uk/id/4000000074566736,http://www.ordnancesurvey.co.uk/xml/codelists/localtype.xml#town,Folkestone and Hythe,http://data.ordnancesurvey.co.uk/id/7000000000018085,http://data.ordnancesurvey.co.uk/ontology/admingeo/District,Kent,http://data.ordnancesurvey.co.uk/id/7000000000018210,http://data.ordnancesurvey.co.uk/ontology/admingeo/County,South East,http://data.ordnancesurvey.co.uk/id/7000000000041421,England,http://data.ordnancesurvey.co.uk/id/country/england,,,
CT201JR,http://data.ordnancesurvey.co.uk/id/postcodeunit/CT201JR,CT20 1JR,,,,other,Postcode,623004,136194,3500,18000,,,,,,,Folkestone,http://data.ordnancesurvey.co.uk/id/4000000074566736,http://www.ordnancesurvey.co.uk/xml/codelists/localtype.xml#town,Folkestone and Hythe,http://data.ordnancesurvey.co.uk/id/7000000000018085,http://data.ordnancesurvey.co.uk/ontology/admingeo/District,Kent,http://data.ordnancesurvey.co.uk/id/7000000000018210,http://data.ordnancesurvey.co.uk/ontology/admingeo/County,South East,http://data.ordnancesurvey.co.uk/id/7000000000041421,England,http://data.ordnancesurvey.co.uk/id/country/england,,,
CT196LL,http://data.ordnancesurvey.co.uk/id/postcodeunit/CT196LL,CT19 6LL,,,,other,Postcode,623023,137861,3500,18000,,,,,,,Folkestone,http://data.ordnancesurvey.co.uk/id/4000000074566736,http://www.ordnancesurvey.co.uk/xml/codelists/localtype.xml#town,Folkestone and Hythe,http://data.ordnancesurvey.co.uk/id/7000000000018085,http://data.ordnancesurvey.co.uk/ontology/admingeo/District,Kent,http://data.ordnancesurvey.co.uk/id/7000000000018210,http://data.ordnancesurvey.co.uk/ontology/admingeo/County,South East,http://data.ordnancesurvey.co.uk/id/7000000000041421,England,http://data.ordnancesurvey.co.uk/id/country/england,,,
CT196DZ,http://data.ordnancesurvey.co.uk/id/postcodeunit/CT196DZ,CT19 6DZ,,,,other,Postcode,623678,136845,3500,18000,,,,,,,Folkestone,http://data.ordnancesurvey.co.uk/id/4000000074566736,http://www.ordnancesurvey.co.uk/xml/codelists/localtype.xml#town,Folkestone and Hythe,http://data.ordnancesurvey.co.uk/id/7000000000018085,http://data.ordnancesurvey.co.uk/ontology/admingeo/District,Kent,http://data.ordnancesurvey.co.uk/id/7000000000018210,http://data.ordnancesurvey.co.uk/ontology/admingeo/County,South East,http://data.ordnancesurvey.co.uk/id/7000000000041421,England,http://data.ordnancesurvey.co.uk/id/country/england,,,
CT195QH,http://data.ordnancesurvey.co.uk/id/postcodeunit/CT195QH,CT19 5QH,,,,other,Postcode,622841,137551,3500,18000,,,,,,,Folkestone,http://data.ordnancesurvey.co.uk/id/4000000074566736,http://www.ordnancesurvey.co.uk/xml/codelists/localtype.xml#town,Folkestone and Hythe,http://data.ordnancesurvey.co.uk/id/7000000000018085,http://data.ordnancesurvey.co.uk/ontology/admingeo/District,Kent,http://data.ordnancesurvey.co.uk/id/7000000000018210,http://data.ordnancesurvey.co.uk/ontology/admingeo/County,South East,http://data.ordnancesurvey.co.uk/id/7000000000041421,England,http://data.ordnancesurvey.co.uk/id/country/england,,,
CT202HY,http://data.ordnancesurvey.co.uk/id/postcodeunit/CT202HY,CT20 2HY,,,,other,Postcode,621641,135599,3500,18000,,,,,,,Folkestone,http://data.ordnancesurvey.co.uk/id/4000000074566736,http://www.ordnancesurvey.co.uk/xml/codelists/localtype.xml#town,Folkestone and Hythe,http://data.ordnancesurvey.co.uk/id/7000000000018085,http://data.ordnancesurvey.co.uk/ontology/admingeo/District,Kent,http://data.ordnancesurvey.co.uk/id/7000000000018210,http://data.ordnancesurvey.co.uk/ontology/admingeo/County,South East,http://data.ordnancesurvey.co.uk/id/7000000000041421,England,http://data.ordnancesurvey.co.uk/id/country/england,,,
CT201FE,http://data.ordnancesurvey.co.uk/id/postcodeunit/CT201FE,CT20 1FE,,,,other,Postcode,622835,135623,3500,18000,,,,,,,Folkestone,http://data.ordnancesurvey.co.uk/id/4000000074566736,http://www.ordnancesurvey.co.uk/xml/codelists/localtype.xml#town,Folkestone and Hythe,http://data.ordnancesurvey.co.uk/id/7000000000018085,http://data.ordnancesurvey.co.uk/ontology/admingeo/District,Kent,http://data.ordnancesurvey.co.uk/id/7000000000018210,http://data.ordnancesurvey.co.uk/ontology/admingeo/County,South East,http://data.ordnancesurvey.co.uk/id/7000000000041421,England,http://data.ordnancesurvey.co.uk/id/country/england,,,
CT194DA,http://data.ordnancesurvey.co.uk/id/postcodeunit/CT194DA,CT19 4DA,,,,other,Postcode,620370,136661,3500,18000,,,,,,,Folkestone,http://data.ordnancesurvey.co.uk/id/4000000074566736,http://www.ordnancesurvey.co.uk/xml/codelists/localtype.xml#town,Folkestone and Hythe,http://data.ordnancesurvey.co.uk/id/7000000000018085,http://data.ordnancesurvey.co.uk/ontology/admingeo/District,Kent,http://data.ordnancesurvey.co.uk/id/7000000000018210,http://data.ordnancesurvey.co.uk/ontology/admingeo/County,South East,http://data.ordnancesurvey.co.uk/id/7000000000041421,England,http://data.ordnancesurvey.co.uk/id/country/england,,,
CT187SE,http://data.ordnancesurvey.co.uk/id/postcodeunit/CT187SE,CT18 7SE,,,,other,Postcode,620848,139098,3500,18000,,,,,,,Hawkinge,http://data.ordnancesurvey.co.uk/id/4000000074566747,http://www.ordnancesurvey.co.uk/xml/codelists/localtype.xml#village,Folkestone and Hythe,http://data.ordnancesurvey.co.uk/id/7000000000018085,http://data.ordnancesurvey.co.uk/ontology/admingeo/District,Kent,http://data.ordnancesurvey.co.uk/id/7000000000018210,http://data.ordnancesurvey.co.uk/ontology/admingeo/County,South East,http://data.ordnancesurvey.co.uk/id/7000000000041421,England,http://data.ordnancesurvey.co.uk/id/country/england,,,
CT195HT,http://data.ordnancesurvey.co.uk/id/postcodeunit/CT195HT,CT19 5HT,,,,other,Postcode,621864,136648,3500,18000,,,,,,,Folkestone,http://data.ordnancesurvey.co.uk/id/4000000074566736,http://www.ordnancesurvey.co.uk/xml/codelists/localtype.xml#town,Folkestone and Hythe,http://data.ordnancesurvey.co.uk/id/7000000000018085,http://data.ordnancesurvey.co.uk/ontology/admingeo/District,Kent,http://data.ordnancesurvey.co.uk/id/7000000000018210,http://data.ordnancesurvey.co.uk/ontology/admingeo/County,South East,http://data.ordnancesurvey.co.uk/id/7000000000041421,England,http://data.ordnancesurvey.co.uk/id/country/england,,,
CT196DJ,http://data.ordnancesurvey.co.uk/id/postcodeunit/CT196DJ,CT19 6DJ,,,,other,Postcode,623538,136671,3500,18000,,,,,,,Folkestone,http://data.ordnancesurvey.co.uk/id/4000000074566736,http://www.ordnancesurvey.co.uk/xml/codelists/localtype.xml#town,Folkestone and Hythe,http://data.ordnancesurvey.co.uk/id/7000000000018085,http://data.ordnancesurvey.co.uk/ontology/admingeo/District,Kent,http://data.ordnancesurvey.co.uk/id/7000000000018210,http://data.ordnancesurvey.co.uk/ontology/admingeo/County,South East,http://data.ordnancesurvey.co.uk/id/7000000000041421,England,http://data.ordnancesurvey.co.uk/id/country/england,,,
CT195AD,http://data.ordnancesurvey.co.uk/id/postcodeunit/CT195AD,CT19 5AD,,,,other,Postcode,622594,136586,3500,18000,,,,,,,Folkestone,http://data.ordnancesurvey.co.uk/id/4000000074566736,http://www.ordnancesurvey.co.uk/xml/codelists/localtype.xml#town,Folkestone and Hythe,http://data.ordnancesurvey.co.uk/id/7000000000018085,http://data.ordnancesurvey.co.uk/ontology/admingeo/District,Kent,http://data.ordnancesurvey.co.uk/id/7000000000018210,http://data.ordnancesurvey.co.uk/ontology/admingeo/County,South East,http://data.ordnancesurvey.co.uk/id/7000000000041421,England,http://data.ordnancesurvey.co.uk/id/country/england,,,
CT202HJ,http://data.ordnancesurvey.co.uk/id/postcodeunit/CT202HJ,CT20 2HJ,,,,other,Postcode,622041,135554,3500,18000,,,,,,,Folkestone,http://data.ordnancesurvey.co.uk/id/4000000074566736,http://www.ordnancesurvey.co.uk/xml/codelists/localtype.xml#town,Folkestone and Hythe,http://data.ordnancesurvey.co.uk/id/7000000000018085,http://data.ordnancesurvey.co.uk/ontology/admingeo/District,Kent,http://data.ordnancesurvey.co.uk/id/7000000000018210,http://data.ordnancesurvey.co.uk/ontology/admingeo/County,South East,http://data.ordnancesurvey.co.uk/id/7000000000041421,England,http://data.ordnancesurvey.co.uk/id/country/england,,,
CT202UQ,http://data.ordnancesurvey.co.uk/id/postcodeunit/CT202UQ,CT20 2UQ,,,,other,Postcode,622052,136065,3500,18000,,,,,,,Folkestone,http://data.ordnancesurvey.co.uk/id/4000000074566736,http://www.ordnancesurvey.co.uk/xml/codelists/localtype.xml#town,Folkestone and Hythe,http://data.ordnancesurvey.co.uk/id/7000000000018085,http://data.ordnancesurvey.co.uk/ontology/admingeo/District,Kent,http://data.ordnancesurvey.co.uk/id/7000000000018210,http://data.ordnancesurvey.co.uk/ontology/admingeo/County,South East,http://data.ordnancesurvey.co.uk/id/7000000000041421,England,http://data.ordnancesurvey.co.uk/id/country/england,,,
CT196PN,http://data.ordnancesurvey.co.uk/id/postcodeunit/CT196PN,CT19 6PN,,,,other,Postcode,623918,137492,3500,18000,,,,,,,Folkestone,http://data.ordnancesurvey.co.uk/id/4000000074566736,http://www.ordnancesurvey.co.uk/xml/codelists/localtype.xml#town,Folkestone and Hythe,http://data.ordnancesurvey.co.uk/id/7000000000018085,http://data.ordnancesurvey.co.uk/ontology/admingeo/District,Kent,http://data.ordnancesurvey.co.uk/id/7000000000018210,http://data.ordnancesurvey.co.uk/ontology/admingeo/County,South East,http://data.ordnancesurvey.co.uk/id/7000000000041421,England,http://data.ordnancesurvey.co.uk/id/country/england,,,
CT203QA,http://data.ordnancesurvey.co.uk/id/postcodeunit/CT203QA,CT20 3QA,,,,other,Postcode,620939,136289,3500,18000,,,,,,,Folkestone,http://data.ordnancesurvey.co.uk/id/4000000074566736,http://www.ordnancesurvey.co.uk/xml/codelists/localtype.xml#town,Folkestone and Hythe,http://data.ordnancesurvey.co.uk/id/7000000000018085,http://data.ordnancesurvey.co.uk/ontology/admingeo/District,Kent,http://data.ordnancesurvey.co.uk/id/7000000000018210,http://data.ordnancesurvey.co.uk/ontology/admingeo/County,South East,http://data.ordnancesurvey.co.uk/id/7000000000041421,England,http://data.ordnancesurvey.co.uk/id/country/england,,,
CT202NW,http://data.ordnancesurvey.co.uk/id/postcodeunit/CT202NW,CT20 2NW,,,,other,Postcode,621133,136123,3500,18000,,,,,,,Folkestone,http://data.ordnancesurvey.co.uk/id/4000000074566736,http://www.ordnancesurvey.co.uk/xml/codelists/localtype.xml#town,Folkestone and Hythe,http://data.ordnancesurvey.co.uk/id/7000000000018085,http://data.ordnancesurvey.co.uk/ontology/admingeo/District,Kent,http://data.ordnancesurvey.co.uk/id/7000000000018210,http://data.ordnancesurvey.co.uk/ontology/admingeo/County,South East,http://data.ordnancesurvey.co.uk/id/7000000000041421,England,http://data.ordnancesurvey.co.uk/id/country/england,,,
CT196HU,http://data.ordnancesurvey.co.uk/id/postcodeunit/CT196HU,CT19 6HU,,,,other,Postcode,622987,137519,3500,18000,,,,,,,Folkestone,http://data.ordnancesurvey.co.uk/id/4000000074566736,http://www.ordnancesurvey.co.uk/xml/codelists/localtype.xml#town,Folkestone and Hythe,http://data.ordnancesurvey.co.uk/id/7000000000018085,http://data.ordnancesurvey.co.uk/ontology/admingeo/District,Kent,http://data.ordnancesurvey.co.uk/id/7000000000018210,http://data.ordnancesurvey.co.uk/ontology/admingeo/County,South East,http://data.ordnancesurvey.co.uk/id/7000000000041421,England,http://data.ordnancesurvey.co.uk/id/country/england,,,
CT194AF,http://data.ordnancesurvey.co.uk/id/postcodeunit/CT194AF,CT19 4AF,,,,other,Postcode,620747,137035,3500,18000,,,,,,,Folkestone,http://data.ordnancesurvey.co.uk/id/4000000074566736,http://www.ordnancesurvey.co.uk/xml/codelists/localtype.xml#town,Folkestone and Hythe,http://data.ordnancesurvey.co.uk/id/7000000000018085,http://data.ordnancesurvey.co.uk/ontology/admingeo/District,Kent,http://data.ordnancesurvey.co.uk/id/7000000000018210,http://data.ordnancesurvey.co.uk/ontology/admingeo/County,South East,http://data.ordnancesurvey.co.uk/id/7000000000041421,England,http://data.ordnancesurvey.co.uk/id/country/england,,,
CT209LS,http://data.ordnancesurvey.co.uk/id/postcodeunit/CT209LS,CT20 9LS,,,,other,Postcode,622641,135834,3500,18000,,,,,,,Folkestone,http://data.ordnancesurvey.co.uk/id/4000000074566736,http://www.ordnancesurvey.co.uk/xml/codelists/localtype.xml#town,Folkestone and Hythe,http://data.ordnancesurvey.co.uk/id/7000000000018085,http://data.ordnancesurvey.co.uk/ontology/admingeo/District,Kent,http://data.ordnancesurvey.co.uk/id/7000000000018210,http://data.ordnancesurvey.co.uk/ontology/admingeo/County,South East,http://data.ordnancesurvey.co.uk/id/7000000000041421,England,http://data.ordnancesurvey.co.uk/id/country/england,,,
CT195UD,http://data.ordnancesurvey.co.uk/id/postcodeunit/CT195UD,CT19 5UD,,,,other,Postcode,621515,137184,3500,18000,,,,,,,Folkestone,http://data.ordnancesurvey.co.uk/id/4000000074566736,http://www.ordnancesurvey.co.uk/xml/codelists/localtype.xml#town,Folkestone and Hythe,http://data.ordnancesurvey.co.uk/id/7000000000018085,http://data.ordnancesurvey.co.uk/ontology/admingeo/District,Kent,http://data.ordnancesurvey.co.uk/id/7000000000018210,http://data.ordnancesurvey.co.uk/ontology/admingeo/County,South East,http://data.ordnancesurvey.co.uk/id/7000000000041421,England,http://data.ordnancesurvey.co.uk/id/country/england,,,
CT209NP,http://data.ordnancesurvey.co.uk/id/postcodeunit/CT209NP,CT20 9NP,,,,other,Postcode,622641,135834,3500,18000,,,,,,,Folkestone,http://data.ordnancesurvey.co.uk/id/4000000074566736,http://www.ordnancesurvey.co.uk/xml/codelists/localtype.xml#town,Folkestone and Hythe,http://data.ordnancesurvey.co.uk/id/7000000000018085,http://data.ordnancesurvey.co.uk/ontology/admingeo/District,Kent,http://data.ordnancesurvey.co.uk/id/7000000000018210,http://data.ordnancesurvey.co.uk/ontology/admingeo/County,South East,http://data.ordnancesurvey.co.uk/id/7000000000041421,England,http://data.ordnancesurvey.co.uk/id/country/england,,,
CT187AF,http://data.ordnancesurvey.co.uk/id/postcodeunit/CT187AF,CT18 7AF,,,,other,Postcode,620441,139393,3500,18000,,,,,,,Hawkinge,http://data.ordnancesurvey.co.uk/id/4000000074566747,http://www.ordnancesurvey.co.uk/xml/codelists/localtype.xml#village,Folkestone and Hythe,http://data.ordnancesurvey.co.uk/id/7000000000018085,http://data.ordnancesurvey.co.uk/ontology/admingeo/District,Kent,http://data.ordnancesurvey.co.uk/id/7000000000018210,http://data.ordnancesurvey.co.uk/ontology/admingeo/County,South East,http://data.ordnancesurvey.co.uk/id/7000000000041421,England,http://data.ordnancesurvey.co.uk/id/country/england,,,
CT195HU,http://data.ordnancesurvey.co.uk/id/postcodeunit/CT195HU,CT19 5HU,,,,other,Postcode,621788,136698,3500,18000,,,,,,,Folkestone,http://data.ordnancesurvey.co.uk/id/4000000074566736,http://www.ordnancesurvey.co.uk/xml/codelists/localtype.xml#town,Folkestone and Hythe,http://data.ordnancesurvey.co.uk/id/7000000000018085,http://data.ordnancesurvey.co.uk/ontology/admingeo/District,Kent,http://data.ordnancesurvey.co.uk/id/7000000000018210,http://data.ordnancesurvey.co.uk/ontology/admingeo/County,South East,http://data.ordnancesurvey.co.uk/id/7000000000041421,England,http://data.ordnancesurvey.co.uk/id/country/england,,,
CT195RE,http://data.ordnancesurvey.co.uk/id/postcodeunit/CT195RE,CT19 5RE,,,,other,Postcode,622598,136788,3500,18000,,,,,,,Folkestone,http://data.ordnancesurvey.co.uk/id/4000000074566736,http://www.ordnancesurvey.co.uk/xml/codelists/localtype.xml#town,Folkestone and Hythe,http://data.ordnancesurvey.co.uk/id/7000000000018085,http://data.ordnancesurvey.co.uk/ontology/admingeo/District,Kent,http://data.ordnancesurvey.co.uk/id/7000000000018210,http://data.ordnancesurvey.co.uk/ontology/admingeo/County,South East,http://data.ordnancesurvey.co.uk/id/7000000000041421,England,http://data.ordnancesurvey.co.uk/id/country/england,,,
CT203PB,http://data.ordnancesurvey.co.uk/id/postcodeunit/CT203PB,CT20 3PB,,,,other,Postcode,620881,136361,3500,18000,,,,,,,Folkestone,http://data.ordnancesurvey.co.uk/id/4000000074566736,http://www.ordnancesurvey.co.uk/xml/codelists/localtype.xml#town,Folkestone and Hythe,http://data.ordnancesurvey.co.uk/id/7000000000018085,http://data.ordnancesurvey.co.uk/ontology/admingeo/District,Kent,http://data.ordnancesurvey.co.uk/id/7000000000018210,http://data.ordnancesurvey.co.uk/ontology/admingeo/County,South East,http://data.ordnancesurvey.co.uk/id/7000000000041421,England,http://data.ordnancesurvey.co.uk/id/country/england,,,
CT195SD,http://data.ordnancesurvey.co.uk/id/postcodeunit/CT195SD,CT19 5SD,,,,other,Postcode,622920,136905,3500,18000,,,,,,,Folkestone,http://data.ordnancesurvey.co.uk/id/4000000074566736,http://www.ordnancesurvey.co.uk/xml/codelists/localtype.xml#town,Folkestone and Hythe,http://data.ordnancesurvey.co.uk/id/7000000000018085,http://data.ordnancesurvey.co.uk/ontology/admingeo/District,Kent,http://data.ordnancesurvey.co.uk/id/7000000000018210,http://data.ordnancesurvey.co.uk/ontology/admingeo/County,South East,http://data.ordnancesurvey.co.uk/id/7000000000041421,England,http://data.ordnancesurvey.co.uk/id/country/england,,,
CT195TZ,http://data.ordnancesurvey.co.uk/id/postcodeunit/CT195TZ,CT19 5TZ,,,,other,Postcode,621695,137324,3500,18000,,,,,,,Folkestone,http://data.ordnancesurvey.co.uk/id/4000000074566736,http://www.ordnancesurvey.co.uk/xml/codelists/localtype.xml#town,Folkestone and Hythe,http://data.ordnancesurvey.co.uk/id/7000000000018085,http://data.ordnancesurvey.co.uk/ontology/admingeo/District,Kent,http://data.ordnancesurvey.co.uk/id/7000000000018210,http://data.ordnancesurvey.co.uk/ontology/admingeo/County,South East,http://data.ordnancesurvey.co.uk/id/7000000000041421,England,http://data.ordnancesurvey.co.uk/id/country/england,,,
CT194AS,http://data.ordnancesurvey.co.uk/id/postcodeunit/CT194AS,CT19 4AS,,,,other,Postcode,620835,137174,3500,18000,,,,,,,Folkestone,http://data.ordnancesurvey.co.uk/id/4000000074566736,http://www.ordnancesurvey.co.uk/xml/codelists/localtype.xml#town,Folkestone and Hythe,http://data.ordnancesurvey.co.uk/id/7000000000018085,http://data.ordnancesurvey.co.uk/ontology/admingeo/District,Kent,http://data.ordnancesurvey.co.uk/id/7000000000018210,http://data.ordnancesurvey.co.uk/ontology/admingeo/County,South East,http://data.ordnancesurvey.co.uk/id/7000000000041421,England,http://data.ordnancesurvey.co.uk/id/country/england,,,
CT201JQ,http://data.ordnancesurvey.co.uk/id/postcodeunit/CT201JQ,CT20 1JQ,,,,other,Postcode,622954,136209,3500,18000,,,,,,,Folkestone,http://data.ordnancesurvey.co.uk/id/4000000074566736,http://www.ordnancesurvey.co.uk/xml/codelists/localtype.xml#town,Folkestone and Hythe,http://data.ordnancesurvey.co.uk/id/7000000000018085,http://data.ordnancesurvey.co.uk/ontology/admingeo/District,Kent,http://data.ordnancesurvey.co.uk/id/7000000000018210,http://data.ordnancesurvey.co.uk/ontology/admingeo/County,South East,http://data.ordnancesurvey.co.uk/id/7000000000041421,England,http://data.ordnancesurvey.co.uk/id/country/england,,,
CT501ZU,http://data.ordnancesurvey.co.uk/id/postcodeunit/CT501ZU,CT50 1ZU,,,,other,Postcode,620692,135426,3500,18000,,,,,,,Folkestone,http://data.ordnancesurvey.co.uk/id/4000000074566736,http://www.ordnancesurvey.co.uk/xml/codelists/localtype.xml#town,Folkestone and Hythe,http://data.ordnancesurvey.co.uk/id/7000000000018085,http://data.ordnancesurvey.co.uk/ontology/admingeo/District,Kent,http://data.ordnancesurvey.co.uk/id/7000000000018210,http://data.ordnancesurvey.co.uk/ontology/admingeo/County,South East,http://data.ordnancesurvey.co.uk/id/7000000000041421,England,http://data.ordnancesurvey.co.uk/id/country/england,,,
CT501AH,http://data.ordnancesurvey.co.uk/id/postcodeunit/CT501AH,CT50 1AH,,,,other,Postcode,620132,135989,3500,18000,,,,,,,Folkestone,http://data.ordnancesurvey.co.uk/id/4000000074566736,http://www.ordnancesurvey.co.uk/xml/codelists/localtype.xml#town,Folkestone and Hythe,http://data.ordnancesurvey.co.uk/id/7000000000018085,http://data.ordnancesurvey.co.uk/ontology/admingeo/District,Kent,http://data.ordnancesurvey.co.uk/id/7000000000018210,http://data.ordnancesurvey.co.uk/ontology/admingeo/County,South East,http://data.ordnancesurvey.co.uk/id/7000000000041421,England,http://data.ordnancesurvey.co.uk/id/country/england,,,
CT195HP,http://data.ordnancesurvey.co.uk/id/postcodeunit/CT195HP,CT19 5HP,,,,other,Postcode,621857,136445,3500,18000,,,,,,,Folkestone,http://data.ordnancesurvey.co.uk/id/4000000074566736,http://www.ordnancesurvey.co.uk/xml/codelists/localtype.xml#town,Folkestone and Hythe,http://data.ordnancesurvey.co.uk/id/7000000000018085,http://data.ordnancesurvey.co.uk/ontology/admingeo/District,Kent,http://data.ordnancesurvey.co.uk/id/7000000000018210,http://data.ordnancesurvey.co.uk/ontology/admingeo/County,South East,http://data.ordnancesurvey.co.uk/id/7000000000041421,England,http://data.ordnancesurvey.co.uk/id/country/england,,,
CT201LU,http://data.ordnancesurvey.co.uk/id/postcodeunit/CT201LU,CT20 1LU,,,,other,Postcode,623161,136190,3500,18000,,,,,,,Folkestone,http://data.ordnancesurvey.co.uk/id/4000000074566736,http://www.ordnancesurvey.co.uk/xml/codelists/localtype.xml#town,Folkestone and Hythe,http://data.ordnancesurvey.co.uk/id/7000000000018085,http://data.ordnancesurvey.co.uk/ontology/admingeo/District,Kent,http://data.ordnancesurvey.co.uk/id/7000000000018210,http://data.ordnancesurvey.co.uk/ontology/admingeo/County,South East,http://data.ordnancesurvey.co.uk/id/7000000000041421,England,http://data.ordnancesurvey.co.uk/id/country/england,,,
CT202DA,http://data.ordnancesurvey.co.uk/id/postcodeunit/CT202DA,CT20 2DA,,,,other,Postcode,622394,135672,3500,18000,,,,,,,Folkestone,http://data.ordnancesurvey.co.uk/id/4000000074566736,http://www.ordnancesurvey.co.uk/xml/codelists/localtype.xml#town,Folkestone and Hythe,http://data.ordnancesurvey.co.uk/id/7000000000018085,http://data.ordnancesurvey.co.uk/ontology/admingeo/District,Kent,http://data.ordnancesurvey.co.uk/id/7000000000018210,http://data.ordnancesurvey.co.uk/ontology/admingeo/County,South East,http://data.ordnancesurvey.co.uk/id/7000000000041421,England,http://data.ordnancesurvey.co.uk/id/country/england,,,
CT194BX,http://data.ordnancesurvey.co.uk/id/postcodeunit/CT194BX,CT19 4BX,,,,other,Postcode,620405,136586,3500,18000,,,,,,,Folkestone,http://data.ordnancesurvey.co.uk/id/4000000074566736,http://www.ordnancesurvey.co.uk/xml/codelists/localtype.xml#town,Folkestone and Hythe,http://data.ordnancesurvey.co.uk/id/7000000000018085,http://data.ordnancesurvey.co.uk/ontology/admingeo/District,Kent,http://data.ordnancesurvey.co.uk/id/7000000000018210,http://data.ordnancesurvey.co.uk/ontology/admingeo/County,South East,http://data.ordnancesurvey.co.uk/id/7000000000041421,England,http://data.ordnancesurvey.co.uk/id/country/england,,,
CT203QU,http://data.ordnancesurvey.co.uk/id/postcodeunit/CT203QU,CT20 3QU,,,,other,Postcode,620898,135817,3500,18000,,,,,,,Folkestone,http://data.ordnancesurvey.co.uk/id/4000000074566736,http://www.ordnancesurvey.co.uk/xml/codelists/localtype.xml#town,Folkestone and Hythe,http://data.ordnancesurvey.co.uk/id/7000000000018085,http://data.ordnancesurvey.co.uk/ontology/admingeo/District,Kent,http://data.ordnancesurvey.co.uk/id/7000000000018210,http://data.ordnancesurvey.co.uk/ontology/admingeo/County,South East,http://data.ordnancesurvey.co.uk/id/7000000000041421,England,http://data.ordnancesurvey.co.uk/id/country/england,,,
CT202SE,http://data.ordnancesurvey.co.uk/id/postcodeunit/CT202SE,CT20 2SE,,,,other,Postcode,622369,136024,3500,18000,,,,,,,Folkestone,http://data.ordnancesurvey.co.uk/id/4000000074566736,http://www.ordnancesurvey.co.uk/xml/codelists/localtype.xml#town,Folkestone and Hythe,http://data.ordnancesurvey.co.uk/id/7000000000018085,http://data.ordnancesurvey.co.uk/ontology/admingeo/District,Kent,http://data.ordnancesurvey.co.uk/id/7000000000018210,http://data.ordnancesurvey.co.uk/ontology/admingeo/County,South East,http://data.ordnancesurvey.co.uk/id/7000000000041421,England,http://data.ordnancesurvey.co.uk/id/country/england,,,
CT195NN,http://data.ordnancesurvey.co.uk/id/postcodeunit/CT195NN,CT19 5NN,,,,other,Postcode,623069,136934,3500,18000,,,,,,,Folkestone,http://data.ordnancesurvey.co.uk/id/4000000074566736,http://www.ordnancesurvey.co.uk/xml/codelists/localtype.xml#town,Folkestone and Hythe,http://data.ordnancesurvey.co.uk/id/7000000000018085,http://data.ordnancesurvey.co.uk/ontology/admingeo/District,Kent,http://data.ordnancesurvey.co.uk/id/7000000000018210,http://data.ordnancesurvey.co.uk/ontology/admingeo/County,South East,http://data.ordnancesurvey.co.uk/id/7000000000041421,England,http://data.ordnancesurvey.co.uk/id/country/england,,,
CT201QR,http://data.ordnancesurvey.co.uk/id/postcodeunit/CT201QR,CT20 1QR,,,,other,Postcode,623246,136172,3500,18000,,,,,,,Folkestone,http://data.ordnancesurvey.co.uk/id/4000000074566736,http://www.ordnancesurvey.co.uk/xml/codelists/localtype.xml#town,Folkestone and Hythe,http://data.ordnancesurvey.co.uk/id/7000000000018085,http://data.ordnancesurvey.co.uk/ontology/admingeo/District,Kent,http://data.ordnancesurvey.co.uk/id/7000000000018210,http://data.ordnancesurvey.co.uk/ontology/admingeo/County,South East,http://data.ordnancesurvey.co.uk/id/7000000000041421,England,http://data.ordnancesurvey.co.uk/id/country/england,,,
CT202AD,http://data.ordnancesurvey.co.uk/id/postcodeunit/CT202AD,CT20 2AD,,,,other,Postcode,622551,135813,3500,18000,,,,,,,Folkestone,http://data.ordnancesurvey.co.uk/id/4000000074566736,http://www.ordnancesurvey.co.uk/xml/codelists/localtype.xml#town,Folkestone and Hythe,http://data.ordnancesurvey.co.uk/id/7000000000018085,http://data.ordnancesurvey.co.uk/ontology/admingeo/District,Kent,http://data.ordnancesurvey.co.uk/id/7000000000018210,http://data.ordnancesurvey.co.uk/ontology/admingeo/County,South East,http://data.ordnancesurvey.co.uk/id/7000000000041421,England,http://data.ordnancesurvey.co.uk/id/country/england,,,
CT195PY,http://data.ordnancesurvey.co.uk/id/postcodeunit/CT195PY,CT19 5PY,,,,other,Postcode,622450,137551,3500,18000,,,,,,,Folkestone,http://data.ordnancesurvey.co.uk/id/4000000074566736,http://www.ordnancesurvey.co.uk/xml/codelists/localtype.xml#town,Folkestone and Hythe,http://data.ordnancesurvey.co.uk/id/7000000000018085,http://data.ordnancesurvey.co.uk/ontology/admingeo/District,Kent,http://data.ordnancesurvey.co.uk/id/7000000000018210,http://data.ordnancesurvey.co.uk/ontology/admingeo/County,South East,http://data.ordnancesurvey.co.uk/id/7000000000041421,England,http://data.ordnancesurvey.co.uk/id/country/england,,,
CT203AT,http://data.ordnancesurvey.co.uk/id/postcodeunit/CT203AT,CT20 3AT,,,,other,Postcode,620256,135290,3500,18000,,,,,,,Folkestone,http://data.ordnancesurvey.co.uk/id/4000000074566736,http://www.ordnancesurvey.co.uk/xml/codelists/localtype.xml#town,Folkestone and Hythe,http://data.ordnancesurvey.co.uk/id/7000000000018085,http://data.ordnancesurvey.co.uk/ontology/admingeo/District,Kent,http://data.ordnancesurvey.co.uk/id/7000000000018210,http://data.ordnancesurvey.co.uk/ontology/admingeo/County,South East,http://data.ordnancesurvey.co.uk/id/7000000000041421,England,http://data.ordnancesurvey.co.uk/id/country/england,,,
CT202NP,http://data.ordnancesurvey.co.uk/id/postcodeunit/CT202NP,CT20 2NP,,,,other,Postcode,620993,136172,3500,18000,,,,,,,Folkestone,http://data.ordnancesurvey.co.uk/id/4000000074566736,http://www.ordnancesurvey.co.uk/xml/codelists/localtype.xml#town,Folkestone and Hythe,http://data.ordnancesurvey.co.uk/id/7000000000018085,http://data.ordnancesurvey.co.uk/ontology/admingeo/District,Kent,http://data.ordnancesurvey.co.uk/id/7000000000018210,http://data.ordnancesurvey.co.uk/ontology/admingeo/County,South East,http://data.ordnancesurvey.co.uk/id/7000000000041421,England,http://data.ordnancesurvey.co.uk/id/country/england,,,
CT187SG,http://data.ordnancesurvey.co.uk/id/postcodeunit/CT187SG,CT18 7SG,,,,other,Postcode,622805,139689,3500,18000,,,,,,,,,,Folkestone and Hythe,http://data.ordnancesurvey.co.uk/id/7000000000018085,http://data.ordnancesurvey.co.uk/ontology/admingeo/District,Kent,http://data.ordnancesurvey.co.uk/id/7000000000018210,http://data.ordnancesurvey.co.uk/ontology/admingeo/County,South East,http://data.ordnancesurvey.co.uk/id/7000000000041421,England,http://data.ordnancesurvey.co.uk/id/country/england,,,
CT194BU,http://data.ordnancesurvey.co.uk/id/postcodeunit/CT194BU,CT19 4BU,,,,other,Postcode,620473,136642,3500,18000,,,,,,,Folkestone,http://data.ordnancesurvey.co.uk/id/4000000074566736,http://www.ordnancesurvey.co.uk/xml/codelists/localtype.xml#town,Folkestone and Hythe,http://data.ordnancesurvey.co.uk/id/7000000000018085,http://data.ordnancesurvey.co.uk/ontology/admingeo/District,Kent,http://data.ordnancesurvey.co.uk/id/7000000000018210,http://data.ordnancesurvey.co.uk/ontology/admingeo/County,South East,http://data.ordnancesurvey.co.uk/id/7000000000041421,England,http://data.ordnancesurvey.co.uk/id/country/england,,,
CT203NW,http://data.ordnancesurvey.co.uk/id/postcodeunit/CT203NW,CT20 3NW,,,,other,Postcode,620674,135804,3500,18000,,,,,,,Folkestone,http://data.ordnancesurvey.co.uk/id/4000000074566736,http://www.ordnancesurvey.co.uk/xml/codelists/localtype.xml#town,Folkestone and Hythe,http://data.ordnancesurvey.co.uk/id/7000000000018085,http://data.ordnancesurvey.co.uk/ontology/admingeo/District,Kent,http://data.ordnancesurvey.co.uk/id/7000000000018210,http://data.ordnancesurvey.co.uk/ontology/admingeo/County,South East,http://data.ordnancesurvey.co.uk/id/7000000000041421,England,http://data.ordnancesurvey.co.uk/id/country/england,,,
CT202NR,http://data.ordnancesurvey.co.uk/id/postcodeunit/CT202NR,CT20 2NR,,,,other,Postcode,620931,136096,3500,18000,,,,,,,Folkestone,http://data.ordnancesurvey.co.uk/id/4000000074566736,http://www.ordnancesurvey.co.uk/xml/codelists/localtype.xml#town,Folkestone and Hythe,http://data.ordnancesurvey.co.uk/id/7000000000018085,http://data.ordnancesurvey.co.uk/ontology/admingeo/District,Kent,http://data.ordnancesurvey.co.uk/id/7000000000018210,http://data.ordnancesurvey.co.uk/ontology/admingeo/County,South East,http://data.ordnancesurvey.co.uk/id/7000000000041421,England,http://data.ordnancesurvey.co.uk/id/country/england,,,
CT202BQ,http://data.ordnancesurvey.co.uk/id/postcodeunit/CT202BQ,CT20 2BQ,,,,other,Postcode,622632,135752,3500,18000,,,,,,,Folkestone,http://data.ordnancesurvey.co.uk/id/4000000074566736,http://www.ordnancesurvey.co.uk/xml/codelists/localtype.xml#town,Folkestone and Hythe,http://data.ordnancesurvey.co.uk/id/7000000000018085,http://data.ordnancesurvey.co.uk/ontology/admingeo/District,Kent,http://data.ordnancesurvey.co.uk/id/7000000000018210,http://data.ordnancesurvey.co.uk/ontology/admingeo/County,South East,http://data.ordnancesurvey.co.uk/id/7000000000041421,England,http://data.ordnancesurvey.co.uk/id/country/england,,,
CT194BE,http://data.ordnancesurvey.co.uk/id/postcodeunit/CT194BE,CT19 4BE,,,,other,Postcode,620668,136597,3500,18000,,,,,,,Folkestone,http://data.ordnancesurvey.co.uk/id/4000000074566736,http://www.ordnancesurvey.co.uk/xml/codelists/localtype.xml#town,Folkestone and Hythe,http://data.ordnancesurvey.co.uk/id/7000000000018085,http://data.ordnancesurvey.co.uk/ontology/admingeo/District,Kent,http://data.ordnancesurvey.co.uk/id/7000000000018210,http://data.ordnancesurvey.co.uk/ontology/admingeo/County,South East,http://data.ordnancesurvey.co.uk/id/7000000000041421,England,http://data.ordnancesurvey.co.uk/id/country/england,,,
CT196NN,http://data.ordnancesurvey.co.uk/id/postcodeunit/CT196NN,CT19 6NN,,,,other,Postcode,623326,136074,3500,18000,,,,,,,Folkestone,http://data.ordnancesurvey.co.uk/id/4000000074566736,http://www.ordnancesurvey.co.uk/xml/codelists/localtype.xml#town,Folkestone and Hythe,http://data.ordnancesurvey.co.uk/id/7000000000018085,http://data.ordnancesurvey.co.uk/ontology/admingeo/District,Kent,http://data.ordnancesurvey.co.uk/id/7000000000018210,http://data.ordnancesurvey.co.uk/ontology/admingeo/County,South East,http://data.ordnancesurvey.co.uk/id/7000000000041421,England,http://data.ordnancesurvey.co.uk/id/country/england,,,
CT187TA,http://data.ordnancesurvey.co.uk/id/postcodeunit/CT187TA,CT18 7TA,,,,other,Postcode,621052,139397,3500,18000,,,,,,,Hawkinge,http://data.ordnancesurvey.co.uk/id/4000000074566747,http://www.ordnancesurvey.co.uk/xml/codelists/localtype.xml#village,Folkestone and Hythe,http://data.ordnancesurvey.co.uk/id/7000000000018085,http://data.ordnancesurvey.co.uk/ontology/admingeo/District,Kent,http://data.ordnancesurvey.co.uk/id/7000000000018210,http://data.ordnancesurvey.co.uk/ontology/admingeo/County,South East,http://data.ordnancesurvey.co.uk/id/7000000000041421,England,http://data.ordnancesurvey.co.uk/id/country/england,,,
CT203WA,http://data.ordnancesurvey.co.uk/id/postcodeunit/CT203WA,CT20 3WA,,,,other,Postcode,622641,135834,3500,18000,,,,,,,Folkestone,http://data.ordnancesurvey.co.uk/id/4000000074566736,http://www.ordnancesurvey.co.uk/xml/codelists/localtype.xml#town,Folkestone and Hythe,http://data.ordnancesurvey.co.uk/id/7000000000018085,http://data.ordnancesurvey.co.uk/ontology/admingeo/District,Kent,http://data.ordnancesurvey.co.uk/id/7000000000018210,http://data.ordnancesurvey.co.uk/ontology/admingeo/County,South East,http://data.ordnancesurvey.co.uk/id/7000000000041421,England,http://data.ordnancesurvey.co.uk/id/country/england,,,
CT196BY,http://data.ordnancesurvey.co.uk/id/postcodeunit/CT196BY,CT19 6BY,,,,other,Postcode,623419,136443,3500,18000,,,,,,,Folkestone,http://data.ordnancesurvey.co.uk/id/4000000074566736,http://www.ordnancesurvey.co.uk/xml/codelists/localtype.xml#town,Folkestone and Hythe,http://data.ordnancesurvey.co.uk/id/7000000000018085,http://data.ordnancesurvey.co.uk/ontology/admingeo/District,Kent,http://data.ordnancesurvey.co.uk/id/7000000000018210,http://data.ordnancesurvey.co.uk/ontology/admingeo/County,South East,http://data.ordnancesurvey.co.uk/id/7000000000041421,England,http://data.ordnancesurvey.co.uk/id/country/england,,,
CT203SA,http://data.ordnancesurvey.co.uk/id/postcodeunit/CT203SA,CT20 3SA,,,,other,Postcode,620626,135807,3500,18000,,,,,,,Folkestone,http://data.ordnancesurvey.co.uk/id/4000000074566736,http://www.ordnancesurvey.co.uk/xml/codelists/localtype.xml#town,Folkestone and Hythe,http://data.ordnancesurvey.co.uk/id/7000000000018085,http://data.ordnancesurvey.co.uk/ontology/admingeo/District,Kent,http://data.ordnancesurvey.co.uk/id/7000000000018210,http://data.ordnancesurvey.co.uk/ontology/admingeo/County,South East,http://data.ordnancesurvey.co.uk/id/7000000000041421,England,http://data.ordnancesurvey.co.uk/id/country/england,,,
CT194PF,http://data.ordnancesurvey.co.uk/id/postcodeunit/CT194PF,CT19 4PF,,,,other,Postcode,620469,137177,3500,18000,,,,,,,Folkestone,http://data.ordnancesurvey.co.uk/id/4000000074566736,http://www.ordnancesurvey.co.uk/xml/codelists/localtype.xml#town,Folkestone and Hythe,http://data.ordnancesurvey.co.uk/id/7000000000018085,http://data.ordnancesurvey.co.uk/ontology/admingeo/District,Kent,http://data.ordnancesurvey.co.uk/id/7000000000018210,http://data.ordnancesurvey.co.uk/ontology/admingeo/County,South East,http://data.ordnancesurvey.co.uk/id/7000000000041421,England,http://data.ordnancesurvey.co.uk/id/country/england,,,
CT203ZG,http://data.ordnancesurvey.co.uk/id/postcodeunit/CT203ZG,CT20 3ZG,,,,other,Postcode,620691,135426,3500,18000,,,,,,,Folkestone,http://data.ordnancesurvey.co.uk/id/4000000074566736,http://www.ordnancesurvey.co.uk/xml/codelists/localtype.xml#town,Folkestone and Hythe,http://data.ordnancesurvey.co.uk/id/7000000000018085,http://data.ordnancesurvey.co.uk/ontology/admingeo/District,Kent,http://data.ordnancesurvey.co.uk/id/7000000000018210,http://data.ordnancesurvey.co.uk/ontology/admingeo/County,South East,http://data.ordnancesurvey.co.uk/id/7000000000041421,England,http://data.ordnancesurvey.co.uk/id/country/england,,,
CT195JN,http://data.ordnancesurvey.co.uk/id/postcodeunit/CT195JN,CT19 5JN,,,,other,Postcode,621777,137109,3500,18000,,,,,,,Folkestone,http://data.ordnancesurvey.co.uk/id/4000000074566736,http://www.ordnancesurvey.co.uk/xml/codelists/localtype.xml#town,Folkestone and Hythe,http://data.ordnancesurvey.co.uk/id/7000000000018085,http://data.ordnancesurvey.co.uk/ontology/admingeo/District,Kent,http://data.ordnancesurvey.co.uk/id/7000000000018210,http://data.ordnancesurvey.co.uk/ontology/admingeo/County,South East,http://data.ordnancesurvey.co.uk/id/7000000000041421,England,http://data.ordnancesurvey.co.uk/id/country/england,,,
CT501ZW,http://data.ordnancesurvey.co.uk/id/postcodeunit/CT501ZW,CT50 1ZW,,,,other,Postcode,620692,135426,3500,18000,,,,,,,Folkestone,http://data.ordnancesurvey.co.uk/id/4000000074566736,http://www.ordnancesurvey.co.uk/xml/codelists/localtype.xml#town,Folkestone and Hythe,http://data.ordnancesurvey.co.uk/id/7000000000018085,http://data.ordnancesurvey.co.uk/ontology/admingeo/District,Kent,http://data.ordnancesurvey.co.uk/id/7000000000018210,http://data.ordnancesurvey.co.uk/ontology/admingeo/County,South East,http://data.ordnancesurvey.co.uk/id/7000000000041421,England,http://data.ordnancesurvey.co.uk/id/country/england,,,
CT203PP,http://data.ordnancesurvey.co.uk/id/postcodeunit/CT203PP,CT20 3PP,,,,other,Postcode,620352,136525,3500,18000,,,,,,,Folkestone,http://data.ordnancesurvey.co.uk/id/4000000074566736,http://www.ordnancesurvey.co.uk/xml/codelists/localtype.xml#town,Folkestone and Hythe,http://data.ordnancesurvey.co.uk/id/7000000000018085,http://data.ordnancesurvey.co.uk/ontology/admingeo/District,Kent,http://data.ordnancesurvey.co.uk/id/7000000000018210,http://data.ordnancesurvey.co.uk/ontology/admingeo/County,South East,http://data.ordnancesurvey.co.uk/id/7000000000041421,England,http://data.ordnancesurvey.co.uk/id/country/england,,,
CT195PB,http://data.ordnancesurvey.co.uk/id/postcodeunit/CT195PB,CT19 5PB,,,,other,Postcode,622868,137369,3500,18000,,,,,,,Folkestone,http://data.ordnancesurvey.co.uk/id/4000000074566736,http://www.ordnancesurvey.co.uk/xml/codelists/localtype.xml#town,Folkestone and Hythe,http://data.ordnancesurvey.co.uk/id/7000000000018085,http://data.ordnancesurvey.co.uk/ontology/admingeo/District,Kent,http://data.ordnancesurvey.co.uk/id/7000000000018210,http://data.ordnancesurvey.co.uk/ontology/admingeo/County,South East,http://data.ordnancesurvey.co.uk/id/7000000000041421,England,http://data.ordnancesurvey.co.uk/id/country/england,,,
CT203ZN,http://data.ordnancesurvey.co.uk/id/postcodeunit/CT203ZN,CT20 3ZN,,,,other,Postcode,620691,135426,3500,18000,,,,,,,Folkestone,http://data.ordnancesurvey.co.uk/id/4000000074566736,http://www.ordnancesurvey.co.uk/xml/codelists/localtype.xml#town,Folkestone and Hythe,http://data.ordnancesurvey.co.uk/id/7000000000018085,http://data.ordnancesurvey.co.uk/ontology/admingeo/District,Kent,http://data.ordnancesurvey.co.uk/id/7000000000018210,http://data.ordnancesurvey.co.uk/ontology/admingeo/County,South East,http://data.ordnancesurvey.co.uk/id/7000000000041421,England,http://data.ordnancesurvey.co.uk/id/country/england,,,
CT187FP,http://data.ordnancesurvey.co.uk/id/postcodeunit/CT187FP,CT18 7FP,,,,other,Postcode,621578,139549,3500,18000,,,,,,,Hawkinge,http://data.ordnancesurvey.co.uk/id/4000000074566747,http://www.ordnancesurvey.co.uk/xml/codelists/localtype.xml#village,Folkestone and Hythe,http://data.ordnancesurvey.co.uk/id/7000000000018085,http://data.ordnancesurvey.co.uk/ontology/admingeo/District,Kent,http://data.ordnancesurvey.co.uk/id/7000000000018210,http://data.ordnancesurvey.co.uk/ontology/admingeo/County,South East,http://data.ordnancesurvey.co.uk/id/7000000000041421,England,http://data.ordnancesurvey.co.uk/id/country/england,,,
CT201DY,http://data.ordnancesurvey.co.uk/id/postcodeunit/CT201DY,CT20 1DY,,,,other,Postcode,622907,136012,3500,18000,,,,,,,Folkestone,http://data.ordnancesurvey.co.uk/id/4000000074566736,http://www.ordnancesurvey.co.uk/xml/codelists/localtype.xml#town,Folkestone and Hythe,http://data.ordnancesurvey.co.uk/id/7000000000018085,http://data.ordnancesurvey.co.uk/ontology/admingeo/District,Kent,http://data.ordnancesurvey.co.uk/id/7000000000018210,http://data.ordnancesurvey.co.uk/ontology/admingeo/County,South East,http://data.ordnancesurvey.co.uk/id/7000000000041421,England,http://data.ordnancesurvey.co.uk/id/country/england,,,
CT203ZD,http://data.ordnancesurvey.co.uk/id/postcodeunit/CT203ZD,CT20 3ZD,,,,other,Postcode,620691,135426,3500,18000,,,,,,,Folkestone,http://data.ordnancesurvey.co.uk/id/4000000074566736,http://www.ordnancesurvey.co.uk/xml/codelists/localtype.xml#town,Folkestone and Hythe,http://data.ordnancesurvey.co.uk/id/7000000000018085,http://data.ordnancesurvey.co.uk/ontology/admingeo/District,Kent,http://data.ordnancesurvey.co.uk/id/7000000000018210,http://data.ordnancesurvey.co.uk/ontology/admingeo/County,South East,http://data.ordnancesurvey.co.uk/id/7000000000041421,England,http://data.ordnancesurvey.co.uk/id/country/england,,,
CT195HX,http://data.ordnancesurvey.co.uk/id/postcodeunit/CT195HX,CT19 5HX,,,,other,Postcode,622013,136653,3500,18000,,,,,,,Folkestone,http://data.ordnancesurvey.co.uk/id/4000000074566736,http://www.ordnancesurvey.co.uk/xml/codelists/localtype.xml#town,Folkestone and Hythe,http://data.ordnancesurvey.co.uk/id/7000000000018085,http://data.ordnancesurvey.co.uk/ontology/admingeo/District,Kent,http://data.ordnancesurvey.co.uk/id/7000000000018210,http://data.ordnancesurvey.co.uk/ontology/admingeo/County,South East,http://data.ordnancesurvey.co.uk/id/7000000000041421,England,http://data.ordnancesurvey.co.uk/id/country/england,,,
CT195TB,http://data.ordnancesurvey.co.uk/id/postcodeunit/CT195TB,CT19 5TB,,,,other,Postcode,622094,136833,3500,18000,,,,,,,Folkestone,http://data.ordnancesurvey.co.uk/id/4000000074566736,http://www.ordnancesurvey.co.uk/xml/codelists/localtype.xml#town,Folkestone and Hythe,http://data.ordnancesurvey.co.uk/id/7000000000018085,http://data.ordnancesurvey.co.uk/ontology/admingeo/District,Kent,http://data.ordnancesurvey.co.uk/id/7000000000018210,http://data.ordnancesurvey.co.uk/ontology/admingeo/County,South East,http://data.ordnancesurvey.co.uk/id/7000000000041421,England,http://data.ordnancesurvey.co.uk/id/country/england,,,
CT202AJ,http://data.ordnancesurvey.co.uk/id/postcodeunit/CT202AJ,CT20 2AJ,,,,other,Postcode,622697,135775,3500,18000,,,,,,,Folkestone,http://data.ordnancesurvey.co.uk/id/4000000074566736,http://www.ordnancesurvey.co.uk/xml/codelists/localtype.xml#town,Folkestone and Hythe,http://data.ordnancesurvey.co.uk/id/7000000000018085,http://data.ordnancesurvey.co.uk/ontology/admingeo/District,Kent,http://data.ordnancesurvey.co.uk/id/7000000000018210,http://data.ordnancesurvey.co.uk/ontology/admingeo/County,South East,http://data.ordnancesurvey.co.uk/id/7000000000041421,England,http://data.ordnancesurvey.co.uk/id/country/england,,,
CT195FU,http://data.ordnancesurvey.co.uk/id/postcodeunit/CT195FU,CT19 5FU,,,,other,Postcode,622338,136371,3500,18000,,,,,,,Folkestone,http://data.ordnancesurvey.co.uk/id/4000000074566736,http://www.ordnancesurvey.co.uk/xml/codelists/localtype.xml#town,Folkestone and Hythe,http://data.ordnancesurvey.co.uk/id/7000000000018085,http://data.ordnancesurvey.co.uk/ontology/admingeo/District,Kent,http://data.ordnancesurvey.co.uk/id/7000000000018210,http://data.ordnancesurvey.co.uk/ontology/admingeo/County,South East,http://data.ordnancesurvey.co.uk/id/7000000000041421,England,http://data.ordnancesurvey.co.uk/id/country/england,,,
CT203QJ,http://data.ordnancesurvey.co.uk/id/postcodeunit/CT203QJ,CT20 3QJ,,,,other,Postcode,620609,136114,3500,18000,,,,,,,Folkestone,http://data.ordnancesurvey.co.uk/id/4000000074566736,http://www.ordnancesurvey.co.uk/xml/codelists/localtype.xml#town,Folkestone and Hythe,http://data.ordnancesurvey.co.uk/id/7000000000018085,http://data.ordnancesurvey.co.uk/ontology/admingeo/District,Kent,http://data.ordnancesurvey.co.uk/id/7000000000018210,http://data.ordnancesurvey.co.uk/ontology/admingeo/County,South East,http://data.ordnancesurvey.co.uk/id/7000000000041421,England,http://data.ordnancesurvey.co.uk/id/country/england,,,
CT202JT,http://data.ordnancesurvey.co.uk/id/postcodeunit/CT202JT,CT20 2JT,,,,other,Postcode,621358,136273,3500,18000,,,,,,,Folkestone,http://data.ordnancesurvey.co.uk/id/4000000074566736,http://www.ordnancesurvey.co.uk/xml/codelists/localtype.xml#town,Folkestone and Hythe,http://data.ordnancesurvey.co.uk/id/7000000000018085,http://data.ordnancesurvey.co.uk/ontology/admingeo/District,Kent,http://data.ordnancesurvey.co.uk/id/7000000000018210,http://data.ordnancesurvey.co.uk/ontology/admingeo/County,South East,http://data.ordnancesurvey.co.uk/id/7000000000041421,England,http://data.ordnancesurvey.co.uk/id/country/england,,,
CT196EY,http://data.ordnancesurvey.co.uk/id/postcodeunit/CT196EY,CT19 6EY,,,,other,Postcode,622957,137148,3500,18000,,,,,,,Folkestone,http://data.ordnancesurvey.co.uk/id/4000000074566736,http://www.ordnancesurvey.co.uk/xml/codelists/localtype.xml#town,Folkestone and Hythe,http://data.ordnancesurvey.co.uk/id/7000000000018085,http://data.ordnancesurvey.co.uk/ontology/admingeo/District,Kent,http://data.ordnancesurvey.co.uk/id/7000000000018210,http://data.ordnancesurvey.co.uk/ontology/admingeo/County,South East,http://data.ordnancesurvey.co.uk/id/7000000000041421,England,http://data.ordnancesurvey.co.uk/id/country/england,,,
CT187HJ,http://data.ordnancesurvey.co.uk/id/postcodeunit/CT187HJ,CT18 7HJ,,,,other,Postcode,624723,138335,3500,18000,,,,,,,Capel-le-Ferne,http://data.ordnancesurvey.co.uk/id/4000000074568384,http://www.ordnancesurvey.co.uk/xml/codelists/localtype.xml#village,Dover,http://data.ordnancesurvey.co.uk/id/7000000000017977,http://data.ordnancesurvey.co.uk/ontology/admingeo/District,Kent,http://data.ordnancesurvey.co.uk/id/7000000000018210,http://data.ordnancesurvey.co.uk/ontology/admingeo/County,South East,http://data.ordnancesurvey.co.uk/id/7000000000041421,England,http://data.ordnancesurvey.co.uk/id/country/england,,,
CT196EH,http://data.ordnancesurvey.co.uk/id/postcodeunit/CT196EH,CT19 6EH,,,,other,Postcode,623194,136996,3500,18000,,,,,,,Folkestone,http://data.ordnancesurvey.co.uk/id/4000000074566736,http://www.ordnancesurvey.co.uk/xml/codelists/localtype.xml#town,Folkestone and Hythe,http://data.ordnancesurvey.co.uk/id/7000000000018085,http://data.ordnancesurvey.co.uk/ontology/admingeo/District,Kent,http://data.ordnancesurvey.co.uk/id/7000000000018210,http://data.ordnancesurvey.co.uk/ontology/admingeo/County,South East,http://data.ordnancesurvey.co.uk/id/7000000000041421,England,http://data.ordnancesurvey.co.uk/id/country/england,,,
CT203QW,http://data.ordnancesurvey.co.uk/id/postcodeunit/CT203QW,CT20 3QW,,,,other,Postcode,620736,136107,3500,18000,,,,,,,Folkestone,http://data.ordnancesurvey.co.uk/id/4000000074566736,http://www.ordnancesurvey.co.uk/xml/codelists/localtype.xml#town,Folkestone and Hythe,http://data.ordnancesurvey.co.uk/id/7000000000018085,http://data.ordnancesurvey.co.uk/ontology/admingeo/District,Kent,http://data.ordnancesurvey.co.uk/id/7000000000018210,http://data.ordnancesurvey.co.uk/ontology/admingeo/County,South East,http://data.ordnancesurvey.co.uk/id/7000000000041421,England,http://data.ordnancesurvey.co.uk/id/country/england,,,
CT209SY,http://data.ordnancesurvey.co.uk/id/postcodeunit/CT209SY,CT20 9SY,,,,other,Postcode,622119,135914,3500,18000,,,,,,,Folkestone,http://data.ordnancesurvey.co.uk/id/4000000074566736,http://www.ordnancesurvey.co.uk/xml/codelists/localtype.xml#town,Folkestone and Hythe,http://data.ordnancesurvey.co.uk/id/7000000000018085,http://data.ordnancesurvey.co.uk/ontology/admingeo/District,Kent,http://data.ordnancesurvey.co.uk/id/7000000000018210,http://data.ordnancesurvey.co.uk/ontology/admingeo/County,South East,http://data.ordnancesurvey.co.uk/id/7000000000041421,England,http://data.ordnancesurvey.co.uk/id/country/england,,,
CT203NT,http://data.ordnancesurvey.co.uk/id/postcodeunit/CT203NT,CT20 3NT,,,,other,Postcode,620533,135783,3500,18000,,,,,,,Folkestone,http://data.ordnancesurvey.co.uk/id/4000000074566736,http://www.ordnancesurvey.co.uk/xml/codelists/localtype.xml#town,Folkestone and Hythe,http://data.ordnancesurvey.co.uk/id/7000000000018085,http://data.ordnancesurvey.co.uk/ontology/admingeo/District,Kent,http://data.ordnancesurvey.co.uk/id/7000000000018210,http://data.ordnancesurvey.co.uk/ontology/admingeo/County,South East,http://data.ordnancesurvey.co.uk/id/7000000000041421,England,http://data.ordnancesurvey.co.uk/id/country/england,,,
CT194DX,http://data.ordnancesurvey.co.uk/id/postcodeunit/CT194DX,CT19 4DX,,,,other,Postcode,620505,136737,3500,18000,,,,,,,Folkestone,http://data.ordnancesurvey.co.uk/id/4000000074566736,http://www.ordnancesurvey.co.uk/xml/codelists/localtype.xml#town,Folkestone and Hythe,http://data.ordnancesurvey.co.uk/id/7000000000018085,http://data.ordnancesurvey.co.uk/ontology/admingeo/District,Kent,http://data.ordnancesurvey.co.uk/id/7000000000018210,http://data.ordnancesurvey.co.uk/ontology/admingeo/County,South East,http://data.ordnancesurvey.co.uk/id/7000000000041421,England,http://data.ordnancesurvey.co.uk/id/country/england,,,
CT202SA,http://data.ordnancesurvey.co.uk/id/postcodeunit/CT202SA,CT20 2SA,,,,other,Postcode,622378,135886,3500,18000,,,,,,,Folkestone,http://data.ordnancesurvey.co.uk/id/4000000074566736,http://www.ordnancesurvey.co.uk/xml/codelists/localtype.xml#town,Folkestone and Hythe,http://data.ordnancesurvey.co.uk/id/7000000000018085,http://data.ordnancesurvey.co.uk/ontology/admingeo/District,Kent,http://data.ordnancesurvey.co.uk/id/7000000000018210,http://data.ordnancesurvey.co.uk/ontology/admingeo/County,South East,http://data.ordnancesurvey.co.uk/id/7000000000041421,England,http://data.ordnancesurvey.co.uk/id/country/england,,,
CT195LS,http://data.ordnancesurvey.co.uk/id/postcodeunit/CT195LS,CT19 5LS,,,,other,Postcode,621520,137526,3500,18000,,,,,,,Folkestone,http://data.ordnancesurvey.co.uk/id/4000000074566736,http://www.ordnancesurvey.co.uk/xml/codelists/localtype.xml#town,Folkestone and Hythe,http://data.ordnancesurvey.co.uk/id/7000000000018085,http://data.ordnancesurvey.co.uk/ontology/admingeo/District,Kent,http://data.ordnancesurvey.co.uk/id/7000000000018210,http://data.ordnancesurvey.co.uk/ontology/admingeo/County,South East,http://data.ordnancesurvey.co.uk/id/7000000000041421,England,http://data.ordnancesurvey.co.uk/id/country/england,,,
CT201LP,http://data.ordnancesurvey.co.uk/id/postcodeunit/CT201LP,CT20 1LP,,,,other,Postcode,623080,136199,3500,18000,,,,,,,Folkestone,http://data.ordnancesurvey.co.uk/id/4000000074566736,http://www.ordnancesurvey.co.uk/xml/codelists/localtype.xml#town,Folkestone and Hythe,http://data.ordnancesurvey.co.uk/id/7000000000018085,http://data.ordnancesurvey.co.uk/ontology/admingeo/District,Kent,http://data.ordnancesurvey.co.uk/id/7000000000018210,http://data.ordnancesurvey.co.uk/ontology/admingeo/County,South East,http://data.ordnancesurvey.co.uk/id/7000000000041421,England,http://data.ordnancesurvey.co.uk/id/country/england,,,
CT196BF,http://data.ordnancesurvey.co.uk/id/postcodeunit/CT196BF,CT19 6BF,,,,other,Postcode,623637,136898,3500,18000,,,,,,,Folkestone,http://data.ordnancesurvey.co.uk/id/4000000074566736,http://www.ordnancesurvey.co.uk/xml/codelists/localtype.xml#town,Folkestone and Hythe,http://data.ordnancesurvey.co.uk/id/7000000000018085,http://data.ordnancesurvey.co.uk/ontology/admingeo/District,Kent,http://data.ordnancesurvey.co.uk/id/7000000000018210,http://data.ordnancesurvey.co.uk/ontology/admingeo/County,South East,http://data.ordnancesurvey.co.uk/id/7000000000041421,England,http://data.ordnancesurvey.co.uk/id/country/england,,,
CT201HL,http://data.ordnancesurvey.co.uk/id/postcodeunit/CT201HL,CT20 1HL,,,,other,Postcode,622754,136366,3500,18000,,,,,,,Folkestone,http://data.ordnancesurvey.co.uk/id/4000000074566736,http://www.ordnancesurvey.co.uk/xml/codelists/localtype.xml#town,Folkestone and Hythe,http://data.ordnancesurvey.co.uk/id/7000000000018085,http://data.ordnancesurvey.co.uk/ontology/admingeo/District,Kent,http://data.ordnancesurvey.co.uk/id/7000000000018210,http://data.ordnancesurvey.co.uk/ontology/admingeo/County,South East,http://data.ordnancesurvey.co.uk/id/7000000000041421,England,http://data.ordnancesurvey.co.uk/id/country/england,,,
CT201SY,http://data.ordnancesurvey.co.uk/id/postcodeunit/CT201SY,CT20 1SY,,,,other,Postcode,623061,136486,3500,18000,,,,,,,Folkestone,http://data.ordnancesurvey.co.uk/id/4000000074566736,http://www.ordnancesurvey.co.uk/xml/codelists/localtype.xml#town,Folkestone and Hythe,http://data.ordnancesurvey.co.uk/id/7000000000018085,http://data.ordnancesurvey.co.uk/ontology/admingeo/District,Kent,http://data.ordnancesurvey.co.uk/id/7000000000018210,http://data.ordnancesurvey.co.uk/ontology/admingeo/County,South East,http://data.ordnancesurvey.co.uk/id/7000000000041421,England,http://data.ordnancesurvey.co.uk/id/country/england,,,
CT201HB,http://data.ordnancesurvey.co.uk/id/postcodeunit/CT201HB,CT20 1HB,,,,other,Postcode,622733,136302,3500,18000,,,,,,,Folkestone,http://data.ordnancesurvey.co.uk/id/4000000074566736,http://www.ordnancesurvey.co.uk/xml/codelists/localtype.xml#town,Folkestone and Hythe,http://data.ordnancesurvey.co.uk/id/7000000000018085,http://data.ordnancesurvey.co.uk/ontology/admingeo/District,Kent,http://data.ordnancesurvey.co.uk/id/7000000000018210,http://data.ordnancesurvey.co.uk/ontology/admingeo/County,South East,http://data.ordnancesurvey.co.uk/id/7000000000041421,England,http://data.ordnancesurvey.co.uk/id/country/england,,,
CT195AH,http://data.ordnancesurvey.co.uk/id/postcodeunit/CT195AH,CT19 5AH,,,,other,Postcode,622724,136479,3500,18000,,,,,,,Folkestone,http://data.ordnancesurvey.co.uk/id/4000000074566736,http://www.ordnancesurvey.co.uk/xml/codelists/localtype.xml#town,Folkestone and Hythe,http://data.ordnancesurvey.co.uk/id/7000000000018085,http://data.ordnancesurvey.co.uk/ontology/admingeo/District,Kent,http://data.ordnancesurvey.co.uk/id/7000000000018210,http://data.ordnancesurvey.co.uk/ontology/admingeo/County,South East,http://data.ordnancesurvey.co.uk/id/7000000000041421,England,http://data.ordnancesurvey.co.uk/id/country/england,,,
CT202AU,http://data.ordnancesurvey.co.uk/id/postcodeunit/CT202AU,CT20 2AU,,,,other,Postcode,622437,136027,3500,18000,,,,,,,Folkestone,http://data.ordnancesurvey.co.uk/id/4000000074566736,http://www.ordnancesurvey.co.uk/xml/codelists/localtype.xml#town,Folkestone and Hythe,http://data.ordnancesurvey.co.uk/id/7000000000018085,http://data.ordnancesurvey.co.uk/ontology/admingeo/District,Kent,http://data.ordnancesurvey.co.uk/id/7000000000018210,http://data.ordnancesurvey.co.uk/ontology/admingeo/County,South East,http://data.ordnancesurvey.co.uk/id/7000000000041421,England,http://data.ordnancesurvey.co.uk/id/country/england,,,
CT195BE,http://data.ordnancesurvey.co.uk/id/postcodeunit/CT195BE,CT19 5BE,,,,other,Postcode,622575,136551,3500,18000,,,,,,,Folkestone,http://data.ordnancesurvey.co.uk/id/4000000074566736,http://www.ordnancesurvey.co.uk/xml/codelists/localtype.xml#town,Folkestone and Hythe,http://data.ordnancesurvey.co.uk/id/7000000000018085,http://data.ordnancesurvey.co.uk/ontology/admingeo/District,Kent,http://data.ordnancesurvey.co.uk/id/7000000000018210,http://data.ordnancesurvey.co.uk/ontology/admingeo/County,South East,http://data.ordnancesurvey.co.uk/id/7000000000041421,England,http://data.ordnancesurvey.co.uk/id/country/england,,,
CT201TU,http://data.ordnancesurvey.co.uk/id/postcodeunit/CT201TU,CT20 1TU,,,,other,Postcode,622780,135835,3500,18000,,,,,,,Folkestone,http://data.ordnancesurvey.co.uk/id/4000000074566736,http://www.ordnancesurvey.co.uk/xml/codelists/localtype.xml#town,Folkestone and Hythe,http://data.ordnancesurvey.co.uk/id/7000000000018085,http://data.ordnancesurvey.co.uk/ontology/admingeo/District,Kent,http://data.ordnancesurvey.co.uk/id/7000000000018210,http://data.ordnancesurvey.co.uk/ontology/admingeo/County,South East,http://data.ordnancesurvey.co.uk/id/7000000000041421,England,http://data.ordnancesurvey.co.uk/id/country/england,,,
CT187GF,http://data.ordnancesurvey.co.uk/id/postcodeunit/CT187GF,CT18 7GF,,,,other,Postcode,621124,139195,3500,18000,,,,,,,Hawkinge,http://data.ordnancesurvey.co.uk/id/4000000074566747,http://www.ordnancesurvey.co.uk/xml/codelists/localtype.xml#village,Folkestone and Hythe,http://data.ordnancesurvey.co.uk/id/7000000000018085,http://data.ordnancesurvey.co.uk/ontology/admingeo/District,Kent,http://data.ordnancesurvey.co.uk/id/7000000000018210,http://data.ordnancesurvey.co.uk/ontology/admingeo/County,South East,http://data.ordnancesurvey.co.uk/id/7000000000041421,England,http://data.ordnancesurvey.co.uk/id/country/england,,,
CT195LW,http://data.ordnancesurvey.co.uk/id/postcodeunit/CT195LW,CT19 5LW,,,,other,Postcode,621351,137431,3500,18000,,,,,,,Folkestone,http://data.ordnancesurvey.co.uk/id/4000000074566736,http://www.ordnancesurvey.co.uk/xml/codelists/localtype.xml#town,Folkestone and Hythe,http://data.ordnancesurvey.co.uk/id/7000000000018085,http://data.ordnancesurvey.co.uk/ontology/admingeo/District,Kent,http://data.ordnancesurvey.co.uk/id/7000000000018210,http://data.ordnancesurvey.co.uk/ontology/admingeo/County,South East,http://data.ordnancesurvey.co.uk/id/7000000000041421,England,http://data.ordnancesurvey.co.uk/id/country/england,,,
CT201HJ,http://data.ordnancesurvey.co.uk/id/postcodeunit/CT201HJ,CT20 1HJ,,,,other,Postcode,622835,136249,3500,18000,,,,,,,Folkestone,http://data.ordnancesurvey.co.uk/id/4000000074566736,http://www.ordnancesurvey.co.uk/xml/codelists/localtype.xml#town,Folkestone and Hythe,http://data.ordnancesurvey.co.uk/id/7000000000018085,http://data.ordnancesurvey.co.uk/ontology/admingeo/District,Kent,http://data.ordnancesurvey.co.uk/id/7000000000018210,http://data.ordnancesurvey.co.uk/ontology/admingeo/County,South East,http://data.ordnancesurvey.co.uk/id/7000000000041421,England,http://data.ordnancesurvey.co.uk/id/country/england,,,
CT195SW,http://data.ordnancesurvey.co.uk/id/postcodeunit/CT195SW,CT19 5SW,,,,other,Postcode,621701,137416,3500,18000,,,,,,,Folkestone,http://data.ordnancesurvey.co.uk/id/4000000074566736,http://www.ordnancesurvey.co.uk/xml/codelists/localtype.xml#town,Folkestone and Hythe,http://data.ordnancesurvey.co.uk/id/7000000000018085,http://data.ordnancesurvey.co.uk/ontology/admingeo/District,Kent,http://data.ordnancesurvey.co.uk/id/7000000000018210,http://data.ordnancesurvey.co.uk/ontology/admingeo/County,South East,http://data.ordnancesurvey.co.uk/id/7000000000041421,England,http://data.ordnancesurvey.co.uk/id/country/england,,,
CT209TB,http://data.ordnancesurvey.co.uk/id/postcodeunit/CT209TB,CT20 9TB,,,,other,Postcode,622119,135914,3500,18000,,,,,,,Folkestone,http://data.ordnancesurvey.co.uk/id/4000000074566736,http://www.ordnancesurvey.co.uk/xml/codelists/localtype.xml#town,Folkestone and Hythe,http://data.ordnancesurvey.co.uk/id/7000000000018085,http://data.ordnancesurvey.co.uk/ontology/admingeo/District,Kent,http://data.ordnancesurvey.co.uk/id/7000000000018210,http://data.ordnancesurvey.co.uk/ontology/admingeo/County,South East,http://data.ordnancesurvey.co.uk/id/7000000000041421,England,http://data.ordnancesurvey.co.uk/id/country/england,,,
CT201SS,http://data.ordnancesurvey.co.uk/id/postcodeunit/CT201SS,CT20 1SS,,,,other,Postcode,622765,135935,3500,18000,,,,,,,Folkestone,http://data.ordnancesurvey.co.uk/id/4000000074566736,http://www.ordnancesurvey.co.uk/xml/codelists/localtype.xml#town,Folkestone and Hythe,http://data.ordnancesurvey.co.uk/id/7000000000018085,http://data.ordnancesurvey.co.uk/ontology/admingeo/District,Kent,http://data.ordnancesurvey.co.uk/id/7000000000018210,http://data.ordnancesurvey.co.uk/ontology/admingeo/County,South East,http://data.ordnancesurvey.co.uk/id/7000000000041421,England,http://data.ordnancesurvey.co.uk/id/country/england,,,
CT202QL,http://data.ordnancesurvey.co.uk/id/postcodeunit/CT202QL,CT20 2QL,,,,other,Postcode,622235,136176,3500,18000,,,,,,,Folkestone,http://data.ordnancesurvey.co.uk/id/4000000074566736,http://www.ordnancesurvey.co.uk/xml/codelists/localtype.xml#town,Folkestone and Hythe,http://data.ordnancesurvey.co.uk/id/7000000000018085,http://data.ordnancesurvey.co.uk/ontology/admingeo/District,Kent,http://data.ordnancesurvey.co.uk/id/7000000000018210,http://data.ordnancesurvey.co.uk/ontology/admingeo/County,South East,http://data.ordnancesurvey.co.uk/id/7000000000041421,England,http://data.ordnancesurvey.co.uk/id/country/england,,,
CT201DH,http://data.ordnancesurvey.co.uk/id/postcodeunit/CT201DH,CT20 1DH,,,,other,Postcode,622466,136196,3500,18000,,,,,,,Folkestone,http://data.ordnancesurvey.co.uk/id/4000000074566736,http://www.ordnancesurvey.co.uk/xml/codelists/localtype.xml#town,Folkestone and Hythe,http://data.ordnancesurvey.co.uk/id/7000000000018085,http://data.ordnancesurvey.co.uk/ontology/admingeo/District,Kent,http://data.ordnancesurvey.co.uk/id/7000000000018210,http://data.ordnancesurvey.co.uk/ontology/admingeo/County,South East,http://data.ordnancesurvey.co.uk/id/7000000000041421,England,http://data.ordnancesurvey.co.uk/id/country/england,,,
CT201NJ,http://data.ordnancesurvey.co.uk/id/postcodeunit/CT201NJ,CT20 1NJ,,,,other,Postcode,623214,136645,3500,18000,,,,,,,Folkestone,http://data.ordnancesurvey.co.uk/id/4000000074566736,http://www.ordnancesurvey.co.uk/xml/codelists/localtype.xml#town,Folkestone and Hythe,http://data.ordnancesurvey.co.uk/id/7000000000018085,http://data.ordnancesurvey.co.uk/ontology/admingeo/District,Kent,http://data.ordnancesurvey.co.uk/id/7000000000018210,http://data.ordnancesurvey.co.uk/ontology/admingeo/County,South East,http://data.ordnancesurvey.co.uk/id/7000000000041421,England,http://data.ordnancesurvey.co.uk/id/country/england,,,
CT196JU,http://data.ordnancesurvey.co.uk/id/postcodeunit/CT196JU,CT19 6JU,,,,other,Postcode,623041,137643,3500,18000,,,,,,,Folkestone,http://data.ordnancesurvey.co.uk/id/4000000074566736,http://www.ordnancesurvey.co.uk/xml/codelists/localtype.xml#town,Folkestone and Hythe,http://data.ordnancesurvey.co.uk/id/7000000000018085,http://data.ordnancesurvey.co.uk/ontology/admingeo/District,Kent,http://data.ordnancesurvey.co.uk/id/7000000000018210,http://data.ordnancesurvey.co.uk/ontology/admingeo/County,South East,http://data.ordnancesurvey.co.uk/id/7000000000041421,England,http://data.ordnancesurvey.co.uk/id/country/england,,,
CT196BQ,http://data.ordnancesurvey.co.uk/id/postcodeunit/CT196BQ,CT19 6BQ,,,,other,Postcode,623856,136606,3500,18000,,,,,,,Folkestone,http://data.ordnancesurvey.co.uk/id/4000000074566736,http://www.ordnancesurvey.co.uk/xml/codelists/localtype.xml#town,Folkestone and Hythe,http://data.ordnancesurvey.co.uk/id/7000000000018085,http://data.ordnancesurvey.co.uk/ontology/admingeo/District,Kent,http://data.ordnancesurvey.co.uk/id/7000000000018210,http://data.ordnancesurvey.co.uk/ontology/admingeo/County,South East,http://data.ordnancesurvey.co.uk/id/7000000000041421,England,http://data.ordnancesurvey.co.uk/id/country/england,,,
CT196DS,http://data.ordnancesurvey.co.uk/id/postcodeunit/CT196DS,CT19 6DS,,,,other,Postcode,623738,136764,3500,18000,,,,,,,Folkestone,http://data.ordnancesurvey.co.uk/id/4000000074566736,http://www.ordnancesurvey.co.uk/xml/codelists/localtype.xml#town,Folkestone and Hythe,http://data.ordnancesurvey.co.uk/id/7000000000018085,http://data.ordnancesurvey.co.uk/ontology/admingeo/District,Kent,http://data.ordnancesurvey.co.uk/id/7000000000018210,http://data.ordnancesurvey.co.uk/ontology/admingeo/County,South East,http://data.ordnancesurvey.co.uk/id/7000000000041421,England,http://data.ordnancesurvey.co.uk/id/country/england,,,
CT202EX,http://data.ordnancesurvey.co.uk/id/postcodeunit/CT202EX,CT20 2EX,,,,other,Postcode,621835,135398,3500,18000,,,,,,,Folkestone,http://data.ordnancesurvey.co.uk/id/4000000074566736,http://www.ordnancesurvey.co.uk/xml/codelists/localtype.xml#town,Folkestone and Hythe,http://data.ordnancesurvey.co.uk/id/7000000000018085,http://data.ordnancesurvey.co.uk/ontology/admingeo/District,Kent,http://data.ordnancesurvey.co.uk/id/7000000000018210,http://data.ordnancesurvey.co.uk/ontology/admingeo/County,South East,http://data.ordnancesurvey.co.uk/id/7000000000041421,England,http://data.ordnancesurvey.co.uk/id/country/england,,,
CT202SD,http://data.ordnancesurvey.co.uk/id/postcodeunit/CT202SD,CT20 2SD,,,,other,Postcode,622332,135864,3500,18000,,,,,,,Folkestone,http://data.ordnancesurvey.co.uk/id/4000000074566736,http://www.ordnancesurvey.co.uk/xml/codelists/localtype.xml#town,Folkestone and Hythe,http://data.ordnancesurvey.co.uk/id/7000000000018085,http://data.ordnancesurvey.co.uk/ontology/admingeo/District,Kent,http://data.ordnancesurvey.co.uk/id/7000000000018210,http://data.ordnancesurvey.co.uk/ontology/admingeo/County,South East,http://data.ordnancesurvey.co.uk/id/7000000000041421,England,http://data.ordnancesurvey.co.uk/id/country/england,,,
CT187AH,http://data.ordnancesurvey.co.uk/id/postcodeunit/CT187AH,CT18 7AH,,,,other,Postcode,620332,139652,3500,18000,,,,,,,,,,Folkestone and Hythe,http://data.ordnancesurvey.co.uk/id/7000000000018085,http://data.ordnancesurvey.co.uk/ontology/admingeo/District,Kent,http://data.ordnancesurvey.co.uk/id/7000000000018210,http://data.ordnancesurvey.co.uk/ontology/admingeo/County,South East,http://data.ordnancesurvey.co.uk/id/7000000000041421,England,http://data.ordnancesurvey.co.uk/id/country/england,,,
CT187FY,http://data.ordnancesurvey.co.uk/id/postcodeunit/CT187FY,CT18 7FY,,,,other,Postcode,621760,139559,3500,18000,,,,,,,Hawkinge,http://data.ordnancesurvey.co.uk/id/4000000074566747,http://www.ordnancesurvey.co.uk/xml/codelists/localtype.xml#village,Folkestone and Hythe,http://data.ordnancesurvey.co.uk/id/7000000000018085,http://data.ordnancesurvey.co.uk/ontology/admingeo/District,Kent,http://data.ordnancesurvey.co.uk/id/7000000000018210,http://data.ordnancesurvey.co.uk/ontology/admingeo/County,South East,http://data.ordnancesurvey.co.uk/id/7000000000041421,England,http://data.ordnancesurvey.co.uk/id/country/england,,,
CT203ZJ,http://data.ordnancesurvey.co.uk/id/postcodeunit/CT203ZJ,CT20 3ZJ,,,,other,Postcode,620691,135426,3500,18000,,,,,,,Folkestone,http://data.ordnancesurvey.co.uk/id/4000000074566736,http://www.ordnancesurvey.co.uk/xml/codelists/localtype.xml#town,Folkestone and Hythe,http://data.ordnancesurvey.co.uk/id/7000000000018085,http://data.ordnancesurvey.co.uk/ontology/admingeo/District,Kent,http://data.ordnancesurvey.co.uk/id/7000000000018210,http://data.ordnancesurvey.co.uk/ontology/admingeo/County,South East,http://data.ordnancesurvey.co.uk/id/7000000000041421,England,http://data.ordnancesurvey.co.uk/id/country/england,,,
CT203QT,http://data.ordnancesurvey.co.uk/id/postcodeunit/CT203QT,CT20 3QT,,,,other,Postcode,620883,136045,3500,18000,,,,,,,Folkestone,http://data.ordnancesurvey.co.uk/id/4000000074566736,http://www.ordnancesurvey.co.uk/xml/codelists/localtype.xml#town,Folkestone and Hythe,http://data.ordnancesurvey.co.uk/id/7000000000018085,http://data.ordnancesurvey.co.uk/ontology/admingeo/District,Kent,http://data.ordnancesurvey.co.uk/id/7000000000018210,http://data.ordnancesurvey.co.uk/ontology/admingeo/County,South East,http://data.ordnancesurvey.co.uk/id/7000000000041421,England,http://data.ordnancesurvey.co.uk/id/country/england,,,
CT187UB,http://data.ordnancesurvey.co.uk/id/postcodeunit/CT187UB,CT18 7UB,,,,other,Postcode,625443,138626,3500,18000,,,,,,,Capel-le-Ferne,http://data.ordnancesurvey.co.uk/id/4000000074568384,http://www.ordnancesurvey.co.uk/xml/codelists/localtype.xml#village,Dover,http://data.ordnancesurvey.co.uk/id/7000000000017977,http://data.ordnancesurvey.co.uk/ontology/admingeo/District,Kent,http://data.ordnancesurvey.co.uk/id/7000000000018210,http://data.ordnancesurvey.co.uk/ontology/admingeo/County,South East,http://data.ordnancesurvey.co.uk/id/7000000000041421,England,http://data.ordnancesurvey.co.uk/id/country/england,,,
CT203QB,http://data.ordnancesurvey.co.uk/id/postcodeunit/CT203QB,CT20 3QB,,,,other,Postcode,620831,136180,3500,18000,,,,,,,Folkestone,http://data.ordnancesurvey.co.uk/id/4000000074566736,http://www.ordnancesurvey.co.uk/xml/codelists/localtype.xml#town,Folkestone and Hythe,http://data.ordnancesurvey.co.uk/id/7000000000018085,http://data.ordnancesurvey.co.uk/ontology/admingeo/District,Kent,http://data.ordnancesurvey.co.uk/id/7000000000018210,http://data.ordnancesurvey.co.uk/ontology/admingeo/County,South East,http://data.ordnancesurvey.co.uk/id/7000000000041421,England,http://data.ordnancesurvey.co.uk/id/country/england,,,
CT201RZ,http://data.ordnancesurvey.co.uk/id/postcodeunit/CT201RZ,CT20 1RZ,,,,other,Postcode,622808,135884,3500,18000,,,,,,,Folkestone,http://data.ordnancesurvey.co.uk/id/4000000074566736,http://www.ordnancesurvey.co.uk/xml/codelists/localtype.xml#town,Folkestone and Hythe,http://data.ordnancesurvey.co.uk/id/7000000000018085,http://data.ordnancesurvey.co.uk/ontology/admingeo/District,Kent,http://data.ordnancesurvey.co.uk/id/7000000000018210,http://data.ordnancesurvey.co.uk/ontology/admingeo/County,South East,http://data.ordnancesurvey.co.uk/id/7000000000041421,England,http://data.ordnancesurvey.co.uk/id/country/england,,,
CT194NG,http://data.ordnancesurvey.co.uk/id/postcodeunit/CT194NG,CT19 4NG,,,,other,Postcode,620230,137351,3500,18000,,,,,,,Folkestone,http://data.ordnancesurvey.co.uk/id/4000000074566736,http://www.ordnancesurvey.co.uk/xml/codelists/localtype.xml#town,Folkestone and Hythe,http://data.ordnancesurvey.co.uk/id/7000000000018085,http://data.ordnancesurvey.co.uk/ontology/admingeo/District,Kent,http://data.ordnancesurvey.co.uk/id/7000000000018210,http://data.ordnancesurvey.co.uk/ontology/admingeo/County,South East,http://data.ordnancesurvey.co.uk/id/7000000000041421,England,http://data.ordnancesurvey.co.uk/id/country/england,,,
CT187TP,http://data.ordnancesurvey.co.uk/id/postcodeunit/CT187TP,CT18 7TP,,,,other,Postcode,620841,139196,3500,18000,,,,,,,Hawkinge,http://data.ordnancesurvey.co.uk/id/4000000074566747,http://www.ordnancesurvey.co.uk/xml/codelists/localtype.xml#village,Folkestone and Hythe,http://data.ordnancesurvey.co.uk/id/7000000000018085,http://data.ordnancesurvey.co.uk/ontology/admingeo/District,Kent,http://data.ordnancesurvey.co.uk/id/7000000000018210,http://data.ordnancesurvey.co.uk/ontology/admingeo/County,South East,http://data.ordnancesurvey.co.uk/id/7000000000041421,England,http://data.ordnancesurvey.co.uk/id/country/england,,,
CT196AJ,http://data.ordnancesurvey.co.uk/id/postcodeunit/CT196AJ,CT19 6AJ,,,,other,Postcode,623321,136249,3500,18000,,,,,,,Folkestone,http://data.ordnancesurvey.co.uk/id/4000000074566736,http://www.ordnancesurvey.co.uk/xml/codelists/localtype.xml#town,Folkestone and Hythe,http://data.ordnancesurvey.co.uk/id/7000000000018085,http://data.ordnancesurvey.co.uk/ontology/admingeo/District,Kent,http://data.ordnancesurvey.co.uk/id/7000000000018210,http://data.ordnancesurvey.co.uk/ontology/admingeo/County,South East,http://data.ordnancesurvey.co.uk/id/7000000000041421,England,http://data.ordnancesurvey.co.uk/id/country/england,,,
CT194HB,http://data.ordnancesurvey.co.uk/id/postcodeunit/CT194HB,CT19 4HB,,,,other,Postcode,620159,136807,3500,18000,,,,,,,Folkestone,http://data.ordnancesurvey.co.uk/id/4000000074566736,http://www.ordnancesurvey.co.uk/xml/codelists/localtype.xml#town,Folkestone and Hythe,http://data.ordnancesurvey.co.uk/id/7000000000018085,http://data.ordnancesurvey.co.uk/ontology/admingeo/District,Kent,http://data.ordnancesurvey.co.uk/id/7000000000018210,http://data.ordnancesurvey.co.uk/ontology/admingeo/County,South East,http://data.ordnancesurvey.co.uk/id/7000000000041421,England,http://data.ordnancesurvey.co.uk/id/country/england,,,
CT201SQ,http://data.ordnancesurvey.co.uk/id/postcodeunit/CT201SQ,CT20 1SQ,,,,other,Postcode,623046,135921,3500,18000,,,,,,,Folkestone,http://data.ordnancesurvey.co.uk/id/4000000074566736,http://www.ordnancesurvey.co.uk/xml/codelists/localtype.xml#town,Folkestone and Hythe,http://data.ordnancesurvey.co.uk/id/7000000000018085,http://data.ordnancesurvey.co.uk/ontology/admingeo/District,Kent,http://data.ordnancesurvey.co.uk/id/7000000000018210,http://data.ordnancesurvey.co.uk/ontology/admingeo/County,South East,http://data.ordnancesurvey.co.uk/id/7000000000041421,England,http://data.ordnancesurvey.co.uk/id/country/england,,,
CT209TP,http://data.ordnancesurvey.co.uk/id/postcodeunit/CT209TP,CT20 9TP,,,,other,Postcode,622119,135914,3500,18000,,,,,,,Folkestone,http://data.ordnancesurvey.co.uk/id/4000000074566736,http://www.ordnancesurvey.co.uk/xml/codelists/localtype.xml#town,Folkestone and Hythe,http://data.ordnancesurvey.co.uk/id/7000000000018085,http://data.ordnancesurvey.co.uk/ontology/admingeo/District,Kent,http://data.ordnancesurvey.co.uk/id/7000000000018210,http://data.ordnancesurvey.co.uk/ontology/admingeo/County,South East,http://data.ordnancesurvey.co.uk/id/7000000000041421,England,http://data.ordnancesurvey.co.uk/id/country/england,,,
CT195TR,http://data.ordnancesurvey.co.uk/id/postcodeunit/CT195TR,CT19 5TR,,,,other,Postcode,621508,137035,3500,18000,,,,,,,Folkestone,http://data.ordnancesurvey.co.uk/id/4000000074566736,http://www.ordnancesurvey.co.uk/xml/codelists/localtype.xml#town,Folkestone and Hythe,http://data.ordnancesurvey.co.uk/id/7000000000018085,http://data.ordnancesurvey.co.uk/ontology/admingeo/District,Kent,http://data.ordnancesurvey.co.uk/id/7000000000018210,http://data.ordnancesurvey.co.uk/ontology/admingeo/County,South East,http://data.ordnancesurvey.co.uk/id/7000000000041421,England,http://data.ordnancesurvey.co.uk/id/country/england,,,
CT196LT,http://data.ordnancesurvey.co.uk/id/postcodeunit/CT196LT,CT19 6LT,,,,other,Postcode,623282,137447,3500,18000,,,,,,,Folkestone,http://data.ordnancesurvey.co.uk/id/4000000074566736,http://www.ordnancesurvey.co.uk/xml/codelists/localtype.xml#town,Folkestone and Hythe,http://data.ordnancesurvey.co.uk/id/7000000000018085,http://data.ordnancesurvey.co.uk/ontology/admingeo/District,Kent,http://data.ordnancesurvey.co.uk/id/7000000000018210,http://data.ordnancesurvey.co.uk/ontology/admingeo/County,South East,http://data.ordnancesurvey.co.uk/id/7000000000041421,England,http://data.ordnancesurvey.co.uk/id/country/england,,,
CT196NU,http://data.ordnancesurvey.co.uk/id/postcodeunit/CT196NU,CT19 6NU,,,,other,Postcode,623383,137128,3500,18000,,,,,,,Folkestone,http://data.ordnancesurvey.co.uk/id/4000000074566736,http://www.ordnancesurvey.co.uk/xml/codelists/localtype.xml#town,Folkestone and Hythe,http://data.ordnancesurvey.co.uk/id/7000000000018085,http://data.ordnancesurvey.co.uk/ontology/admingeo/District,Kent,http://data.ordnancesurvey.co.uk/id/7000000000018210,http://data.ordnancesurvey.co.uk/ontology/admingeo/County,South East,http://data.ordnancesurvey.co.uk/id/7000000000041421,England,http://data.ordnancesurvey.co.uk/id/country/england,,,
CT202PF,http://data.ordnancesurvey.co.uk/id/postcodeunit/CT202PF,CT20 2PF,,,,other,Postcode,621398,136124,3500,18000,,,,,,,Folkestone,http://data.ordnancesurvey.co.uk/id/4000000074566736,http://www.ordnancesurvey.co.uk/xml/codelists/localtype.xml#town,Folkestone and Hythe,http://data.ordnancesurvey.co.uk/id/7000000000018085,http://data.ordnancesurvey.co.uk/ontology/admingeo/District,Kent,http://data.ordnancesurvey.co.uk/id/7000000000018210,http://data.ordnancesurvey.co.uk/ontology/admingeo/County,South East,http://data.ordnancesurvey.co.uk/id/7000000000041421,England,http://data.ordnancesurvey.co.uk/id/country/england,,,
CT202NS,http://data.ordnancesurvey.co.uk/id/postcodeunit/CT202NS,CT20 2NS,,,,other,Postcode,620943,135986,3500,18000,,,,,,,Folkestone,http://data.ordnancesurvey.co.uk/id/4000000074566736,http://www.ordnancesurvey.co.uk/xml/codelists/localtype.xml#town,Folkestone and Hythe,http://data.ordnancesurvey.co.uk/id/7000000000018085,http://data.ordnancesurvey.co.uk/ontology/admingeo/District,Kent,http://data.ordnancesurvey.co.uk/id/7000000000018210,http://data.ordnancesurvey.co.uk/ontology/admingeo/County,South East,http://data.ordnancesurvey.co.uk/id/7000000000041421,England,http://data.ordnancesurvey.co.uk/id/country/england,,,
CT187SA,http://data.ordnancesurvey.co.uk/id/postcodeunit/CT187SA,CT18 7SA,,,,other,Postcode,621384,139763,3500,18000,,,,,,,Hawkinge,http://data.ordnancesurvey.co.uk/id/4000000074566747,http://www.ordnancesurvey.co.uk/xml/codelists/localtype.xml#village,Folkestone and Hythe,http://data.ordnancesurvey.co.uk/id/7000000000018085,http://data.ordnancesurvey.co.uk/ontology/admingeo/District,Kent,http://data.ordnancesurvey.co.uk/id/7000000000018210,http://data.ordnancesurvey.co.uk/ontology/admingeo/County,South East,http://data.ordnancesurvey.co.uk/id/7000000000041421,England,http://data.ordnancesurvey.co.uk/id/country/england,,,
CT201TH,http://data.ordnancesurvey.co.uk/id/postcodeunit/CT201TH,CT20 1TH,,,,other,Postcode,622798,135788,3500,18000,,,,,,,Folkestone,http://data.ordnancesurvey.co.uk/id/4000000074566736,http://www.ordnancesurvey.co.uk/xml/codelists/localtype.xml#town,Folkestone and Hythe,http://data.ordnancesurvey.co.uk/id/7000000000018085,http://data.ordnancesurvey.co.uk/ontology/admingeo/District,Kent,http://data.ordnancesurvey.co.uk/id/7000000000018210,http://data.ordnancesurvey.co.uk/ontology/admingeo/County,South East,http://data.ordnancesurvey.co.uk/id/7000000000041421,England,http://data.ordnancesurvey.co.uk/id/country/england,,,
CT196JB,http://data.ordnancesurvey.co.uk/id/postcodeunit/CT196JB,CT19 6JB,,,,other,Postcode,623125,137588,3500,18000,,,,,,,Folkestone,http://data.ordnancesurvey.co.uk/id/4000000074566736,http://www.ordnancesurvey.co.uk/xml/codelists/localtype.xml#town,Folkestone and Hythe,http://data.ordnancesurvey.co.uk/id/7000000000018085,http://data.ordnancesurvey.co.uk/ontology/admingeo/District,Kent,http://data.ordnancesurvey.co.uk/id/7000000000018210,http://data.ordnancesurvey.co.uk/ontology/admingeo/County,South East,http://data.ordnancesurvey.co.uk/id/7000000000041421,England,http://data.ordnancesurvey.co.uk/id/country/england,,,
CT196AS,http://data.ordnancesurvey.co.uk/id/postcodeunit/CT196AS,CT19 6AS,,,,other,Postcode,623430,136340,3500,18000,,,,,,,Folkestone,http://data.ordnancesurvey.co.uk/id/4000000074566736,http://www.ordnancesurvey.co.uk/xml/codelists/localtype.xml#town,Folkestone and Hythe,http://data.ordnancesurvey.co.uk/id/7000000000018085,http://data.ordnancesurvey.co.uk/ontology/admingeo/District,Kent,http://data.ordnancesurvey.co.uk/id/7000000000018210,http://data.ordnancesurvey.co.uk/ontology/admingeo/County,South East,http://data.ordnancesurvey.co.uk/id/7000000000041421,England,http://data.ordnancesurvey.co.uk/id/country/england,,,
CT194FA,http://data.ordnancesurvey.co.uk/id/postcodeunit/CT194FA,CT19 4FA,,,,other,Postcode,620161,137239,3500,18000,,,,,,,Folkestone,http://data.ordnancesurvey.co.uk/id/4000000074566736,http://www.ordnancesurvey.co.uk/xml/codelists/localtype.xml#town,Folkestone and Hythe,http://data.ordnancesurvey.co.uk/id/7000000000018085,http://data.ordnancesurvey.co.uk/ontology/admingeo/District,Kent,http://data.ordnancesurvey.co.uk/id/7000000000018210,http://data.ordnancesurvey.co.uk/ontology/admingeo/County,South East,http://data.ordnancesurvey.co.uk/id/7000000000041421,England,http://data.ordnancesurvey.co.uk/id/country/england,,,
CT194EN,http://data.ordnancesurvey.co.uk/id/postcodeunit/CT194EN,CT19 4EN,,,,other,Postcode,620918,136737,3500,18000,,,,,,,Folkestone,http://data.ordnancesurvey.co.uk/id/4000000074566736,http://www.ordnancesurvey.co.uk/xml/codelists/localtype.xml#town,Folkestone and Hythe,http://data.ordnancesurvey.co.uk/id/7000000000018085,http://data.ordnancesurvey.co.uk/ontology/admingeo/District,Kent,http://data.ordnancesurvey.co.uk/id/7000000000018210,http://data.ordnancesurvey.co.uk/ontology/admingeo/County,South East,http://data.ordnancesurvey.co.uk/id/7000000000041421,England,http://data.ordnancesurvey.co.uk/id/country/england,,,
CT187PH,http://data.ordnancesurvey.co.uk/id/postcodeunit/CT187PH,CT18 7PH,,,,other,Postcode,621003,139665,3500,18000,,,,,,,Hawkinge,http://data.ordnancesurvey.co.uk/id/4000000074566747,http://www.ordnancesurvey.co.uk/xml/codelists/localtype.xml#village,Folkestone and Hythe,http://data.ordnancesurvey.co.uk/id/7000000000018085,http://data.ordnancesurvey.co.uk/ontology/admingeo/District,Kent,http://data.ordnancesurvey.co.uk/id/7000000000018210,http://data.ordnancesurvey.co.uk/ontology/admingeo/County,South East,http://data.ordnancesurvey.co.uk/id/7000000000041421,England,http://data.ordnancesurvey.co.uk/id/country/england,,,
CT201HX,http://data.ordnancesurvey.co.uk/id/postcodeunit/CT201HX,CT20 1HX,,,,other,Postcode,622857,136415,3500,18000,,,,,,,Folkestone,http://data.ordnancesurvey.co.uk/id/4000000074566736,http://www.ordnancesurvey.co.uk/xml/codelists/localtype.xml#town,Folkestone and Hythe,http://data.ordnancesurvey.co.uk/id/7000000000018085,http://data.ordnancesurvey.co.uk/ontology/admingeo/District,Kent,http://data.ordnancesurvey.co.uk/id/7000000000018210,http://data.ordnancesurvey.co.uk/ontology/admingeo/County,South East,http://data.ordnancesurvey.co.uk/id/7000000000041421,England,http://data.ordnancesurvey.co.uk/id/country/england,,,
CT203RT,http://data.ordnancesurvey.co.uk/id/postcodeunit/CT203RT,CT20 3RT,,,,other,Postcode,620957,135203,3500,18000,,,,,,,Folkestone,http://data.ordnancesurvey.co.uk/id/4000000074566736,http://www.ordnancesurvey.co.uk/xml/codelists/localtype.xml#town,Folkestone and Hythe,http://data.ordnancesurvey.co.uk/id/7000000000018085,http://data.ordnancesurvey.co.uk/ontology/admingeo/District,Kent,http://data.ordnancesurvey.co.uk/id/7000000000018210,http://data.ordnancesurvey.co.uk/ontology/admingeo/County,South East,http://data.ordnancesurvey.co.uk/id/7000000000041421,England,http://data.ordnancesurvey.co.uk/id/country/england,,,
CT187JB,http://data.ordnancesurvey.co.uk/id/postcodeunit/CT187JB,CT18 7JB,,,,other,Postcode,625982,138639,3500,18000,,,,,,,Capel-le-Ferne,http://data.ordnancesurvey.co.uk/id/4000000074568384,http://www.ordnancesurvey.co.uk/xml/codelists/localtype.xml#village,Dover,http://data.ordnancesurvey.co.uk/id/7000000000017977,http://data.ordnancesurvey.co.uk/ontology/admingeo/District,Kent,http://data.ordnancesurvey.co.uk/id/7000000000018210,http://data.ordnancesurvey.co.uk/ontology/admingeo/County,South East,http://data.ordnancesurvey.co.uk/id/7000000000041421,England,http://data.ordnancesurvey.co.uk/id/country/england,,,
CT209HW,http://data.ordnancesurvey.co.uk/id/postcodeunit/CT209HW,CT20 9HW,,,,other,Postcode,622641,135834,3500,18000,,,,,,,Folkestone,http://data.ordnancesurvey.co.uk/id/4000000074566736,http://www.ordnancesurvey.co.uk/xml/codelists/localtype.xml#town,Folkestone and Hythe,http://data.ordnancesurvey.co.uk/id/7000000000018085,http://data.ordnancesurvey.co.uk/ontology/admingeo/District,Kent,http://data.ordnancesurvey.co.uk/id/7000000000018210,http://data.ordnancesurvey.co.uk/ontology/admingeo/County,South East,http://data.ordnancesurvey.co.uk/id/7000000000041421,England,http://data.ordnancesurvey.co.uk/id/country/england,,,
CT201NH,http://data.ordnancesurvey.co.uk/id/postcodeunit/CT201NH,CT20 1NH,,,,other,Postcode,623195,136597,3500,18000,,,,,,,Folkestone,http://data.ordnancesurvey.co.uk/id/4000000074566736,http://www.ordnancesurvey.co.uk/xml/codelists/localtype.xml#town,Folkestone and Hythe,http://data.ordnancesurvey.co.uk/id/7000000000018085,http://data.ordnancesurvey.co.uk/ontology/admingeo/District,Kent,http://data.ordnancesurvey.co.uk/id/7000000000018210,http://data.ordnancesurvey.co.uk/ontology/admingeo/County,South East,http://data.ordnancesurvey.co.uk/id/7000000000041421,England,http://data.ordnancesurvey.co.uk/id/country/england,,,
CT187LR,http://data.ordnancesurvey.co.uk/id/postcodeunit/CT187LR,CT18 7LR,,,,other,Postcode,624892,138585,3500,18000,,,,,,,Capel-le-Ferne,http://data.ordnancesurvey.co.uk/id/4000000074568384,http://www.ordnancesurvey.co.uk/xml/codelists/localtype.xml#village,Dover,http://data.ordnancesurvey.co.uk/id/7000000000017977,http://data.ordnancesurvey.co.uk/ontology/admingeo/District,Kent,http://data.ordnancesurvey.co.uk/id/7000000000018210,http://data.ordnancesurvey.co.uk/ontology/admingeo/County,South East,http://data.ordnancesurvey.co.uk/id/7000000000041421,England,http://data.ordnancesurvey.co.uk/id/country/england,,,
CT194SW,http://data.ordnancesurvey.co.uk/id/postcodeunit/CT194SW,CT19 4SW,,,,other,Postcode,620483,136740,3500,18000,,,,,,,Folkestone,http://data.ordnancesurvey.co.uk/id/4000000074566736,http://www.ordnancesurvey.co.uk/xml/codelists/localtype.xml#town,Folkestone and Hythe,http://data.ordnancesurvey.co.uk/id/7000000000018085,http://data.ordnancesurvey.co.uk/ontology/admingeo/District,Kent,http://data.ordnancesurvey.co.uk/id/7000000000018210,http://data.ordnancesurvey.co.uk/ontology/admingeo/County,South East,http://data.ordnancesurvey.co.uk/id/7000000000041421,England,http://data.ordnancesurvey.co.uk/id/country/england,,,
CT187BX,http://data.ordnancesurvey.co.uk/id/postcodeunit/CT187BX,CT18 7BX,,,,other,Postcode,621749,139941,3500,18000,,,,,,,Hawkinge,http://data.ordnancesurvey.co.uk/id/4000000074566747,http://www.ordnancesurvey.co.uk/xml/codelists/localtype.xml#village,Folkestone and Hythe,http://data.ordnancesurvey.co.uk/id/7000000000018085,http://data.ordnancesurvey.co.uk/ontology/admingeo/District,Kent,http://data.ordnancesurvey.co.uk/id/7000000000018210,http://data.ordnancesurvey.co.uk/ontology/admingeo/County,South East,http://data.ordnancesurvey.co.uk/id/7000000000041421,England,http://data.ordnancesurvey.co.uk/id/country/england,,,
CT201RR,http://data.ordnancesurvey.co.uk/id/postcodeunit/CT201RR,CT20 1RR,,,,other,Postcode,622764,135801,3500,18000,,,,,,,Folkestone,http://data.ordnancesurvey.co.uk/id/4000000074566736,http://www.ordnancesurvey.co.uk/xml/codelists/localtype.xml#town,Folkestone and Hythe,http://data.ordnancesurvey.co.uk/id/7000000000018085,http://data.ordnancesurvey.co.uk/ontology/admingeo/District,Kent,http://data.ordnancesurvey.co.uk/id/7000000000018210,http://data.ordnancesurvey.co.uk/ontology/admingeo/County,South East,http://data.ordnancesurvey.co.uk/id/7000000000041421,England,http://data.ordnancesurvey.co.uk/id/country/england,,,
CT196BG,http://data.ordnancesurvey.co.uk/id/postcodeunit/CT196BG,CT19 6BG,,,,other,Postcode,623797,136467,3500,18000,,,,,,,Folkestone,http://data.ordnancesurvey.co.uk/id/4000000074566736,http://www.ordnancesurvey.co.uk/xml/codelists/localtype.xml#town,Folkestone and Hythe,http://data.ordnancesurvey.co.uk/id/7000000000018085,http://data.ordnancesurvey.co.uk/ontology/admingeo/District,Kent,http://data.ordnancesurvey.co.uk/id/7000000000018210,http://data.ordnancesurvey.co.uk/ontology/admingeo/County,South East,http://data.ordnancesurvey.co.uk/id/7000000000041421,England,http://data.ordnancesurvey.co.uk/id/country/england,,,
CT194NU,http://data.ordnancesurvey.co.uk/id/postcodeunit/CT194NU,CT19 4NU,,,,other,Postcode,620307,137147,3500,18000,,,,,,,Folkestone,http://data.ordnancesurvey.co.uk/id/4000000074566736,http://www.ordnancesurvey.co.uk/xml/codelists/localtype.xml#town,Folkestone and Hythe,http://data.ordnancesurvey.co.uk/id/7000000000018085,http://data.ordnancesurvey.co.uk/ontology/admingeo/District,Kent,http://data.ordnancesurvey.co.uk/id/7000000000018210,http://data.ordnancesurvey.co.uk/ontology/admingeo/County,South East,http://data.ordnancesurvey.co.uk/id/7000000000041421,England,http://data.ordnancesurvey.co.uk/id/country/england,,,
CT203AQ,http://data.ordnancesurvey.co.uk/id/postcodeunit/CT203AQ,CT20 3AQ,,,,other,Postcode,620609,135179,3500,18000,,,,,,,Folkestone,http://data.ordnancesurvey.co.uk/id/4000000074566736,http://www.ordnancesurvey.co.uk/xml/codelists/localtype.xml#town,Folkestone and Hythe,http://data.ordnancesurvey.co.uk/id/7000000000018085,http://data.ordnancesurvey.co.uk/ontology/admingeo/District,Kent,http://data.ordnancesurvey.co.uk/id/7000000000018210,http://data.ordnancesurvey.co.uk/ontology/admingeo/County,South East,http://data.ordnancesurvey.co.uk/id/7000000000041421,England,http://data.ordnancesurvey.co.uk/id/country/england,,,
CT201WB,http://data.ordnancesurvey.co.uk/id/postcodeunit/CT201WB,CT20 1WB,,,,other,Postcode,622668,135826,3500,18000,,,,,,,Folkestone,http://data.ordnancesurvey.co.uk/id/4000000074566736,http://www.ordnancesurvey.co.uk/xml/codelists/localtype.xml#town,Folkestone and Hythe,http://data.ordnancesurvey.co.uk/id/7000000000018085,http://data.ordnancesurvey.co.uk/ontology/admingeo/District,Kent,http://data.ordnancesurvey.co.uk/id/7000000000018210,http://data.ordnancesurvey.co.uk/ontology/admingeo/County,South East,http://data.ordnancesurvey.co.uk/id/7000000000041421,England,http://data.ordnancesurvey.co.uk/id/country/england,,,
CT203NQ,http://data.ordnancesurvey.co.uk/id/postcodeunit/CT203NQ,CT20 3NQ,,,,other,Postcode,620451,135817,3500,18000,,,,,,,Folkestone,http://data.ordnancesurvey.co.uk/id/4000000074566736,http://www.ordnancesurvey.co.uk/xml/codelists/localtype.xml#town,Folkestone and Hythe,http://data.ordnancesurvey.co.uk/id/7000000000018085,http://data.ordnancesurvey.co.uk/ontology/admingeo/District,Kent,http://data.ordnancesurvey.co.uk/id/7000000000018210,http://data.ordnancesurvey.co.uk/ontology/admingeo/County,South East,http://data.ordnancesurvey.co.uk/id/7000000000041421,England,http://data.ordnancesurvey.co.uk/id/country/england,,,
CT202RS,http://data.ordnancesurvey.co.uk/id/postcodeunit/CT202RS,CT20 2RS,,,,other,Postcode,622103,135694,3500,18000,,,,,,,Folkestone,http://data.ordnancesurvey.co.uk/id/4000000074566736,http://www.ordnancesurvey.co.uk/xml/codelists/localtype.xml#town,Folkestone and Hythe,http://data.ordnancesurvey.co.uk/id/7000000000018085,http://data.ordnancesurvey.co.uk/ontology/admingeo/District,Kent,http://data.ordnancesurvey.co.uk/id/7000000000018210,http://data.ordnancesurvey.co.uk/ontology/admingeo/County,South East,http://data.ordnancesurvey.co.uk/id/7000000000041421,England,http://data.ordnancesurvey.co.uk/id/country/england,,,
CT187LU,http://data.ordnancesurvey.co.uk/id/postcodeunit/CT187LU,CT18 7LU,,,,other,Postcode,625046,138738,3500,18000,,,,,,,Capel-le-Ferne,http://data.ordnancesurvey.co.uk/id/4000000074568384,http://www.ordnancesurvey.co.uk/xml/codelists/localtype.xml#village,Dover,http://data.ordnancesurvey.co.uk/id/7000000000017977,http://data.ordnancesurvey.co.uk/ontology/admingeo/District,Kent,http://data.ordnancesurvey.co.uk/id/7000000000018210,http://data.ordnancesurvey.co.uk/ontology/admingeo/County,South East,http://data.ordnancesurvey.co.uk/id/7000000000041421,England,http://data.ordnancesurvey.co.uk/id/country/england,,,
CT202UD,http://data.ordnancesurvey.co.uk/id/postcodeunit/CT202UD,CT20 2UD,,,,other,Postcode,621481,136052,3500,18000,,,,,,,Folkestone,http://data.ordnancesurvey.co.uk/id/4000000074566736,http://www.ordnancesurvey.co.uk/xml/codelists/localtype.xml#town,Folkestone and Hythe,http://data.ordnancesurvey.co.uk/id/7000000000018085,http://data.ordnancesurvey.co.uk/ontology/admingeo/District,Kent,http://data.ordnancesurvey.co.uk/id/7000000000018210,http://data.ordnancesurvey.co.uk/ontology/admingeo/County,South East,http://data.ordnancesurvey.co.uk/id/7000000000041421,England,http://data.ordnancesurvey.co.uk/id/country/england,,,
CT195UB,http://data.ordnancesurvey.co.uk/id/postcodeunit/CT195UB,CT19 5UB,,,,other,Postcode,621563,137262,3500,18000,,,,,,,Folkestone,http://data.ordnancesurvey.co.uk/id/4000000074566736,http://www.ordnancesurvey.co.uk/xml/codelists/localtype.xml#town,Folkestone and Hythe,http://data.ordnancesurvey.co.uk/id/7000000000018085,http://data.ordnancesurvey.co.uk/ontology/admingeo/District,Kent,http://data.ordnancesurvey.co.uk/id/7000000000018210,http://data.ordnancesurvey.co.uk/ontology/admingeo/County,South East,http://data.ordnancesurvey.co.uk/id/7000000000041421,England,http://data.ordnancesurvey.co.uk/id/country/england,,,
CT195TF,http://data.ordnancesurvey.co.uk/id/postcodeunit/CT195TF,CT19 5TF,,,,other,Postcode,621428,137283,3500,18000,,,,,,,Folkestone,http://data.ordnancesurvey.co.uk/id/4000000074566736,http://www.ordnancesurvey.co.uk/xml/codelists/localtype.xml#town,Folkestone and Hythe,http://data.ordnancesurvey.co.uk/id/7000000000018085,http://data.ordnancesurvey.co.uk/ontology/admingeo/District,Kent,http://data.ordnancesurvey.co.uk/id/7000000000018210,http://data.ordnancesurvey.co.uk/ontology/admingeo/County,South East,http://data.ordnancesurvey.co.uk/id/7000000000041421,England,http://data.ordnancesurvey.co.uk/id/country/england,,,
CT187HL,http://data.ordnancesurvey.co.uk/id/postcodeunit/CT187HL,CT18 7HL,,,,other,Postcode,624846,138216,3500,18000,,,,,,,Capel-le-Ferne,http://data.ordnancesurvey.co.uk/id/4000000074568384,http://www.ordnancesurvey.co.uk/xml/codelists/localtype.xml#village,Folkestone and Hythe,http://data.ordnancesurvey.co.uk/id/7000000000018085,http://data.ordnancesurvey.co.uk/ontology/admingeo/District,Kent,http://data.ordnancesurvey.co.uk/id/7000000000018210,http://data.ordnancesurvey.co.uk/ontology/admingeo/County,South East,http://data.ordnancesurvey.co.uk/id/7000000000041421,England,http://data.ordnancesurvey.co.uk/id/country/england,,,
CT195UX,http://data.ordnancesurvey.co.uk/id/postcodeunit/CT195UX,CT19 5UX,,,,other,Postcode,622359,136989,3500,18000,,,,,,,Folkestone,http://data.ordnancesurvey.co.uk/id/4000000074566736,http://www.ordnancesurvey.co.uk/xml/codelists/localtype.xml#town,Folkestone and Hythe,http://data.ordnancesurvey.co.uk/id/7000000000018085,http://data.ordnancesurvey.co.uk/ontology/admingeo/District,Kent,http://data.ordnancesurvey.co.uk/id/7000000000018210,http://data.ordnancesurvey.co.uk/ontology/admingeo/County,South East,http://data.ordnancesurvey.co.uk/id/7000000000041421,England,http://data.ordnancesurvey.co.uk/id/country/england,,,
CT203QP,http://data.ordnancesurvey.co.uk/id/postcodeunit/CT203QP,CT20 3QP,,,,other,Postcode,620670,136041,3500,18000,,,,,,,Folkestone,http://data.ordnancesurvey.co.uk/id/4000000074566736,http://www.ordnancesurvey.co.uk/xml/codelists/localtype.xml#town,Folkestone and Hythe,http://data.ordnancesurvey.co.uk/id/7000000000018085,http://data.ordnancesurvey.co.uk/ontology/admingeo/District,Kent,http://data.ordnancesurvey.co.uk/id/7000000000018210,http://data.ordnancesurvey.co.uk/ontology/admingeo/County,South East,http://data.ordnancesurvey.co.uk/id/7000000000041421,England,http://data.ordnancesurvey.co.uk/id/country/england,,,
CT202LY,http://data.ordnancesurvey.co.uk/id/postcodeunit/CT202LY,CT20 2LY,,,,other,Postcode,621110,135564,3500,18000,,,,,,,Folkestone,http://data.ordnancesurvey.co.uk/id/4000000074566736,http://www.ordnancesurvey.co.uk/xml/codelists/localtype.xml#town,Folkestone and Hythe,http://data.ordnancesurvey.co.uk/id/7000000000018085,http://data.ordnancesurvey.co.uk/ontology/admingeo/District,Kent,http://data.ordnancesurvey.co.uk/id/7000000000018210,http://data.ordnancesurvey.co.uk/ontology/admingeo/County,South East,http://data.ordnancesurvey.co.uk/id/7000000000041421,England,http://data.ordnancesurvey.co.uk/id/country/england,,,
CT201DD,http://data.ordnancesurvey.co.uk/id/postcodeunit/CT201DD,CT20 1DD,,,,other,Postcode,622529,136097,3500,18000,,,,,,,Folkestone,http://data.ordnancesurvey.co.uk/id/4000000074566736,http://www.ordnancesurvey.co.uk/xml/codelists/localtype.xml#town,Folkestone and Hythe,http://data.ordnancesurvey.co.uk/id/7000000000018085,http://data.ordnancesurvey.co.uk/ontology/admingeo/District,Kent,http://data.ordnancesurvey.co.uk/id/7000000000018210,http://data.ordnancesurvey.co.uk/ontology/admingeo/County,South East,http://data.ordnancesurvey.co.uk/id/7000000000041421,England,http://data.ordnancesurvey.co.uk/id/country/england,,,
CT201HG,http://data.ordnancesurvey.co.uk/id/postcodeunit/CT201HG,CT20 1HG,,,,other,Postcode,622912,136169,3500,18000,,,,,,,Folkestone,http://data.ordnancesurvey.co.uk/id/4000000074566736,http://www.ordnancesurvey.co.uk/xml/codelists/localtype.xml#town,Folkestone and Hythe,http://data.ordnancesurvey.co.uk/id/7000000000018085,http://data.ordnancesurvey.co.uk/ontology/admingeo/District,Kent,http://data.ordnancesurvey.co.uk/id/7000000000018210,http://data.ordnancesurvey.co.uk/ontology/admingeo/County,South East,http://data.ordnancesurvey.co.uk/id/7000000000041421,England,http://data.ordnancesurvey.co.uk/id/country/england,,,
CT196HQ,http://data.ordnancesurvey.co.uk/id/postcodeunit/CT196HQ,CT19 6HQ,,,,other,Postcode,623198,137163,3500,18000,,,,,,,Folkestone,http://data.ordnancesurvey.co.uk/id/4000000074566736,http://www.ordnancesurvey.co.uk/xml/codelists/localtype.xml#town,Folkestone and Hythe,http://data.ordnancesurvey.co.uk/id/7000000000018085,http://data.ordnancesurvey.co.uk/ontology/admingeo/District,Kent,http://data.ordnancesurvey.co.uk/id/7000000000018210,http://data.ordnancesurvey.co.uk/ontology/admingeo/County,South East,http://data.ordnancesurvey.co.uk/id/7000000000041421,England,http://data.ordnancesurvey.co.uk/id/country/england,,,
CT201BT,http://data.ordnancesurvey.co.uk/id/postcodeunit/CT201BT,CT20 1BT,,,,other,Postcode,622696,136119,3500,18000,,,,,,,Folkestone,http://data.ordnancesurvey.co.uk/id/4000000074566736,http://www.ordnancesurvey.co.uk/xml/codelists/localtype.xml#town,Folkestone and Hythe,http://data.ordnancesurvey.co.uk/id/7000000000018085,http://data.ordnancesurvey.co.uk/ontology/admingeo/District,Kent,http://data.ordnancesurvey.co.uk/id/7000000000018210,http://data.ordnancesurvey.co.uk/ontology/admingeo/County,South East,http://data.ordnancesurvey.co.uk/id/7000000000041421,England,http://data.ordnancesurvey.co.uk/id/country/england,,,
CT187RZ,http://data.ordnancesurvey.co.uk/id/postcodeunit/CT187RZ,CT18 7RZ,,,,other,Postcode,620813,139079,3500,18000,,,,,,,Hawkinge,http://data.ordnancesurvey.co.uk/id/4000000074566747,http://www.ordnancesurvey.co.uk/xml/codelists/localtype.xml#village,Folkestone and Hythe,http://data.ordnancesurvey.co.uk/id/7000000000018085,http://data.ordnancesurvey.co.uk/ontology/admingeo/District,Kent,http://data.ordnancesurvey.co.uk/id/7000000000018210,http://data.ordnancesurvey.co.uk/ontology/admingeo/County,South East,http://data.ordnancesurvey.co.uk/id/7000000000041421,England,http://data.ordnancesurvey.co.uk/id/country/england,,,
CT195PE,http://data.ordnancesurvey.co.uk/id/postcodeunit/CT195PE,CT19 5PE,,,,other,Postcode,622918,137358,3500,18000,,,,,,,Folkestone,http://data.ordnancesurvey.co.uk/id/4000000074566736,http://www.ordnancesurvey.co.uk/xml/codelists/localtype.xml#town,Folkestone and Hythe,http://data.ordnancesurvey.co.uk/id/7000000000018085,http://data.ordnancesurvey.co.uk/ontology/admingeo/District,Kent,http://data.ordnancesurvey.co.uk/id/7000000000018210,http://data.ordnancesurvey.co.uk/ontology/admingeo/County,South East,http://data.ordnancesurvey.co.uk/id/7000000000041421,England,http://data.ordnancesurvey.co.uk/id/country/england,,,
CT195TL,http://data.ordnancesurvey.co.uk/id/postcodeunit/CT195TL,CT19 5TL,,,,other,Postcode,621632,137027,3500,18000,,,,,,,Folkestone,http://data.ordnancesurvey.co.uk/id/4000000074566736,http://www.ordnancesurvey.co.uk/xml/codelists/localtype.xml#town,Folkestone and Hythe,http://data.ordnancesurvey.co.uk/id/7000000000018085,http://data.ordnancesurvey.co.uk/ontology/admingeo/District,Kent,http://data.ordnancesurvey.co.uk/id/7000000000018210,http://data.ordnancesurvey.co.uk/ontology/admingeo/County,South East,http://data.ordnancesurvey.co.uk/id/7000000000041421,England,http://data.ordnancesurvey.co.uk/id/country/england,,,
CT195PH,http://data.ordnancesurvey.co.uk/id/postcodeunit/CT195PH,CT19 5PH,,,,other,Postcode,622898,137133,3500,18000,,,,,,,Folkestone,http://data.ordnancesurvey.co.uk/id/4000000074566736,http://www.ordnancesurvey.co.uk/xml/codelists/localtype.xml#town,Folkestone and Hythe,http://data.ordnancesurvey.co.uk/id/7000000000018085,http://data.ordnancesurvey.co.uk/ontology/admingeo/District,Kent,http://data.ordnancesurvey.co.uk/id/7000000000018210,http://data.ordnancesurvey.co.uk/ontology/admingeo/County,South East,http://data.ordnancesurvey.co.uk/id/7000000000041421,England,http://data.ordnancesurvey.co.uk/id/country/england,,,
CT195ND,http://data.ordnancesurvey.co.uk/id/postcodeunit/CT195ND,CT19 5ND,,,,other,Postcode,621226,137131,3500,18000,,,,,,,Folkestone,http://data.ordnancesurvey.co.uk/id/4000000074566736,http://www.ordnancesurvey.co.uk/xml/codelists/localtype.xml#town,Folkestone and Hythe,http://data.ordnancesurvey.co.uk/id/7000000000018085,http://data.ordnancesurvey.co.uk/ontology/admingeo/District,Kent,http://data.ordnancesurvey.co.uk/id/7000000000018210,http://data.ordnancesurvey.co.uk/ontology/admingeo/County,South East,http://data.ordnancesurvey.co.uk/id/7000000000041421,England,http://data.ordnancesurvey.co.uk/id/country/england,,,
CT202UW,http://data.ordnancesurvey.co.uk/id/postcodeunit/CT202UW,CT20 2UW,,,,other,Postcode,622096,135442,3500,18000,,,,,,,Folkestone,http://data.ordnancesurvey.co.uk/id/4000000074566736,http://www.ordnancesurvey.co.uk/xml/codelists/localtype.xml#town,Folkestone and Hythe,http://data.ordnancesurvey.co.uk/id/7000000000018085,http://data.ordnancesurvey.co.uk/ontology/admingeo/District,Kent,http://data.ordnancesurvey.co.uk/id/7000000000018210,http://data.ordnancesurvey.co.uk/ontology/admingeo/County,South East,http://data.ordnancesurvey.co.uk/id/7000000000041421,England,http://data.ordnancesurvey.co.uk/id/country/england,,,
CT201DW,http://data.ordnancesurvey.co.uk/id/postcodeunit/CT201DW,CT20 1DW,,,,other,Postcode,622750,135893,3500,18000,,,,,,,Folkestone,http://data.ordnancesurvey.co.uk/id/4000000074566736,http://www.ordnancesurvey.co.uk/xml/codelists/localtype.xml#town,Folkestone and Hythe,http://data.ordnancesurvey.co.uk/id/7000000000018085,http://data.ordnancesurvey.co.uk/ontology/admingeo/District,Kent,http://data.ordnancesurvey.co.uk/id/7000000000018210,http://data.ordnancesurvey.co.uk/ontology/admingeo/County,South East,http://data.ordnancesurvey.co.uk/id/7000000000041421,England,http://data.ordnancesurvey.co.uk/id/country/england,,,
CT202RN,http://data.ordnancesurvey.co.uk/id/postcodeunit/CT202RN,CT20 2RN,,,,other,Postcode,621985,135708,3500,18000,,,,,,,Folkestone,http://data.ordnancesurvey.co.uk/id/4000000074566736,http://www.ordnancesurvey.co.uk/xml/codelists/localtype.xml#town,Folkestone and Hythe,http://data.ordnancesurvey.co.uk/id/7000000000018085,http://data.ordnancesurvey.co.uk/ontology/admingeo/District,Kent,http://data.ordnancesurvey.co.uk/id/7000000000018210,http://data.ordnancesurvey.co.uk/ontology/admingeo/County,South East,http://data.ordnancesurvey.co.uk/id/7000000000041421,England,http://data.ordnancesurvey.co.uk/id/country/england,,,
CT203PD,http://data.ordnancesurvey.co.uk/id/postcodeunit/CT203PD,CT20 3PD,,,,other,Postcode,620734,136393,3500,18000,,,,,,,Folkestone,http://data.ordnancesurvey.co.uk/id/4000000074566736,http://www.ordnancesurvey.co.uk/xml/codelists/localtype.xml#town,Folkestone and Hythe,http://data.ordnancesurvey.co.uk/id/7000000000018085,http://data.ordnancesurvey.co.uk/ontology/admingeo/District,Kent,http://data.ordnancesurvey.co.uk/id/7000000000018210,http://data.ordnancesurvey.co.uk/ontology/admingeo/County,South East,http://data.ordnancesurvey.co.uk/id/7000000000041421,England,http://data.ordnancesurvey.co.uk/id/country/england,,,
CT202LE,http://data.ordnancesurvey.co.uk/id/postcodeunit/CT202LE,CT20 2LE,,,,other,Postcode,621230,135632,3500,18000,,,,,,,Folkestone,http://data.ordnancesurvey.co.uk/id/4000000074566736,http://www.ordnancesurvey.co.uk/xml/codelists/localtype.xml#town,Folkestone and Hythe,http://data.ordnancesurvey.co.uk/id/7000000000018085,http://data.ordnancesurvey.co.uk/ontology/admingeo/District,Kent,http://data.ordnancesurvey.co.uk/id/7000000000018210,http://data.ordnancesurvey.co.uk/ontology/admingeo/County,South East,http://data.ordnancesurvey.co.uk/id/7000000000041421,England,http://data.ordnancesurvey.co.uk/id/country/england,,,
CT201BU,http://data.ordnancesurvey.co.uk/id/postcodeunit/CT201BU,CT20 1BU,,,,other,Postcode,622677,136066,3500,18000,,,,,,,Folkestone,http://data.ordnancesurvey.co.uk/id/4000000074566736,http://www.ordnancesurvey.co.uk/xml/codelists/localtype.xml#town,Folkestone and Hythe,http://data.ordnancesurvey.co.uk/id/7000000000018085,http://data.ordnancesurvey.co.uk/ontology/admingeo/District,Kent,http://data.ordnancesurvey.co.uk/id/7000000000018210,http://data.ordnancesurvey.co.uk/ontology/admingeo/County,South East,http://data.ordnancesurvey.co.uk/id/7000000000041421,England,http://data.ordnancesurvey.co.uk/id/country/england,,,
CT195RP,http://data.ordnancesurvey.co.uk/id/postcodeunit/CT195RP,CT19 5RP,,,,other,Postcode,622782,136772,3500,18000,,,,,,,Folkestone,http://data.ordnancesurvey.co.uk/id/4000000074566736,http://www.ordnancesurvey.co.uk/xml/codelists/localtype.xml#town,Folkestone and Hythe,http://data.ordnancesurvey.co.uk/id/7000000000018085,http://data.ordnancesurvey.co.uk/ontology/admingeo/District,Kent,http://data.ordnancesurvey.co.uk/id/7000000000018210,http://data.ordnancesurvey.co.uk/ontology/admingeo/County,South East,http://data.ordnancesurvey.co.uk/id/7000000000041421,England,http://data.ordnancesurvey.co.uk/id/country/england,,,
CT195LX,http://data.ordnancesurvey.co.uk/id/postcodeunit/CT195LX,CT19 5LX,,,,other,Postcode,621432,137424,3500,18000,,,,,,,Folkestone,http://data.ordnancesurvey.co.uk/id/4000000074566736,http://www.ordnancesurvey.co.uk/xml/codelists/localtype.xml#town,Folkestone and Hythe,http://data.ordnancesurvey.co.uk/id/7000000000018085,http://data.ordnancesurvey.co.uk/ontology/admingeo/District,Kent,http://data.ordnancesurvey.co.uk/id/7000000000018210,http://data.ordnancesurvey.co.uk/ontology/admingeo/County,South East,http://data.ordnancesurvey.co.uk/id/7000000000041421,England,http://data.ordnancesurvey.co.uk/id/country/england,,,
CT201DS,http://data.ordnancesurvey.co.uk/id/postcodeunit/CT201DS,CT20 1DS,,,,other,Postcode,622370,136125,3500,18000,,,,,,,Folkestone,http://data.ordnancesurvey.co.uk/id/4000000074566736,http://www.ordnancesurvey.co.uk/xml/codelists/localtype.xml#town,Folkestone and Hythe,http://data.ordnancesurvey.co.uk/id/7000000000018085,http://data.ordnancesurvey.co.uk/ontology/admingeo/District,Kent,http://data.ordnancesurvey.co.uk/id/7000000000018210,http://data.ordnancesurvey.co.uk/ontology/admingeo/County,South East,http://data.ordnancesurvey.co.uk/id/7000000000041421,England,http://data.ordnancesurvey.co.uk/id/country/england,,,
CT195TS,http://data.ordnancesurvey.co.uk/id/postcodeunit/CT195TS,CT19 5TS,,,,other,Postcode,621396,137056,3500,18000,,,,,,,Folkestone,http://data.ordnancesurvey.co.uk/id/4000000074566736,http://www.ordnancesurvey.co.uk/xml/codelists/localtype.xml#town,Folkestone and Hythe,http://data.ordnancesurvey.co.uk/id/7000000000018085,http://data.ordnancesurvey.co.uk/ontology/admingeo/District,Kent,http://data.ordnancesurvey.co.uk/id/7000000000018210,http://data.ordnancesurvey.co.uk/ontology/admingeo/County,South East,http://data.ordnancesurvey.co.uk/id/7000000000041421,England,http://data.ordnancesurvey.co.uk/id/country/england,,,
CT194FL,http://data.ordnancesurvey.co.uk/id/postcodeunit/CT194FL,CT19 4FL,,,,other,Postcode,620627,137409,3500,18000,,,,,,,Folkestone,http://data.ordnancesurvey.co.uk/id/4000000074566736,http://www.ordnancesurvey.co.uk/xml/codelists/localtype.xml#town,Folkestone and Hythe,http://data.ordnancesurvey.co.uk/id/7000000000018085,http://data.ordnancesurvey.co.uk/ontology/admingeo/District,Kent,http://data.ordnancesurvey.co.uk/id/7000000000018210,http://data.ordnancesurvey.co.uk/ontology/admingeo/County,South East,http://data.ordnancesurvey.co.uk/id/7000000000041421,England,http://data.ordnancesurvey.co.uk/id/country/england,,,
CT194EQ,http://data.ordnancesurvey.co.uk/id/postcodeunit/CT194EQ,CT19 4EQ,,,,other,Postcode,620903,136698,3500,18000,,,,,,,Folkestone,http://data.ordnancesurvey.co.uk/id/4000000074566736,http://www.ordnancesurvey.co.uk/xml/codelists/localtype.xml#town,Folkestone and Hythe,http://data.ordnancesurvey.co.uk/id/7000000000018085,http://data.ordnancesurvey.co.uk/ontology/admingeo/District,Kent,http://data.ordnancesurvey.co.uk/id/7000000000018210,http://data.ordnancesurvey.co.uk/ontology/admingeo/County,South East,http://data.ordnancesurvey.co.uk/id/7000000000041421,England,http://data.ordnancesurvey.co.uk/id/country/england,,,
CT203NE,http://data.ordnancesurvey.co.uk/id/postcodeunit/CT203NE,CT20 3NE,,,,other,Postcode,620447,136125,3500,18000,,,,,,,Folkestone,http://data.ordnancesurvey.co.uk/id/4000000074566736,http://www.ordnancesurvey.co.uk/xml/codelists/localtype.xml#town,Folkestone and Hythe,http://data.ordnancesurvey.co.uk/id/7000000000018085,http://data.ordnancesurvey.co.uk/ontology/admingeo/District,Kent,http://data.ordnancesurvey.co.uk/id/7000000000018210,http://data.ordnancesurvey.co.uk/ontology/admingeo/County,South East,http://data.ordnancesurvey.co.uk/id/7000000000041421,England,http://data.ordnancesurvey.co.uk/id/country/england,,,
CT194AE,http://data.ordnancesurvey.co.uk/id/postcodeunit/CT194AE,CT19 4AE,,,,other,Postcode,620833,137053,3500,18000,,,,,,,Folkestone,http://data.ordnancesurvey.co.uk/id/4000000074566736,http://www.ordnancesurvey.co.uk/xml/codelists/localtype.xml#town,Folkestone and Hythe,http://data.ordnancesurvey.co.uk/id/7000000000018085,http://data.ordnancesurvey.co.uk/ontology/admingeo/District,Kent,http://data.ordnancesurvey.co.uk/id/7000000000018210,http://data.ordnancesurvey.co.uk/ontology/admingeo/County,South East,http://data.ordnancesurvey.co.uk/id/7000000000041421,England,http://data.ordnancesurvey.co.uk/id/country/england,,,
CT203LR,http://data.ordnancesurvey.co.uk/id/postcodeunit/CT203LR,CT20 3LR,,,,other,Postcode,620037,136213,3500,18000,,,,,,,Folkestone,http://data.ordnancesurvey.co.uk/id/4000000074566736,http://www.ordnancesurvey.co.uk/xml/codelists/localtype.xml#town,Folkestone and Hythe,http://data.ordnancesurvey.co.uk/id/7000000000018085,http://data.ordnancesurvey.co.uk/ontology/admingeo/District,Kent,http://data.ordnancesurvey.co.uk/id/7000000000018210,http://data.ordnancesurvey.co.uk/ontology/admingeo/County,South East,http://data.ordnancesurvey.co.uk/id/7000000000041421,England,http://data.ordnancesurvey.co.uk/id/country/england,,,
CT194BW,http://data.ordnancesurvey.co.uk/id/postcodeunit/CT194BW,CT19 4BW,,,,other,Postcode,620536,136619,3500,18000,,,,,,,Folkestone,http://data.ordnancesurvey.co.uk/id/4000000074566736,http://www.ordnancesurvey.co.uk/xml/codelists/localtype.xml#town,Folkestone and Hythe,http://data.ordnancesurvey.co.uk/id/7000000000018085,http://data.ordnancesurvey.co.uk/ontology/admingeo/District,Kent,http://data.ordnancesurvey.co.uk/id/7000000000018210,http://data.ordnancesurvey.co.uk/ontology/admingeo/County,South East,http://data.ordnancesurvey.co.uk/id/7000000000041421,England,http://data.ordnancesurvey.co.uk/id/country/england,,,
CT195HE,http://data.ordnancesurvey.co.uk/id/postcodeunit/CT195HE,CT19 5HE,,,,other,Postcode,621916,136328,3500,18000,,,,,,,Folkestone,http://data.ordnancesurvey.co.uk/id/4000000074566736,http://www.ordnancesurvey.co.uk/xml/codelists/localtype.xml#town,Folkestone and Hythe,http://data.ordnancesurvey.co.uk/id/7000000000018085,http://data.ordnancesurvey.co.uk/ontology/admingeo/District,Kent,http://data.ordnancesurvey.co.uk/id/7000000000018210,http://data.ordnancesurvey.co.uk/ontology/admingeo/County,South East,http://data.ordnancesurvey.co.uk/id/7000000000041421,England,http://data.ordnancesurvey.co.uk/id/country/england,,,
CT195PU,http://data.ordnancesurvey.co.uk/id/postcodeunit/CT195PU,CT19 5PU,,,,other,Postcode,622292,137525,3500,18000,,,,,,,Folkestone,http://data.ordnancesurvey.co.uk/id/4000000074566736,http://www.ordnancesurvey.co.uk/xml/codelists/localtype.xml#town,Folkestone and Hythe,http://data.ordnancesurvey.co.uk/id/7000000000018085,http://data.ordnancesurvey.co.uk/ontology/admingeo/District,Kent,http://data.ordnancesurvey.co.uk/id/7000000000018210,http://data.ordnancesurvey.co.uk/ontology/admingeo/County,South East,http://data.ordnancesurvey.co.uk/id/7000000000041421,England,http://data.ordnancesurvey.co.uk/id/country/england,,,
CT203YX,http://data.ordnancesurvey.co.uk/id/postcodeunit/CT203YX,CT20 3YX,,,,other,Postcode,620691,135426,3500,18000,,,,,,,Folkestone,http://data.ordnancesurvey.co.uk/id/4000000074566736,http://www.ordnancesurvey.co.uk/xml/codelists/localtype.xml#town,Folkestone and Hythe,http://data.ordnancesurvey.co.uk/id/7000000000018085,http://data.ordnancesurvey.co.uk/ontology/admingeo/District,Kent,http://data.ordnancesurvey.co.uk/id/7000000000018210,http://data.ordnancesurvey.co.uk/ontology/admingeo/County,South East,http://data.ordnancesurvey.co.uk/id/7000000000041421,England,http://data.ordnancesurvey.co.uk/id/country/england,,,
CT202NZ,http://data.ordnancesurvey.co.uk/id/postcodeunit/CT202NZ,CT20 2NZ,,,,other,Postcode,621328,135816,3500,18000,,,,,,,Folkestone,http://data.ordnancesurvey.co.uk/id/4000000074566736,http://www.ordnancesurvey.co.uk/xml/codelists/localtype.xml#town,Folkestone and Hythe,http://data.ordnancesurvey.co.uk/id/7000000000018085,http://data.ordnancesurvey.co.uk/ontology/admingeo/District,Kent,http://data.ordnancesurvey.co.uk/id/7000000000018210,http://data.ordnancesurvey.co.uk/ontology/admingeo/County,South East,http://data.ordnancesurvey.co.uk/id/7000000000041421,England,http://data.ordnancesurvey.co.uk/id/country/england,,,
CT209SG,http://data.ordnancesurvey.co.uk/id/postcodeunit/CT209SG,CT20 9SG,,,,other,Postcode,622119,135914,3500,18000,,,,,,,Folkestone,http://data.ordnancesurvey.co.uk/id/4000000074566736,http://www.ordnancesurvey.co.uk/xml/codelists/localtype.xml#town,Folkestone and Hythe,http://data.ordnancesurvey.co.uk/id/7000000000018085,http://data.ordnancesurvey.co.uk/ontology/admingeo/District,Kent,http://data.ordnancesurvey.co.uk/id/7000000000018210,http://data.ordnancesurvey.co.uk/ontology/admingeo/County,South East,http://data.ordnancesurvey.co.uk/id/7000000000041421,England,http://data.ordnancesurvey.co.uk/id/country/england,,,
CT201EZ,http://data.ordnancesurvey.co.uk/id/postcodeunit/CT201EZ,CT20 1EZ,,,,other,Postcode,622953,136075,3500,18000,,,,,,,Folkestone,http://data.ordnancesurvey.co.uk/id/4000000074566736,http://www.ordnancesurvey.co.uk/xml/codelists/localtype.xml#town,Folkestone and Hythe,http://data.ordnancesurvey.co.uk/id/7000000000018085,http://data.ordnancesurvey.co.uk/ontology/admingeo/District,Kent,http://data.ordnancesurvey.co.uk/id/7000000000018210,http://data.ordnancesurvey.co.uk/ontology/admingeo/County,South East,http://data.ordnancesurvey.co.uk/id/7000000000041421,England,http://data.ordnancesurvey.co.uk/id/country/england,,,
CT187PP,http://data.ordnancesurvey.co.uk/id/postcodeunit/CT187PP,CT18 7PP,,,,other,Postcode,621837,139508,3500,18000,,,,,,,Hawkinge,http://data.ordnancesurvey.co.uk/id/4000000074566747,http://www.ordnancesurvey.co.uk/xml/codelists/localtype.xml#village,Folkestone and Hythe,http://data.ordnancesurvey.co.uk/id/7000000000018085,http://data.ordnancesurvey.co.uk/ontology/admingeo/District,Kent,http://data.ordnancesurvey.co.uk/id/7000000000018210,http://data.ordnancesurvey.co.uk/ontology/admingeo/County,South East,http://data.ordnancesurvey.co.uk/id/7000000000041421,England,http://data.ordnancesurvey.co.uk/id/country/england,,,
CT202NU,http://data.ordnancesurvey.co.uk/id/postcodeunit/CT202NU,CT20 2NU,,,,other,Postcode,621143,135899,3500,18000,,,,,,,Folkestone,http://data.ordnancesurvey.co.uk/id/4000000074566736,http://www.ordnancesurvey.co.uk/xml/codelists/localtype.xml#town,Folkestone and Hythe,http://data.ordnancesurvey.co.uk/id/7000000000018085,http://data.ordnancesurvey.co.uk/ontology/admingeo/District,Kent,http://data.ordnancesurvey.co.uk/id/7000000000018210,http://data.ordnancesurvey.co.uk/ontology/admingeo/County,South East,http://data.ordnancesurvey.co.uk/id/7000000000041421,England,http://data.ordnancesurvey.co.uk/id/country/england,,,
CT157AG,http://data.ordnancesurvey.co.uk/id/postcodeunit/CT157AG,CT15 7AG,,,,other,Postcode,627120,139827,3500,18000,,,,,,,,,,Dover,http://data.ordnancesurvey.co.uk/id/7000000000017977,http://data.ordnancesurvey.co.uk/ontology/admingeo/District,Kent,http://data.ordnancesurvey.co.uk/id/7000000000018210,http://data.ordnancesurvey.co.uk/ontology/admingeo/County,South East,http://data.ordnancesurvey.co.uk/id/7000000000041421,England,http://data.ordnancesurvey.co.uk/id/country/england,,,
CT187SF,http://data.ordnancesurvey.co.uk/id/postcodeunit/CT187SF,CT18 7SF,,,,other,Postcode,620852,139214,3500,18000,,,,,,,Hawkinge,http://data.ordnancesurvey.co.uk/id/4000000074566747,http://www.ordnancesurvey.co.uk/xml/codelists/localtype.xml#village,Folkestone and Hythe,http://data.ordnancesurvey.co.uk/id/7000000000018085,http://data.ordnancesurvey.co.uk/ontology/admingeo/District,Kent,http://data.ordnancesurvey.co.uk/id/7000000000018210,http://data.ordnancesurvey.co.uk/ontology/admingeo/County,South East,http://data.ordnancesurvey.co.uk/id/7000000000041421,England,http://data.ordnancesurvey.co.uk/id/country/england,,,
CT203AF,http://data.ordnancesurvey.co.uk/id/postcodeunit/CT203AF,CT20 3AF,,,,other,Postcode,620794,135250,3500,18000,,,,,,,Folkestone,http://data.ordnancesurvey.co.uk/id/4000000074566736,http://www.ordnancesurvey.co.uk/xml/codelists/localtype.xml#town,Folkestone and Hythe,http://data.ordnancesurvey.co.uk/id/7000000000018085,http://data.ordnancesurvey.co.uk/ontology/admingeo/District,Kent,http://data.ordnancesurvey.co.uk/id/7000000000018210,http://data.ordnancesurvey.co.uk/ontology/admingeo/County,South East,http://data.ordnancesurvey.co.uk/id/7000000000041421,England,http://data.ordnancesurvey.co.uk/id/country/england,,,
CT501AF,http://data.ordnancesurvey.co.uk/id/postcodeunit/CT501AF,CT50 1AF,,,,other,Postcode,620132,135989,3500,18000,,,,,,,Folkestone,http://data.ordnancesurvey.co.uk/id/4000000074566736,http://www.ordnancesurvey.co.uk/xml/codelists/localtype.xml#town,Folkestone and Hythe,http://data.ordnancesurvey.co.uk/id/7000000000018085,http://data.ordnancesurvey.co.uk/ontology/admingeo/District,Kent,http://data.ordnancesurvey.co.uk/id/7000000000018210,http://data.ordnancesurvey.co.uk/ontology/admingeo/County,South East,http://data.ordnancesurvey.co.uk/id/7000000000041421,England,http://data.ordnancesurvey.co.uk/id/country/england,,,
CT202UB,http://data.ordnancesurvey.co.uk/id/postcodeunit/CT202UB,CT20 2UB,,,,other,Postcode,621679,135920,3500,18000,,,,,,,Folkestone,http://data.ordnancesurvey.co.uk/id/4000000074566736,http://www.ordnancesurvey.co.uk/xml/codelists/localtype.xml#town,Folkestone and Hythe,http://data.ordnancesurvey.co.uk/id/7000000000018085,http://data.ordnancesurvey.co.uk/ontology/admingeo/District,Kent,http://data.ordnancesurvey.co.uk/id/7000000000018210,http://data.ordnancesurvey.co.uk/ontology/admingeo/County,South East,http://data.ordnancesurvey.co.uk/id/7000000000041421,England,http://data.ordnancesurvey.co.uk/id/country/england,,,
CT195QJ,http://data.ordnancesurvey.co.uk/id/postcodeunit/CT195QJ,CT19 5QJ,,,,other,Postcode,622892,137538,3500,18000,,,,,,,Folkestone,http://data.ordnancesurvey.co.uk/id/4000000074566736,http://www.ordnancesurvey.co.uk/xml/codelists/localtype.xml#town,Folkestone and Hythe,http://data.ordnancesurvey.co.uk/id/7000000000018085,http://data.ordnancesurvey.co.uk/ontology/admingeo/District,Kent,http://data.ordnancesurvey.co.uk/id/7000000000018210,http://data.ordnancesurvey.co.uk/ontology/admingeo/County,South East,http://data.ordnancesurvey.co.uk/id/7000000000041421,England,http://data.ordnancesurvey.co.uk/id/country/england,,,
CT202PN,http://data.ordnancesurvey.co.uk/id/postcodeunit/CT202PN,CT20 2PN,,,,other,Postcode,621788,135673,3500,18000,,,,,,,Folkestone,http://data.ordnancesurvey.co.uk/id/4000000074566736,http://www.ordnancesurvey.co.uk/xml/codelists/localtype.xml#town,Folkestone and Hythe,http://data.ordnancesurvey.co.uk/id/7000000000018085,http://data.ordnancesurvey.co.uk/ontology/admingeo/District,Kent,http://data.ordnancesurvey.co.uk/id/7000000000018210,http://data.ordnancesurvey.co.uk/ontology/admingeo/County,South East,http://data.ordnancesurvey.co.uk/id/7000000000041421,England,http://data.ordnancesurvey.co.uk/id/country/england,,,
CT201JU,http://data.ordnancesurvey.co.uk/id/postcodeunit/CT201JU,CT20 1JU,,,,other,Postcode,623130,136115,3500,18000,,,,,,,Folkestone,http://data.ordnancesurvey.co.uk/id/4000000074566736,http://www.ordnancesurvey.co.uk/xml/codelists/localtype.xml#town,Folkestone and Hythe,http://data.ordnancesurvey.co.uk/id/7000000000018085,http://data.ordnancesurvey.co.uk/ontology/admingeo/District,Kent,http://data.ordnancesurvey.co.uk/id/7000000000018210,http://data.ordnancesurvey.co.uk/ontology/admingeo/County,South East,http://data.ordnancesurvey.co.uk/id/7000000000041421,England,http://data.ordnancesurvey.co.uk/id/country/england,,,
CT202JL,http://data.ordnancesurvey.co.uk/id/postcodeunit/CT202JL,CT20 2JL,,,,other,Postcode,621380,135271,3500,18000,,,,,,,Folkestone,http://data.ordnancesurvey.co.uk/id/4000000074566736,http://www.ordnancesurvey.co.uk/xml/codelists/localtype.xml#town,Folkestone and Hythe,http://data.ordnancesurvey.co.uk/id/7000000000018085,http://data.ordnancesurvey.co.uk/ontology/admingeo/District,Kent,http://data.ordnancesurvey.co.uk/id/7000000000018210,http://data.ordnancesurvey.co.uk/ontology/admingeo/County,South East,http://data.ordnancesurvey.co.uk/id/7000000000041421,England,http://data.ordnancesurvey.co.uk/id/country/england,,,
CT202QX,http://data.ordnancesurvey.co.uk/id/postcodeunit/CT202QX,CT20 2QX,,,,other,Postcode,622148,135841,3500,18000,,,,,,,Folkestone,http://data.ordnancesurvey.co.uk/id/4000000074566736,http://www.ordnancesurvey.co.uk/xml/codelists/localtype.xml#town,Folkestone and Hythe,http://data.ordnancesurvey.co.uk/id/7000000000018085,http://data.ordnancesurvey.co.uk/ontology/admingeo/District,Kent,http://data.ordnancesurvey.co.uk/id/7000000000018210,http://data.ordnancesurvey.co.uk/ontology/admingeo/County,South East,http://data.ordnancesurvey.co.uk/id/7000000000041421,England,http://data.ordnancesurvey.co.uk/id/country/england,,,
CT209US,http://data.ordnancesurvey.co.uk/id/postcodeunit/CT209US,CT20 9US,,,,other,Postcode,622119,135914,3500,18000,,,,,,,Folkestone,http://data.ordnancesurvey.co.uk/id/4000000074566736,http://www.ordnancesurvey.co.uk/xml/codelists/localtype.xml#town,Folkestone and Hythe,http://data.ordnancesurvey.co.uk/id/7000000000018085,http://data.ordnancesurvey.co.uk/ontology/admingeo/District,Kent,http://data.ordnancesurvey.co.uk/id/7000000000018210,http://data.ordnancesurvey.co.uk/ontology/admingeo/County,South East,http://data.ordnancesurvey.co.uk/id/7000000000041421,England,http://data.ordnancesurvey.co.uk/id/country/england,,,
CT196QJ,http://data.ordnancesurvey.co.uk/id/postcodeunit/CT196QJ,CT19 6QJ,,,,other,Postcode,623716,136937,3500,18000,,,,,,,Folkestone,http://data.ordnancesurvey.co.uk/id/4000000074566736,http://www.ordnancesurvey.co.uk/xml/codelists/localtype.xml#town,Folkestone and Hythe,http://data.ordnancesurvey.co.uk/id/7000000000018085,http://data.ordnancesurvey.co.uk/ontology/admingeo/District,Kent,http://data.ordnancesurvey.co.uk/id/7000000000018210,http://data.ordnancesurvey.co.uk/ontology/admingeo/County,South East,http://data.ordnancesurvey.co.uk/id/7000000000041421,England,http://data.ordnancesurvey.co.uk/id/country/england,,,
CT203BB,http://data.ordnancesurvey.co.uk/id/postcodeunit/CT203BB,CT20 3BB,,,,other,Postcode,620743,135254,3500,18000,,,,,,,Folkestone,http://data.ordnancesurvey.co.uk/id/4000000074566736,http://www.ordnancesurvey.co.uk/xml/codelists/localtype.xml#town,Folkestone and Hythe,http://data.ordnancesurvey.co.uk/id/7000000000018085,http://data.ordnancesurvey.co.uk/ontology/admingeo/District,Kent,http://data.ordnancesurvey.co.uk/id/7000000000018210,http://data.ordnancesurvey.co.uk/ontology/admingeo/County,South East,http://data.ordnancesurvey.co.uk/id/7000000000041421,England,http://data.ordnancesurvey.co.uk/id/country/england,,,
CT194PY,http://data.ordnancesurvey.co.uk/id/postcodeunit/CT194PY,CT19 4PY,,,,other,Postcode,620403,136886,3500,18000,,,,,,,Folkestone,http://data.ordnancesurvey.co.uk/id/4000000074566736,http://www.ordnancesurvey.co.uk/xml/codelists/localtype.xml#town,Folkestone and Hythe,http://data.ordnancesurvey.co.uk/id/7000000000018085,http://data.ordnancesurvey.co.uk/ontology/admingeo/District,Kent,http://data.ordnancesurvey.co.uk/id/7000000000018210,http://data.ordnancesurvey.co.uk/ontology/admingeo/County,South East,http://data.ordnancesurvey.co.uk/id/7000000000041421,England,http://data.ordnancesurvey.co.uk/id/country/england,,,
CT157AH,http://data.ordnancesurvey.co.uk/id/postcodeunit/CT157AH,CT15 7AH,,,,other,Postcode,627882,139973,3500,18000,,,,,,,Church Hougham,http://data.ordnancesurvey.co.uk/id/4000000074568381,http://www.ordnancesurvey.co.uk/xml/codelists/localtype.xml#hamlet,Dover,http://data.ordnancesurvey.co.uk/id/7000000000017977,http://data.ordnancesurvey.co.uk/ontology/admingeo/District,Kent,http://data.ordnancesurvey.co.uk/id/7000000000018210,http://data.ordnancesurvey.co.uk/ontology/admingeo/County,South East,http://data.ordnancesurvey.co.uk/id/7000000000041421,England,http://data.ordnancesurvey.co.uk/id/country/england,,,
CT203FE,http://data.ordnancesurvey.co.uk/id/postcodeunit/CT203FE,CT20 3FE,,,,other,Postcode,620722,135996,3500,18000,,,,,,,Folkestone,http://data.ordnancesurvey.co.uk/id/4000000074566736,http://www.ordnancesurvey.co.uk/xml/codelists/localtype.xml#town,Folkestone and Hythe,http://data.ordnancesurvey.co.uk/id/7000000000018085,http://data.ordnancesurvey.co.uk/ontology/admingeo/District,Kent,http://data.ordnancesurvey.co.uk/id/7000000000018210,http://data.ordnancesurvey.co.uk/ontology/admingeo/County,South East,http://data.ordnancesurvey.co.uk/id/7000000000041421,England,http://data.ordnancesurvey.co.uk/id/country/england,,,
CT194BP,http://data.ordnancesurvey.co.uk/id/postcodeunit/CT194BP,CT19 4BP,,,,other,Postcode,620543,136685,3500,18000,,,,,,,Folkestone,http://data.ordnancesurvey.co.uk/id/4000000074566736,http://www.ordnancesurvey.co.uk/xml/codelists/localtype.xml#town,Folkestone and Hythe,http://data.ordnancesurvey.co.uk/id/7000000000018085,http://data.ordnancesurvey.co.uk/ontology/admingeo/District,Kent,http://data.ordnancesurvey.co.uk/id/7000000000018210,http://data.ordnancesurvey.co.uk/ontology/admingeo/County,South East,http://data.ordnancesurvey.co.uk/id/7000000000041421,England,http://data.ordnancesurvey.co.uk/id/country/england,,,
CT194BN,http://data.ordnancesurvey.co.uk/id/postcodeunit/CT194BN,CT19 4BN,,,,other,Postcode,620483,136573,3500,18000,,,,,,,Folkestone,http://data.ordnancesurvey.co.uk/id/4000000074566736,http://www.ordnancesurvey.co.uk/xml/codelists/localtype.xml#town,Folkestone and Hythe,http://data.ordnancesurvey.co.uk/id/7000000000018085,http://data.ordnancesurvey.co.uk/ontology/admingeo/District,Kent,http://data.ordnancesurvey.co.uk/id/7000000000018210,http://data.ordnancesurvey.co.uk/ontology/admingeo/County,South East,http://data.ordnancesurvey.co.uk/id/7000000000041421,England,http://data.ordnancesurvey.co.uk/id/country/england,,,
CT201RF,http://data.ordnancesurvey.co.uk/id/postcodeunit/CT201RF,CT20 1RF,,,,other,Postcode,623339,136413,3500,18000,,,,,,,Folkestone,http://data.ordnancesurvey.co.uk/id/4000000074566736,http://www.ordnancesurvey.co.uk/xml/codelists/localtype.xml#town,Folkestone and Hythe,http://data.ordnancesurvey.co.uk/id/7000000000018085,http://data.ordnancesurvey.co.uk/ontology/admingeo/District,Kent,http://data.ordnancesurvey.co.uk/id/7000000000018210,http://data.ordnancesurvey.co.uk/ontology/admingeo/County,South East,http://data.ordnancesurvey.co.uk/id/7000000000041421,England,http://data.ordnancesurvey.co.uk/id/country/england,,,
CT194DQ,http://data.ordnancesurvey.co.uk/id/postcodeunit/CT194DQ,CT19 4DQ,,,,other,Postcode,620250,136610,3500,18000,,,,,,,Folkestone,http://data.ordnancesurvey.co.uk/id/4000000074566736,http://www.ordnancesurvey.co.uk/xml/codelists/localtype.xml#town,Folkestone and Hythe,http://data.ordnancesurvey.co.uk/id/7000000000018085,http://data.ordnancesurvey.co.uk/ontology/admingeo/District,Kent,http://data.ordnancesurvey.co.uk/id/7000000000018210,http://data.ordnancesurvey.co.uk/ontology/admingeo/County,South East,http://data.ordnancesurvey.co.uk/id/7000000000041421,England,http://data.ordnancesurvey.co.uk/id/country/england,,,
CT202NE,http://data.ordnancesurvey.co.uk/id/postcodeunit/CT202NE,CT20 2NE,,,,other,Postcode,621666,136031,3500,18000,,,,,,,Folkestone,http://data.ordnancesurvey.co.uk/id/4000000074566736,http://www.ordnancesurvey.co.uk/xml/codelists/localtype.xml#town,Folkestone and Hythe,http://data.ordnancesurvey.co.uk/id/7000000000018085,http://data.ordnancesurvey.co.uk/ontology/admingeo/District,Kent,http://data.ordnancesurvey.co.uk/id/7000000000018210,http://data.ordnancesurvey.co.uk/ontology/admingeo/County,South East,http://data.ordnancesurvey.co.uk/id/7000000000041421,England,http://data.ordnancesurvey.co.uk/id/country/england,,,
CT203PQ,http://data.ordnancesurvey.co.uk/id/postcodeunit/CT203PQ,CT20 3PQ,,,,other,Postcode,620377,136471,3500,18000,,,,,,,Folkestone,http://data.ordnancesurvey.co.uk/id/4000000074566736,http://www.ordnancesurvey.co.uk/xml/codelists/localtype.xml#town,Folkestone and Hythe,http://data.ordnancesurvey.co.uk/id/7000000000018085,http://data.ordnancesurvey.co.uk/ontology/admingeo/District,Kent,http://data.ordnancesurvey.co.uk/id/7000000000018210,http://data.ordnancesurvey.co.uk/ontology/admingeo/County,South East,http://data.ordnancesurvey.co.uk/id/7000000000041421,England,http://data.ordnancesurvey.co.uk/id/country/england,,,
CT203SU,http://data.ordnancesurvey.co.uk/id/postcodeunit/CT203SU,CT20 3SU,,,,other,Postcode,620863,135192,3500,18000,,,,,,,Folkestone,http://data.ordnancesurvey.co.uk/id/4000000074566736,http://www.ordnancesurvey.co.uk/xml/codelists/localtype.xml#town,Folkestone and Hythe,http://data.ordnancesurvey.co.uk/id/7000000000018085,http://data.ordnancesurvey.co.uk/ontology/admingeo/District,Kent,http://data.ordnancesurvey.co.uk/id/7000000000018210,http://data.ordnancesurvey.co.uk/ontology/admingeo/County,South East,http://data.ordnancesurvey.co.uk/id/7000000000041421,England,http://data.ordnancesurvey.co.uk/id/country/england,,,
CT196DU,http://data.ordnancesurvey.co.uk/id/postcodeunit/CT196DU,CT19 6DU,,,,other,Postcode,623839,136805,3500,18000,,,,,,,Folkestone,http://data.ordnancesurvey.co.uk/id/4000000074566736,http://www.ordnancesurvey.co.uk/xml/codelists/localtype.xml#town,Folkestone and Hythe,http://data.ordnancesurvey.co.uk/id/7000000000018085,http://data.ordnancesurvey.co.uk/ontology/admingeo/District,Kent,http://data.ordnancesurvey.co.uk/id/7000000000018210,http://data.ordnancesurvey.co.uk/ontology/admingeo/County,South East,http://data.ordnancesurvey.co.uk/id/7000000000041421,England,http://data.ordnancesurvey.co.uk/id/country/england,,,
CT196HP,http://data.ordnancesurvey.co.uk/id/postcodeunit/CT196HP,CT19 6HP,,,,other,Postcode,623093,137413,3500,18000,,,,,,,Folkestone,http://data.ordnancesurvey.co.uk/id/4000000074566736,http://www.ordnancesurvey.co.uk/xml/codelists/localtype.xml#town,Folkestone and Hythe,http://data.ordnancesurvey.co.uk/id/7000000000018085,http://data.ordnancesurvey.co.uk/ontology/admingeo/District,Kent,http://data.ordnancesurvey.co.uk/id/7000000000018210,http://data.ordnancesurvey.co.uk/ontology/admingeo/County,South East,http://data.ordnancesurvey.co.uk/id/7000000000041421,England,http://data.ordnancesurvey.co.uk/id/country/england,,,
CT202NQ,http://data.ordnancesurvey.co.uk/id/postcodeunit/CT202NQ,CT20 2NQ,,,,other,Postcode,621542,136104,3500,18000,,,,,,,Folkestone,http://data.ordnancesurvey.co.uk/id/4000000074566736,http://www.ordnancesurvey.co.uk/xml/codelists/localtype.xml#town,Folkestone and Hythe,http://data.ordnancesurvey.co.uk/id/7000000000018085,http://data.ordnancesurvey.co.uk/ontology/admingeo/District,Kent,http://data.ordnancesurvey.co.uk/id/7000000000018210,http://data.ordnancesurvey.co.uk/ontology/admingeo/County,South East,http://data.ordnancesurvey.co.uk/id/7000000000041421,England,http://data.ordnancesurvey.co.uk/id/country/england,,,
CT196JP,http://data.ordnancesurvey.co.uk/id/postcodeunit/CT196JP,CT19 6JP,,,,other,Postcode,623366,137325,3500,18000,,,,,,,Folkestone,http://data.ordnancesurvey.co.uk/id/4000000074566736,http://www.ordnancesurvey.co.uk/xml/codelists/localtype.xml#town,Folkestone and Hythe,http://data.ordnancesurvey.co.uk/id/7000000000018085,http://data.ordnancesurvey.co.uk/ontology/admingeo/District,Kent,http://data.ordnancesurvey.co.uk/id/7000000000018210,http://data.ordnancesurvey.co.uk/ontology/admingeo/County,South East,http://data.ordnancesurvey.co.uk/id/7000000000041421,England,http://data.ordnancesurvey.co.uk/id/country/england,,,
CT201PT,http://data.ordnancesurvey.co.uk/id/postcodeunit/CT201PT,CT20 1PT,,,,other,Postcode,623342,136514,3500,18000,,,,,,,Folkestone,http://data.ordnancesurvey.co.uk/id/4000000074566736,http://www.ordnancesurvey.co.uk/xml/codelists/localtype.xml#town,Folkestone and Hythe,http://data.ordnancesurvey.co.uk/id/7000000000018085,http://data.ordnancesurvey.co.uk/ontology/admingeo/District,Kent,http://data.ordnancesurvey.co.uk/id/7000000000018210,http://data.ordnancesurvey.co.uk/ontology/admingeo/County,South East,http://data.ordnancesurvey.co.uk/id/7000000000041421,England,http://data.ordnancesurvey.co.uk/id/country/england,,,
CT194BG,http://data.ordnancesurvey.co.uk/id/postcodeunit/CT194BG,CT19 4BG,,,,other,Postcode,620666,136645,3500,18000,,,,,,,Folkestone,http://data.ordnancesurvey.co.uk/id/4000000074566736,http://www.ordnancesurvey.co.uk/xml/codelists/localtype.xml#town,Folkestone and Hythe,http://data.ordnancesurvey.co.uk/id/7000000000018085,http://data.ordnancesurvey.co.uk/ontology/admingeo/District,Kent,http://data.ordnancesurvey.co.uk/id/7000000000018210,http://data.ordnancesurvey.co.uk/ontology/admingeo/County,South East,http://data.ordnancesurvey.co.uk/id/7000000000041421,England,http://data.ordnancesurvey.co.uk/id/country/england,,,
CT194HG,http://data.ordnancesurvey.co.uk/id/postcodeunit/CT194HG,CT19 4HG,,,,other,Postcode,620067,136842,3500,18000,,,,,,,Folkestone,http://data.ordnancesurvey.co.uk/id/4000000074566736,http://www.ordnancesurvey.co.uk/xml/codelists/localtype.xml#town,Folkestone and Hythe,http://data.ordnancesurvey.co.uk/id/7000000000018085,http://data.ordnancesurvey.co.uk/ontology/admingeo/District,Kent,http://data.ordnancesurvey.co.uk/id/7000000000018210,http://data.ordnancesurvey.co.uk/ontology/admingeo/County,South East,http://data.ordnancesurvey.co.uk/id/7000000000041421,England,http://data.ordnancesurvey.co.uk/id/country/england,,,
CT202TY,http://data.ordnancesurvey.co.uk/id/postcodeunit/CT202TY,CT20 2TY,,,,other,Postcode,621424,135237,3500,18000,,,,,,,Folkestone,http://data.ordnancesurvey.co.uk/id/4000000074566736,http://www.ordnancesurvey.co.uk/xml/codelists/localtype.xml#town,Folkestone and Hythe,http://data.ordnancesurvey.co.uk/id/7000000000018085,http://data.ordnancesurvey.co.uk/ontology/admingeo/District,Kent,http://data.ordnancesurvey.co.uk/id/7000000000018210,http://data.ordnancesurvey.co.uk/ontology/admingeo/County,South East,http://data.ordnancesurvey.co.uk/id/7000000000041421,England,http://data.ordnancesurvey.co.uk/id/country/england,,,
CT202AP,http://data.ordnancesurvey.co.uk/id/postcodeunit/CT202AP,CT20 2AP,,,,other,Postcode,622461,135930,3500,18000,,,,,,,Folkestone,http://data.ordnancesurvey.co.uk/id/4000000074566736,http://www.ordnancesurvey.co.uk/xml/codelists/localtype.xml#town,Folkestone and Hythe,http://data.ordnancesurvey.co.uk/id/7000000000018085,http://data.ordnancesurvey.co.uk/ontology/admingeo/District,Kent,http://data.ordnancesurvey.co.uk/id/7000000000018210,http://data.ordnancesurvey.co.uk/ontology/admingeo/County,South East,http://data.ordnancesurvey.co.uk/id/7000000000041421,England,http://data.ordnancesurvey.co.uk/id/country/england,,,
CT202QP,http://data.ordnancesurvey.co.uk/id/postcodeunit/CT202QP,CT20 2QP,,,,other,Postcode,621975,136195,3500,18000,,,,,,,Folkestone,http://data.ordnancesurvey.co.uk/id/4000000074566736,http://www.ordnancesurvey.co.uk/xml/codelists/localtype.xml#town,Folkestone and Hythe,http://data.ordnancesurvey.co.uk/id/7000000000018085,http://data.ordnancesurvey.co.uk/ontology/admingeo/District,Kent,http://data.ordnancesurvey.co.uk/id/7000000000018210,http://data.ordnancesurvey.co.uk/ontology/admingeo/County,South East,http://data.ordnancesurvey.co.uk/id/7000000000041421,England,http://data.ordnancesurvey.co.uk/id/country/england,,,
CT187BW,http://data.ordnancesurvey.co.uk/id/postcodeunit/CT187BW,CT18 7BW,,,,other,Postcode,621965,139519,3500,18000,,,,,,,Hawkinge,http://data.ordnancesurvey.co.uk/id/4000000074566747,http://www.ordnancesurvey.co.uk/xml/codelists/localtype.xml#village,Folkestone and Hythe,http://data.ordnancesurvey.co.uk/id/7000000000018085,http://data.ordnancesurvey.co.uk/ontology/admingeo/District,Kent,http://data.ordnancesurvey.co.uk/id/7000000000018210,http://data.ordnancesurvey.co.uk/ontology/admingeo/County,South East,http://data.ordnancesurvey.co.uk/id/7000000000041421,England,http://data.ordnancesurvey.co.uk/id/country/england,,,
CT201RS,http://data.ordnancesurvey.co.uk/id/postcodeunit/CT201RS,CT20 1RS,,,,other,Postcode,623294,136367,3500,18000,,,,,,,Folkestone,http://data.ordnancesurvey.co.uk/id/4000000074566736,http://www.ordnancesurvey.co.uk/xml/codelists/localtype.xml#town,Folkestone and Hythe,http://data.ordnancesurvey.co.uk/id/7000000000018085,http://data.ordnancesurvey.co.uk/ontology/admingeo/District,Kent,http://data.ordnancesurvey.co.uk/id/7000000000018210,http://data.ordnancesurvey.co.uk/ontology/admingeo/County,South East,http://data.ordnancesurvey.co.uk/id/7000000000041421,England,http://data.ordnancesurvey.co.uk/id/country/england,,,
CT203PL,http://data.ordnancesurvey.co.uk/id/postcodeunit/CT203PL,CT20 3PL,,,,other,Postcode,620555,136457,3500,18000,,,,,,,Folkestone,http://data.ordnancesurvey.co.uk/id/4000000074566736,http://www.ordnancesurvey.co.uk/xml/codelists/localtype.xml#town,Folkestone and Hythe,http://data.ordnancesurvey.co.uk/id/7000000000018085,http://data.ordnancesurvey.co.uk/ontology/admingeo/District,Kent,http://data.ordnancesurvey.co.uk/id/7000000000018210,http://data.ordnancesurvey.co.uk/ontology/admingeo/County,South East,http://data.ordnancesurvey.co.uk/id/7000000000041421,England,http://data.ordnancesurvey.co.uk/id/country/england,,,
CT203DD,http://data.ordnancesurvey.co.uk/id/postcodeunit/CT203DD,CT20 3DD,,,,other,Postcode,620064,135148,3500,18000,,,,,,,Folkestone,http://data.ordnancesurvey.co.uk/id/4000000074566736,http://www.ordnancesurvey.co.uk/xml/codelists/localtype.xml#town,Folkestone and Hythe,http://data.ordnancesurvey.co.uk/id/7000000000018085,http://data.ordnancesurvey.co.uk/ontology/admingeo/District,Kent,http://data.ordnancesurvey.co.uk/id/7000000000018210,http://data.ordnancesurvey.co.uk/ontology/admingeo/County,South East,http://data.ordnancesurvey.co.uk/id/7000000000041421,England,http://data.ordnancesurvey.co.uk/id/country/england,,,
CT196EQ,http://data.ordnancesurvey.co.uk/id/postcodeunit/CT196EQ,CT19 6EQ,,,,other,Postcode,623217,137017,3500,18000,,,,,,,Folkestone,http://data.ordnancesurvey.co.uk/id/4000000074566736,http://www.ordnancesurvey.co.uk/xml/codelists/localtype.xml#town,Folkestone and Hythe,http://data.ordnancesurvey.co.uk/id/7000000000018085,http://data.ordnancesurvey.co.uk/ontology/admingeo/District,Kent,http://data.ordnancesurvey.co.uk/id/7000000000018210,http://data.ordnancesurvey.co.uk/ontology/admingeo/County,South East,http://data.ordnancesurvey.co.uk/id/7000000000041421,England,http://data.ordnancesurvey.co.uk/id/country/england,,,
CT203PT,http://data.ordnancesurvey.co.uk/id/postcodeunit/CT203PT,CT20 3PT,,,,other,Postcode,620189,136323,3500,18000,,,,,,,Folkestone,http://data.ordnancesurvey.co.uk/id/4000000074566736,http://www.ordnancesurvey.co.uk/xml/codelists/localtype.xml#town,Folkestone and Hythe,http://data.ordnancesurvey.co.uk/id/7000000000018085,http://data.ordnancesurvey.co.uk/ontology/admingeo/District,Kent,http://data.ordnancesurvey.co.uk/id/7000000000018210,http://data.ordnancesurvey.co.uk/ontology/admingeo/County,South East,http://data.ordnancesurvey.co.uk/id/7000000000041421,England,http://data.ordnancesurvey.co.uk/id/country/england,,,
CT202PW,http://data.ordnancesurvey.co.uk/id/postcodeunit/CT202PW,CT20 2PW,,,,other,Postcode,621740,135727,3500,18000,,,,,,,Folkestone,http://data.ordnancesurvey.co.uk/id/4000000074566736,http://www.ordnancesurvey.co.uk/xml/codelists/localtype.xml#town,Folkestone and Hythe,http://data.ordnancesurvey.co.uk/id/7000000000018085,http://data.ordnancesurvey.co.uk/ontology/admingeo/District,Kent,http://data.ordnancesurvey.co.uk/id/7000000000018210,http://data.ordnancesurvey.co.uk/ontology/admingeo/County,South East,http://data.ordnancesurvey.co.uk/id/7000000000041421,England,http://data.ordnancesurvey.co.uk/id/country/england,,,
CT202JW,http://data.ordnancesurvey.co.uk/id/postcodeunit/CT202JW,CT20 2JW,,,,other,Postcode,621019,135265,3500,18000,,,,,,,Folkestone,http://data.ordnancesurvey.co.uk/id/4000000074566736,http://www.ordnancesurvey.co.uk/xml/codelists/localtype.xml#town,Folkestone and Hythe,http://data.ordnancesurvey.co.uk/id/7000000000018085,http://data.ordnancesurvey.co.uk/ontology/admingeo/District,Kent,http://data.ordnancesurvey.co.uk/id/7000000000018210,http://data.ordnancesurvey.co.uk/ontology/admingeo/County,South East,http://data.ordnancesurvey.co.uk/id/7000000000041421,England,http://data.ordnancesurvey.co.uk/id/country/england,,,
CT201HW,http://data.ordnancesurvey.co.uk/id/postcodeunit/CT201HW,CT20 1HW,,,,other,Postcode,622785,136368,3500,18000,,,,,,,Folkestone,http://data.ordnancesurvey.co.uk/id/4000000074566736,http://www.ordnancesurvey.co.uk/xml/codelists/localtype.xml#town,Folkestone and Hythe,http://data.ordnancesurvey.co.uk/id/7000000000018085,http://data.ordnancesurvey.co.uk/ontology/admingeo/District,Kent,http://data.ordnancesurvey.co.uk/id/7000000000018210,http://data.ordnancesurvey.co.uk/ontology/admingeo/County,South East,http://data.ordnancesurvey.co.uk/id/7000000000041421,England,http://data.ordnancesurvey.co.uk/id/country/england,,,
CT187EQ,http://data.ordnancesurvey.co.uk/id/postcodeunit/CT187EQ,CT18 7EQ,,,,other,Postcode,622230,138554,3500,18000,,,,,,,,,,Folkestone and Hythe,http://data.ordnancesurvey.co.uk/id/7000000000018085,http://data.ordnancesurvey.co.uk/ontology/admingeo/District,Kent,http://data.ordnancesurvey.co.uk/id/7000000000018210,http://data.ordnancesurvey.co.uk/ontology/admingeo/County,South East,http://data.ordnancesurvey.co.uk/id/7000000000041421,England,http://data.ordnancesurvey.co.uk/id/country/england,,,
osgb4000000032997703,http://data.ordnancesurvey.co.uk/id/4000000032997703,Middle Mead,,,,transportNetwork,Named Road,621555,137287,1000,20000,621519,137222,621596,137364,CT19,http://data.ordnancesurvey.co.uk/id/postcodedistrict/CT19,Folkestone,http://data.ordnancesurvey.co.uk/id/4000000074566736,http://www.ordnancesurvey.co.uk/xml/codelists/localtype.xml#town,Folkestone and Hythe,http://data.ordnancesurvey.co.uk/id/7000000000018085,http://data.ordnancesurvey.co.uk/ontology/admingeo/District,Kent,http://data.ordnancesurvey.co.uk/id/7000000000018210,http://data.ordnancesurvey.co.uk/ontology/admingeo/County,South East,http://data.ordnancesurvey.co.uk/id/7000000000041421,England,http://data.ordnancesurvey.co.uk/id/country/england,,,
50574725-9ef4-470c-9f5a-7eac67d8c9bf,http://data.ordnancesurvey.co.uk/id/50574725-9ef4-470c-9f5a-7eac67d8c9bf,Dover Hill,,,,transportNetwork,Section Of Named Road,624085,137867,1000,25000,624085,137867,624086,137872,CT18,http://data.ordnancesurvey.co.uk/id/postcodedistrict/CT18,,,,Folkestone and Hythe,http://data.ordnancesurvey.co.uk/id/7000000000018085,http://data.ordnancesurvey.co.uk/ontology/admingeo/District,Kent,http://data.ordnancesurvey.co.uk/id/7000000000018210,http://data.ordnancesurvey.co.uk/ontology/admingeo/County,South East,http://data.ordnancesurvey.co.uk/id/7000000000041421,England,http://data.ordnancesurvey.co.uk/id/country/england,osgb4000000032995079,,
CT195RH,http://data.ordnancesurvey.co.uk/id/postcodeunit/CT195RH,CT19 5RH,,,,other,Postcode,622568,136806,3500,18000,,,,,,,Folkestone,http://data.ordnancesurvey.co.uk/id/4000000074566736,http://www.ordnancesurvey.co.uk/xml/codelists/localtype.xml#town,Folkestone and Hythe,http://data.ordnancesurvey.co.uk/id/7000000000018085,http://data.ordnancesurvey.co.uk/ontology/admingeo/District,Kent,http://data.ordnancesurvey.co.uk/id/7000000000018210,http://data.ordnancesurvey.co.uk/ontology/admingeo/County,South East,http://data.ordnancesurvey.co.uk/id/7000000000041421,England,http://data.ordnancesurvey.co.uk/id/country/england,,,
CT202PA,http://data.ordnancesurvey.co.uk/id/postcodeunit/CT202PA,CT20 2PA,,,,other,Postcode,621287,135972,3500,18000,,,,,,,Folkestone,http://data.ordnancesurvey.co.uk/id/4000000074566736,http://www.ordnancesurvey.co.uk/xml/codelists/localtype.xml#town,Folkestone and Hythe,http://data.ordnancesurvey.co.uk/id/7000000000018085,http://data.ordnancesurvey.co.uk/ontology/admingeo/District,Kent,http://data.ordnancesurvey.co.uk/id/7000000000018210,http://data.ordnancesurvey.co.uk/ontology/admingeo/County,South East,http://data.ordnancesurvey.co.uk/id/7000000000041421,England,http://data.ordnancesurvey.co.uk/id/country/england,,,
CT202QZ,http://data.ordnancesurvey.co.uk/id/postcodeunit/CT202QZ,CT20 2QZ,,,,other,Postcode,622188,135843,3500,18000,,,,,,,Folkestone,http://data.ordnancesurvey.co.uk/id/4000000074566736,http://www.ordnancesurvey.co.uk/xml/codelists/localtype.xml#town,Folkestone and Hythe,http://data.ordnancesurvey.co.uk/id/7000000000018085,http://data.ordnancesurvey.co.uk/ontology/admingeo/District,Kent,http://data.ordnancesurvey.co.uk/id/7000000000018210,http://data.ordnancesurvey.co.uk/ontology/admingeo/County,South East,http://data.ordnancesurvey.co.uk/id/7000000000041421,England,http://data.ordnancesurvey.co.uk/id/country/england,,,
CT202EH,http://data.ordnancesurvey.co.uk/id/postcodeunit/CT202EH,CT20 2EH,,,,other,Postcode,622071,135553,3500,18000,,,,,,,Folkestone,http://data.ordnancesurvey.co.uk/id/4000000074566736,http://www.ordnancesurvey.co.uk/xml/codelists/localtype.xml#town,Folkestone and Hythe,http://data.ordnancesurvey.co.uk/id/7000000000018085,http://data.ordnancesurvey.co.uk/ontology/admingeo/District,Kent,http://data.ordnancesurvey.co.uk/id/7000000000018210,http://data.ordnancesurvey.co.uk/ontology/admingeo/County,South East,http://data.ordnancesurvey.co.uk/id/7000000000041421,England,http://data.ordnancesurvey.co.uk/id/country/england,,,
CT203SE,http://data.ordnancesurvey.co.uk/id/postcodeunit/CT203SE,CT20 3SE,,,,other,Postcode,620691,135426,3500,18000,,,,,,,Folkestone,http://data.ordnancesurvey.co.uk/id/4000000074566736,http://www.ordnancesurvey.co.uk/xml/codelists/localtype.xml#town,Folkestone and Hythe,http://data.ordnancesurvey.co.uk/id/7000000000018085,http://data.ordnancesurvey.co.uk/ontology/admingeo/District,Kent,http://data.ordnancesurvey.co.uk/id/7000000000018210,http://data.ordnancesurvey.co.uk/ontology/admingeo/County,South East,http://data.ordnancesurvey.co.uk/id/7000000000041421,England,http://data.ordnancesurvey.co.uk/id/country/england,,,
CT201PL,http://data.ordnancesurvey.co.uk/id/postcodeunit/CT201PL,CT20 1PL,,,,other,Postcode,623320,136674,3500,18000,,,,,,,Folkestone,http://data.ordnancesurvey.co.uk/id/4000000074566736,http://www.ordnancesurvey.co.uk/xml/codelists/localtype.xml#town,Folkestone and Hythe,http://data.ordnancesurvey.co.uk/id/7000000000018085,http://data.ordnancesurvey.co.uk/ontology/admingeo/District,Kent,http://data.ordnancesurvey.co.uk/id/7000000000018210,http://data.ordnancesurvey.co.uk/ontology/admingeo/County,South East,http://data.ordnancesurvey.co.uk/id/7000000000041421,England,http://data.ordnancesurvey.co.uk/id/country/england,,,
osgb4000000032996220,http://data.ordnancesurvey.co.uk/id/4000000032996220,Grasmere Gardens,,,,transportNetwork,Named Road,621834,137128,2000,20000,621729,137044,621965,137131,CT19,http://data.ordnancesurvey.co.uk/id/postcodedistrict/CT19,Folkestone,http://data.ordnancesurvey.co.uk/id/4000000074566736,http://www.ordnancesurvey.co.uk/xml/codelists/localtype.xml#town,Folkestone and Hythe,http://data.ordnancesurvey.co.uk/id/7000000000018085,http://data.ordnancesurvey.co.uk/ontology/admingeo/District,Kent,http://data.ordnancesurvey.co.uk/id/7000000000018210,http://data.ordnancesurvey.co.uk/ontology/admingeo/County,South East,http://data.ordnancesurvey.co.uk/id/7000000000041421,England,http://data.ordnancesurvey.co.uk/id/country/england,,,
osgb4000000032999640,http://data.ordnancesurvey.co.uk/id/4000000032999640,Gladstone Road,,,,transportNetwork,Named Road,623177,136771,1000,20000,623106,136735,623215,136808,CT19,http://data.ordnancesurvey.co.uk/id/postcodedistrict/CT19,Folkestone,http://data.ordnancesurvey.co.uk/id/4000000074566736,http://www.ordnancesurvey.co.uk/xml/codelists/localtype.xml#town,Folkestone and Hythe,http://data.ordnancesurvey.co.uk/id/7000000000018085,http://data.ordnancesurvey.co.uk/ontology/admingeo/District,Kent,http://data.ordnancesurvey.co.uk/id/7000000000018210,http://data.ordnancesurvey.co.uk/ontology/admingeo/County,South East,http://data.ordnancesurvey.co.uk/id/7000000000041421,England,http://data.ordnancesurvey.co.uk/id/country/england,,,
osgb4000000032999703,http://data.ordnancesurvey.co.uk/id/4000000032999703,Rose Walk,,,,transportNetwork,Named Road,621194,139753,1000,20000,621185,139691,621236,139780,CT18,http://data.ordnancesurvey.co.uk/id/postcodedistrict/CT18,Hawkinge,http://data.ordnancesurvey.co.uk/id/4000000074566747,http://www.ordnancesurvey.co.uk/xml/codelists/localtype.xml#village,Folkestone and Hythe,http://data.ordnancesurvey.co.uk/id/7000000000018085,http://data.ordnancesurvey.co.uk/ontology/admingeo/District,Kent,http://data.ordnancesurvey.co.uk/id/7000000000018210,http://data.ordnancesurvey.co.uk/ontology/admingeo/County,South East,http://data.ordnancesurvey.co.uk/id/7000000000041421,England,http://data.ordnancesurvey.co.uk/id/country/england,,,
osgb4000000032997647,http://data.ordnancesurvey.co.uk/id/4000000032997647,Harbour Approach Road,,,,transportNetwork,Named Road,623247,135847,1000,20000,623208,135800,623258,135942,CT20,http://data.ordnancesurvey.co.uk/id/postcodedistrict/CT20,Folkestone,http://data.ordnancesurvey.co.uk/id/4000000074566736,http://www.ordnancesurvey.co.uk/xml/codelists/localtype.xml#town,Folkestone and Hythe,http://data.ordnancesurvey.co.uk/id/7000000000018085,http://data.ordnancesurvey.co.uk/ontology/admingeo/District,Kent,http://data.ordnancesurvey.co.uk/id/7000000000018210,http://data.ordnancesurvey.co.uk/ontology/admingeo/County,South East,http://data.ordnancesurvey.co.uk/id/7000000000041421,England,http://data.ordnancesurvey.co.uk/id/country/england,,,
osgb4000000032997678,http://data.ordnancesurvey.co.uk/id/4000000032997678,Dudley Road,,,,transportNetwork,Named Road,623500,136427,1000,20000,623388,136400,623574,136454,CT19,http://data.ordnancesurvey.co.uk/id/postcodedistrict/CT19,Folkestone,http://data.ordnancesurvey.co.uk/id/4000000074566736,http://www.ordnancesurvey.co.uk/xml/codelists/localtype.xml#town,Folkestone and Hythe,http://data.ordnancesurvey.co.uk/id/7000000000018085,http://data.ordnancesurvey.co.uk/ontology/admingeo/District,Kent,http://data.ordnancesurvey.co.uk/id/7000000000018210,http://data.ordnancesurvey.co.uk/ontology/admingeo/County,South East,http://data.ordnancesurvey.co.uk/id/7000000000041421,England,http://data.ordnancesurvey.co.uk/id/country/england,,,
osgb4000000033001176,http://data.ordnancesurvey.co.uk/id/4000000033001176,Church Street,,,,transportNetwork,Named Road,622949,135934,1000,20000,622921,135896,622988,135980,CT20,http://data.ordnancesurvey.co.uk/id/postcodedistrict/CT20,Folkestone,http://data.ordnancesurvey.co.uk/id/4000000074566736,http://www.ordnancesurvey.co.uk/xml/codelists/localtype.xml#town,Folkestone and Hythe,http://data.ordnancesurvey.co.uk/id/7000000000018085,http://data.ordnancesurvey.co.uk/ontology/admingeo/District,Kent,http://data.ordnancesurvey.co.uk/id/7000000000018210,http://data.ordnancesurvey.co.uk/ontology/admingeo/County,South East,http://data.ordnancesurvey.co.uk/id/7000000000041421,England,http://data.ordnancesurvey.co.uk/id/country/england,,,
osgb4000000032997589,http://data.ordnancesurvey.co.uk/id/4000000032997589,Chilham Road,,,,transportNetwork,Named Road,620059,136812,1000,20000,620047,136751,620077,136873,CT19,http://data.ordnancesurvey.co.uk/id/postcodedistrict/CT19,Folkestone,http://data.ordnancesurvey.co.uk/id/4000000074566736,http://www.ordnancesurvey.co.uk/xml/codelists/localtype.xml#town,Folkestone and Hythe,http://data.ordnancesurvey.co.uk/id/7000000000018085,http://data.ordnancesurvey.co.uk/ontology/admingeo/District,Kent,http://data.ordnancesurvey.co.uk/id/7000000000018210,http://data.ordnancesurvey.co.uk/ontology/admingeo/County,South East,http://data.ordnancesurvey.co.uk/id/7000000000041421,England,http://data.ordnancesurvey.co.uk/id/country/england,,,
osgb4000000032997687,http://data.ordnancesurvey.co.uk/id/4000000032997687,Seagrave Crescent,,,,transportNetwork,Named Road,623616,136548,1000,20000,623558,136478,623708,136598,CT19,http://data.ordnancesurvey.co.uk/id/postcodedistrict/CT19,Folkestone,http://data.ordnancesurvey.co.uk/id/4000000074566736,http://www.ordnancesurvey.co.uk/xml/codelists/localtype.xml#town,Folkestone and Hythe,http://data.ordnancesurvey.co.uk/id/7000000000018085,http://data.ordnancesurvey.co.uk/ontology/admingeo/District,Kent,http://data.ordnancesurvey.co.uk/id/7000000000018210,http://data.ordnancesurvey.co.uk/ontology/admingeo/County,South East,http://data.ordnancesurvey.co.uk/id/7000000000041421,England,http://data.ordnancesurvey.co.uk/id/country/england,,,
osgb4000000032999630,http://data.ordnancesurvey.co.uk/id/4000000032999630,Palmerston Street,,,,transportNetwork,Named Road,622541,136557,1000,20000,622504,136507,622605,136598,CT19,http://data.ordnancesurvey.co.uk/id/postcodedistrict/CT19,Folkestone,http://data.ordnancesurvey.co.uk/id/4000000074566736,http://www.ordnancesurvey.co.uk/xml/codelists/localtype.xml#town,Folkestone and Hythe,http://data.ordnancesurvey.co.uk/id/7000000000018085,http://data.ordnancesurvey.co.uk/ontology/admingeo/District,Kent,http://data.ordnancesurvey.co.uk/id/7000000000018210,http://data.ordnancesurvey.co.uk/ontology/admingeo/County,South East,http://data.ordnancesurvey.co.uk/id/7000000000041421,England,http://data.ordnancesurvey.co.uk/id/country/england,,,
osgb4000000032997654,http://data.ordnancesurvey.co.uk/id/4000000032997654,Radnor Park Crescent,,,,transportNetwork,Named Road,622377,136432,1000,20000,622375,136354,622397,136518,CT19,http://data.ordnancesurvey.co.uk/id/postcodedistrict/CT19,Folkestone,http://data.ordnancesurvey.co.uk/id/4000000074566736,http://www.ordnancesurvey.co.uk/xml/codelists/localtype.xml#town,Folkestone and Hythe,http://data.ordnancesurvey.co.uk/id/7000000000018085,http://data.ordnancesurvey.co.uk/ontology/admingeo/District,Kent,http://data.ordnancesurvey.co.uk/id/7000000000018210,http://data.ordnancesurvey.co.uk/ontology/admingeo/County,South East,http://data.ordnancesurvey.co.uk/id/7000000000041421,England,http://data.ordnancesurvey.co.uk/id/country/england,,,
osgb5000005247798872,http://data.ordnancesurvey.co.uk/id/5000005247798872,George Close,,,,transportNetwork,Named Road,625453,138661,1000,20000,625388,138600,625493,138687,CT18,http://data.ordnancesurvey.co.uk/id/postcodedistrict/CT18,Capel-le-Ferne,http://data.ordnancesurvey.co.uk/id/4000000074568384,http://www.ordnancesurvey.co.uk/xml/codelists/localtype.xml#village,Dover,http://data.ordnancesurvey.co.uk/id/7000000000017977,http://data.ordnancesurvey.co.uk/ontology/admingeo/District,Kent,http://data.ordnancesurvey.co.uk/id/7000000000018210,http://data.ordnancesurvey.co.uk/ontology/admingeo/County,South East,http://data.ordnancesurvey.co.uk/id/7000000000041421,England,http://data.ordnancesurvey.co.uk/id/country/england,,,
osgb4000000032997699,http://data.ordnancesurvey.co.uk/id/4000000032997699,Woodfield Close,,,,transportNetwork,Named Road,620021,137228,1000,20000,619945,137219,620096,137236,CT19,http://data.ordnancesurvey.co.uk/id/postcodedistrict/CT19,Folkestone,http://data.ordnancesurvey.co.uk/id/4000000074566736,http://www.ordnancesurvey.co.uk/xml/codelists/localtype.xml#town,Folkestone and Hythe,http://data.ordnancesurvey.co.uk/id/7000000000018085,http://data.ordnancesurvey.co.uk/ontology/admingeo/District,Kent,http://data.ordnancesurvey.co.uk/id/7000000000018210,http://data.ordnancesurvey.co.uk/ontology/admingeo/County,South East,http://data.ordnancesurvey.co.uk/id/7000000000041421,England,http://data.ordnancesurvey.co.uk/id/country/england,,,
osgb4000000032997661,http://data.ordnancesurvey.co.uk/id/4000000032997661,Ship Street,,,,transportNetwork,Named Road,622546,136515,1000,20000,622489,136456,622625,136567,CT19,http://data.ordnancesurvey.co.uk/id/postcodedistrict/CT19,Folkestone,http://data.ordnancesurvey.co.uk/id/4000000074566736,http://www.ordnancesurvey.co.uk/xml/codelists/localtype.xml#town,Folkestone and Hythe,http://data.ordnancesurvey.co.uk/id/7000000000018085,http://data.ordnancesurvey.co.uk/ontology/admingeo/District,Kent,http://data.ordnancesurvey.co.uk/id/7000000000018210,http://data.ordnancesurvey.co.uk/ontology/admingeo/County,South East,http://data.ordnancesurvey.co.uk/id/7000000000041421,England,http://data.ordnancesurvey.co.uk/id/country/england,,,
osgb4000000032997745,http://data.ordnancesurvey.co.uk/id/4000000032997745,Cauldham Close,,,,transportNetwork,Named Road,624596,138425,1000,20000,624505,138339,624688,138503,CT18,http://data.ordnancesurvey.co.uk/id/postcodedistrict/CT18,Capel-le-Ferne,http://data.ordnancesurvey.co.uk/id/4000000074568384,http://www.ordnancesurvey.co.uk/xml/codelists/localtype.xml#village,Dover,http://data.ordnancesurvey.co.uk/id/7000000000017977,http://data.ordnancesurvey.co.uk/ontology/admingeo/District,Kent,http://data.ordnancesurvey.co.uk/id/7000000000018210,http://data.ordnancesurvey.co.uk/ontology/admingeo/County,South East,http://data.ordnancesurvey.co.uk/id/7000000000041421,England,http://data.ordnancesurvey.co.uk/id/country/england,,,
osgb4000000032997672,http://data.ordnancesurvey.co.uk/id/4000000032997672,Princess Street,,,,transportNetwork,Named Road,623242,136875,1000,20000,623215,136808,623274,136953,CT19,http://data.ordnancesurvey.co.uk/id/postcodedistrict/CT19,Folkestone,http://data.ordnancesurvey.co.uk/id/4000000074566736,http://www.ordnancesurvey.co.uk/xml/codelists/localtype.xml#town,Folkestone and Hythe,http://data.ordnancesurvey.co.uk/id/7000000000018085,http://data.ordnancesurvey.co.uk/ontology/admingeo/District,Kent,http://data.ordnancesurvey.co.uk/id/7000000000018210,http://data.ordnancesurvey.co.uk/ontology/admingeo/County,South East,http://data.ordnancesurvey.co.uk/id/7000000000041421,England,http://data.ordnancesurvey.co.uk/id/country/england,,,
osgb4000000033001182,http://data.ordnancesurvey.co.uk/id/4000000033001182,Peter Street,,,,transportNetwork,Named Road,623006,136447,1000,20000,622990,136433,623061,136475,CT20,http://data.ordnancesurvey.co.uk/id/postcodedistrict/CT20,Folkestone,http://data.ordnancesurvey.co.uk/id/4000000074566736,http://www.ordnancesurvey.co.uk/xml/codelists/localtype.xml#town,Folkestone and Hythe,http://data.ordnancesurvey.co.uk/id/7000000000018085,http://data.ordnancesurvey.co.uk/ontology/admingeo/District,Kent,http://data.ordnancesurvey.co.uk/id/7000000000018210,http://data.ordnancesurvey.co.uk/ontology/admingeo/County,South East,http://data.ordnancesurvey.co.uk/id/7000000000041421,England,http://data.ordnancesurvey.co.uk/id/country/england,,,
osgb4000000033001230,http://data.ordnancesurvey.co.uk/id/4000000033001230,Acorn Close,,,,transportNetwork,Named Road,622004,139793,1000,20000,621997,139769,622018,139812,CT18,http://data.ordnancesurvey.co.uk/id/postcodedistrict/CT18,Hawkinge,http://data.ordnancesurvey.co.uk/id/4000000074566747,http://www.ordnancesurvey.co.uk/xml/codelists/localtype.xml#village,Folkestone and Hythe,http://data.ordnancesurvey.co.uk/id/7000000000018085,http://data.ordnancesurvey.co.uk/ontology/admingeo/District,Kent,http://data.ordnancesurvey.co.uk/id/7000000000018210,http://data.ordnancesurvey.co.uk/ontology/admingeo/County,South East,http://data.ordnancesurvey.co.uk/id/7000000000041421,England,http://data.ordnancesurvey.co.uk/id/country/england,,,
osgb4000000033001175,http://data.ordnancesurvey.co.uk/id/4000000033001175,Elmstead Place,,,,transportNetwork,Named Road,623267,136282,1000,20000,623230,136271,623293,136289,CT20,http://data.ordnancesurvey.co.uk/id/postcodedistrict/CT20,Folkestone,http://data.ordnancesurvey.co.uk/id/4000000074566736,http://www.ordnancesurvey.co.uk/xml/codelists/localtype.xml#town,Folkestone and Hythe,http://data.ordnancesurvey.co.uk/id/7000000000018085,http://data.ordnancesurvey.co.uk/ontology/admingeo/District,Kent,http://data.ordnancesurvey.co.uk/id/7000000000018210,http://data.ordnancesurvey.co.uk/ontology/admingeo/County,South East,http://data.ordnancesurvey.co.uk/id/7000000000041421,England,http://data.ordnancesurvey.co.uk/id/country/england,,,
osgb4000000068752612,http://data.ordnancesurvey.co.uk/id/4000000068752612,Kestrel Walk,,,,transportNetwork,Named Road,620992,139086,1000,20000,620907,139018,621068,139140,CT18,http://data.ordnancesurvey.co.uk/id/postcodedistrict/CT18,Hawkinge,http://data.ordnancesurvey.co.uk/id/4000000074566747,http://www.ordnancesurvey.co.uk/xml/codelists/localtype.xml#village,Folkestone and Hythe,http://data.ordnancesurvey.co.uk/id/7000000000018085,http://data.ordnancesurvey.co.uk/ontology/admingeo/District,Kent,http://data.ordnancesurvey.co.uk/id/7000000000018210,http://data.ordnancesurvey.co.uk/ontology/admingeo/County,South East,http://data.ordnancesurvey.co.uk/id/7000000000041421,England,http://data.ordnancesurvey.co.uk/id/country/england,,,
osgb4000000032997642,http://data.ordnancesurvey.co.uk/id/4000000032997642,Charlotte Street,,,,transportNetwork,Named Road,623159,136380,1000,20000,623105,136293,623159,136418,CT20,http://data.ordnancesurvey.co.uk/id/postcodedistrict/CT20,Folkestone,http://data.ordnancesurvey.co.uk/id/4000000074566736,http://www.ordnancesurvey.co.uk/xml/codelists/localtype.xml#town,Folkestone and Hythe,http://data.ordnancesurvey.co.uk/id/7000000000018085,http://data.ordnancesurvey.co.uk/ontology/admingeo/District,Kent,http://data.ordnancesurvey.co.uk/id/7000000000018210,http://data.ordnancesurvey.co.uk/ontology/admingeo/County,South East,http://data.ordnancesurvey.co.uk/id/7000000000041421,England,http://data.ordnancesurvey.co.uk/id/country/england,,,
osgb4000000033005958,http://data.ordnancesurvey.co.uk/id/4000000033005958,Osprey Court,,,,transportNetwork,Named Road,620909,139274,1000,20000,620900,139257,620927,139281,CT18,http://data.ordnancesurvey.co.uk/id/postcodedistrict/CT18,Hawkinge,http://data.ordnancesurvey.co.uk/id/4000000074566747,http://www.ordnancesurvey.co.uk/xml/codelists/localtype.xml#village,Folkestone and Hythe,http://data.ordnancesurvey.co.uk/id/7000000000018085,http://data.ordnancesurvey.co.uk/ontology/admingeo/District,Kent,http://data.ordnancesurvey.co.uk/id/7000000000018210,http://data.ordnancesurvey.co.uk/ontology/admingeo/County,South East,http://data.ordnancesurvey.co.uk/id/7000000000041421,England,http://data.ordnancesurvey.co.uk/id/country/england,,,
osgb4000000032999649,http://data.ordnancesurvey.co.uk/id/4000000032999649,East Cliff Passage,,,,transportNetwork,Named Road,623463,136317,1000,20000,623459,136308,623487,136379,CT19,http://data.ordnancesurvey.co.uk/id/postcodedistrict/CT19,Folkestone,http://data.ordnancesurvey.co.uk/id/4000000074566736,http://www.ordnancesurvey.co.uk/xml/codelists/localtype.xml#town,Folkestone and Hythe,http://data.ordnancesurvey.co.uk/id/7000000000018085,http://data.ordnancesurvey.co.uk/ontology/admingeo/District,Kent,http://data.ordnancesurvey.co.uk/id/7000000000018210,http://data.ordnancesurvey.co.uk/ontology/admingeo/County,South East,http://data.ordnancesurvey.co.uk/id/7000000000041421,England,http://data.ordnancesurvey.co.uk/id/country/england,,,
osgb4000000032997708,http://data.ordnancesurvey.co.uk/id/4000000032997708,Downside,,,,transportNetwork,Named Road,622417,137109,1000,20000,622382,137075,622471,137123,CT19,http://data.ordnancesurvey.co.uk/id/postcodedistrict/CT19,Folkestone,http://data.ordnancesurvey.co.uk/id/4000000074566736,http://www.ordnancesurvey.co.uk/xml/codelists/localtype.xml#town,Folkestone and Hythe,http://data.ordnancesurvey.co.uk/id/7000000000018085,http://data.ordnancesurvey.co.uk/ontology/admingeo/District,Kent,http://data.ordnancesurvey.co.uk/id/7000000000018210,http://data.ordnancesurvey.co.uk/ontology/admingeo/County,South East,http://data.ordnancesurvey.co.uk/id/7000000000041421,England,http://data.ordnancesurvey.co.uk/id/country/england,,,
osgb4000000032999584,http://data.ordnancesurvey.co.uk/id/4000000032999584,Paddock Close,,,,transportNetwork,Named Road,620733,136294,1000,20000,620716,136268,620768,136305,CT20,http://data.ordnancesurvey.co.uk/id/postcodedistrict/CT20,Folkestone,http://data.ordnancesurvey.co.uk/id/4000000074566736,http://www.ordnancesurvey.co.uk/xml/codelists/localtype.xml#town,Folkestone and Hythe,http://data.ordnancesurvey.co.uk/id/7000000000018085,http://data.ordnancesurvey.co.uk/ontology/admingeo/District,Kent,http://data.ordnancesurvey.co.uk/id/7000000000018210,http://data.ordnancesurvey.co.uk/ontology/admingeo/County,South East,http://data.ordnancesurvey.co.uk/id/7000000000041421,England,http://data.ordnancesurvey.co.uk/id/country/england,,,
osgb4000000068752608,http://data.ordnancesurvey.co.uk/id/4000000068752608,St Luke's Walk,,,,transportNetwork,Named Road,620553,139652,1000,20000,620525,139630,620561,139684,CT18,http://data.ordnancesurvey.co.uk/id/postcodedistrict/CT18,Hawkinge,http://data.ordnancesurvey.co.uk/id/4000000074566747,http://www.ordnancesurvey.co.uk/xml/codelists/localtype.xml#village,Folkestone and Hythe,http://data.ordnancesurvey.co.uk/id/7000000000018085,http://data.ordnancesurvey.co.uk/ontology/admingeo/District,Kent,http://data.ordnancesurvey.co.uk/id/7000000000018210,http://data.ordnancesurvey.co.uk/ontology/admingeo/County,South East,http://data.ordnancesurvey.co.uk/id/7000000000041421,England,http://data.ordnancesurvey.co.uk/id/country/england,,,
osgb4000000032997613,http://data.ordnancesurvey.co.uk/id/4000000032997613,Harcourt Road,,,,transportNetwork,Named Road,620804,137023,1000,20000,620700,137009,620828,137104,CT19,http://data.ordnancesurvey.co.uk/id/postcodedistrict/CT19,Folkestone,http://data.ordnancesurvey.co.uk/id/4000000074566736,http://www.ordnancesurvey.co.uk/xml/codelists/localtype.xml#town,Folkestone and Hythe,http://data.ordnancesurvey.co.uk/id/7000000000018085,http://data.ordnancesurvey.co.uk/ontology/admingeo/District,Kent,http://data.ordnancesurvey.co.uk/id/7000000000018210,http://data.ordnancesurvey.co.uk/ontology/admingeo/County,South East,http://data.ordnancesurvey.co.uk/id/7000000000041421,England,http://data.ordnancesurvey.co.uk/id/country/england,,,
28f3d8f2-29f0-4ef0-885e-7d8b6c2d30ae,http://data.ordnancesurvey.co.uk/id/28f3d8f2-29f0-4ef0-885e-7d8b6c2d30ae,A260,,,,transportNetwork,Section Of Numbered Road,623281,136777,14000,25000,622615,135775,623522,137878,CT19,http://data.ordnancesurvey.co.uk/id/postcodedistrict/CT19,Folkestone,http://data.ordnancesurvey.co.uk/id/4000000074566736,http://www.ordnancesurvey.co.uk/xml/codelists/localtype.xml#town,Folkestone and Hythe,http://data.ordnancesurvey.co.uk/id/7000000000018085,http://data.ordnancesurvey.co.uk/ontology/admingeo/District,Kent,http://data.ordnancesurvey.co.uk/id/7000000000018210,http://data.ordnancesurvey.co.uk/ontology/admingeo/County,South East,http://data.ordnancesurvey.co.uk/id/7000000000041421,England,http://data.ordnancesurvey.co.uk/id/country/england,osgb4000000033001979,,
osgb4000000032997681,http://data.ordnancesurvey.co.uk/id/4000000032997681,Thanet Gardens,,,,transportNetwork,Named Road,623634,136782,1000,20000,623624,136712,623634,136861,CT19,http://data.ordnancesurvey.co.uk/id/postcodedistrict/CT19,Folkestone,http://data.ordnancesurvey.co.uk/id/4000000074566736,http://www.ordnancesurvey.co.uk/xml/codelists/localtype.xml#town,Folkestone and Hythe,http://data.ordnancesurvey.co.uk/id/7000000000018085,http://data.ordnancesurvey.co.uk/ontology/admingeo/District,Kent,http://data.ordnancesurvey.co.uk/id/7000000000018210,http://data.ordnancesurvey.co.uk/ontology/admingeo/County,South East,http://data.ordnancesurvey.co.uk/id/7000000000041421,England,http://data.ordnancesurvey.co.uk/id/country/england,,,
osgb4000000032995077,http://data.ordnancesurvey.co.uk/id/4000000032995077,Spitfire Way,,,,transportNetwork,Named Road,621414,139586,11000,20000,621178,138881,622076,140500,CT18,http://data.ordnancesurvey.co.uk/id/postcodedistrict/CT18,Hawkinge,http://data.ordnancesurvey.co.uk/id/4000000074566747,http://www.ordnancesurvey.co.uk/xml/codelists/localtype.xml#village,Folkestone and Hythe,http://data.ordnancesurvey.co.uk/id/7000000000018085,http://data.ordnancesurvey.co.uk/ontology/admingeo/District,Kent,http://data.ordnancesurvey.co.uk/id/7000000000018210,http://data.ordnancesurvey.co.uk/ontology/admingeo/County,South East,http://data.ordnancesurvey.co.uk/id/7000000000041421,England,http://data.ordnancesurvey.co.uk/id/country/england,,,
osgb4000000032999647,http://data.ordnancesurvey.co.uk/id/4000000032999647,The Durlocks,,,,transportNetwork,Named Road,623330,136226,1000,20000,623293,136185,623416,136263,CT19,http://data.ordnancesurvey.co.uk/id/postcodedistrict/CT19,Folkestone,http://data.ordnancesurvey.co.uk/id/4000000074566736,http://www.ordnancesurvey.co.uk/xml/codelists/localtype.xml#town,Folkestone and Hythe,http://data.ordnancesurvey.co.uk/id/7000000000018085,http://data.ordnancesurvey.co.uk/ontology/admingeo/District,Kent,http://data.ordnancesurvey.co.uk/id/7000000000018210,http://data.ordnancesurvey.co.uk/ontology/admingeo/County,South East,http://data.ordnancesurvey.co.uk/id/7000000000041421,England,http://data.ordnancesurvey.co.uk/id/country/england,,,
osgb5000005325049431,http://data.ordnancesurvey.co.uk/id/5000005325049431,Market Place,,,,transportNetwork,Named Road,622926,136025,1000,20000,622910,136019,622945,136049,CT20,http://data.ordnancesurvey.co.uk/id/postcodedistrict/CT20,Folkestone,http://data.ordnancesurvey.co.uk/id/4000000074566736,http://www.ordnancesurvey.co.uk/xml/codelists/localtype.xml#town,Folkestone and Hythe,http://data.ordnancesurvey.co.uk/id/7000000000018085,http://data.ordnancesurvey.co.uk/ontology/admingeo/District,Kent,http://data.ordnancesurvey.co.uk/id/7000000000018210,http://data.ordnancesurvey.co.uk/ontology/admingeo/County,South East,http://data.ordnancesurvey.co.uk/id/7000000000041421,England,http://data.ordnancesurvey.co.uk/id/country/england,,,
osgb4000000033053624,http://data.ordnancesurvey.co.uk/id/4000000033053624,Defiant Close,,,,transportNetwork,Named Road,621384,139433,1000,20000,621294,139366,621462,139482,CT18,http://data.ordnancesurvey.co.uk/id/postcodedistrict/CT18,Hawkinge,http://data.ordnancesurvey.co.uk/id/4000000074566747,http://www.ordnancesurvey.co.uk/xml/codelists/localtype.xml#village,Folkestone and Hythe,http://data.ordnancesurvey.co.uk/id/7000000000018085,http://data.ordnancesurvey.co.uk/ontology/admingeo/District,Kent,http://data.ordnancesurvey.co.uk/id/7000000000018210,http://data.ordnancesurvey.co.uk/ontology/admingeo/County,South East,http://data.ordnancesurvey.co.uk/id/7000000000041421,England,http://data.ordnancesurvey.co.uk/id/country/england,,,
osgb4000000032999598,http://data.ordnancesurvey.co.uk/id/4000000032999598,Lawrence Close,,,,transportNetwork,Named Road,620729,136600,1000,20000,620722,136568,620740,136645,CT19,http://data.ordnancesurvey.co.uk/id/postcodedistrict/CT19,Folkestone,http://data.ordnancesurvey.co.uk/id/4000000074566736,http://www.ordnancesurvey.co.uk/xml/codelists/localtype.xml#town,Folkestone and Hythe,http://data.ordnancesurvey.co.uk/id/7000000000018085,http://data.ordnancesurvey.co.uk/ontology/admingeo/District,Kent,http://data.ordnancesurvey.co.uk/id/7000000000018210,http://data.ordnancesurvey.co.uk/ontology/admingeo/County,South East,http://data.ordnancesurvey.co.uk/id/7000000000041421,England,http://data.ordnancesurvey.co.uk/id/country/england,,,
osgb4000000032997658,http://data.ordnancesurvey.co.uk/id/4000000032997658,Pavilion Road,,,,transportNetwork,Named Road,622569,136716,1000,20000,622450,136650,622661,136727,CT19,http://data.ordnancesurvey.co.uk/id/postcodedistrict/CT19,Folkestone,http://data.ordnancesurvey.co.uk/id/4000000074566736,http://www.ordnancesurvey.co.uk/xml/codelists/localtype.xml#town,Folkestone and Hythe,http://data.ordnancesurvey.co.uk/id/7000000000018085,http://data.ordnancesurvey.co.uk/ontology/admingeo/District,Kent,http://data.ordnancesurvey.co.uk/id/7000000000018210,http://data.ordnancesurvey.co.uk/ontology/admingeo/County,South East,http://data.ordnancesurvey.co.uk/id/7000000000041421,England,http://data.ordnancesurvey.co.uk/id/country/england,,,
osgb4000000032996173,http://data.ordnancesurvey.co.uk/id/4000000032996173,Welson Road,,,,transportNetwork,Named Road,621054,136127,2000,20000,620900,136084,621222,136191,CT20,http://data.ordnancesurvey.co.uk/id/postcodedistrict/CT20,Folkestone,http://data.ordnancesurvey.co.uk/id/4000000074566736,http://www.ordnancesurvey.co.uk/xml/codelists/localtype.xml#town,Folkestone and Hythe,http://data.ordnancesurvey.co.uk/id/7000000000018085,http://data.ordnancesurvey.co.uk/ontology/admingeo/District,Kent,http://data.ordnancesurvey.co.uk/id/7000000000018210,http://data.ordnancesurvey.co.uk/ontology/admingeo/County,South East,http://data.ordnancesurvey.co.uk/id/7000000000041421,England,http://data.ordnancesurvey.co.uk/id/country/england,,,
osgb4000000032995447,http://data.ordnancesurvey.co.uk/id/4000000032995447,Stanley Road,,,,transportNetwork,Named Road,620121,136945,2000,20000,620116,136768,620134,137145,CT19,http://data.ordnancesurvey.co.uk/id/postcodedistrict/CT19,Folkestone,http://data.ordnancesurvey.co.uk/id/4000000074566736,http://www.ordnancesurvey.co.uk/xml/codelists/localtype.xml#town,Folkestone and Hythe,http://data.ordnancesurvey.co.uk/id/7000000000018085,http://data.ordnancesurvey.co.uk/ontology/admingeo/District,Kent,http://data.ordnancesurvey.co.uk/id/7000000000018210,http://data.ordnancesurvey.co.uk/ontology/admingeo/County,South East,http://data.ordnancesurvey.co.uk/id/7000000000041421,England,http://data.ordnancesurvey.co.uk/id/country/england,,,
osgb5000005202684401,http://data.ordnancesurvey.co.uk/id/5000005202684401,Roedean Close,,,,transportNetwork,Named Road,622211,137009,1000,20000,622211,137008,622270,137009,CT19,http://data.ordnancesurvey.co.uk/id/postcodedistrict/CT19,Folkestone,http://data.ordnancesurvey.co.uk/id/4000000074566736,http://www.ordnancesurvey.co.uk/xml/codelists/localtype.xml#town,Folkestone and Hythe,http://data.ordnancesurvey.co.uk/id/7000000000018085,http://data.ordnancesurvey.co.uk/ontology/admingeo/District,Kent,http://data.ordnancesurvey.co.uk/id/7000000000018210,http://data.ordnancesurvey.co.uk/ontology/admingeo/County,South East,http://data.ordnancesurvey.co.uk/id/7000000000041421,England,http://data.ordnancesurvey.co.uk/id/country/england,,,
osgb4000000033001855,http://data.ordnancesurvey.co.uk/id/4000000033001855,Grimston Avenue,,,,transportNetwork,Named Road,621577,135782,4000,20000,621531,135521,621618,136076,CT20,http://data.ordnancesurvey.co.uk/id/postcodedistrict/CT20,Folkestone,http://data.ordnancesurvey.co.uk/id/4000000074566736,http://www.ordnancesurvey.co.uk/xml/codelists/localtype.xml#town,Folkestone and Hythe,http://data.ordnancesurvey.co.uk/id/7000000000018085,http://data.ordnancesurvey.co.uk/ontology/admingeo/District,Kent,http://data.ordnancesurvey.co.uk/id/7000000000018210,http://data.ordnancesurvey.co.uk/ontology/admingeo/County,South East,http://data.ordnancesurvey.co.uk/id/7000000000041421,England,http://data.ordnancesurvey.co.uk/id/country/england,,,
osgb4000000032999673,http://data.ordnancesurvey.co.uk/id/4000000032999673,Ainsdale Close,,,,transportNetwork,Named Road,621500,137452,1000,20000,621447,137448,621566,137458,CT19,http://data.ordnancesurvey.co.uk/id/postcodedistrict/CT19,Folkestone,http://data.ordnancesurvey.co.uk/id/4000000074566736,http://www.ordnancesurvey.co.uk/xml/codelists/localtype.xml#town,Folkestone and Hythe,http://data.ordnancesurvey.co.uk/id/7000000000018085,http://data.ordnancesurvey.co.uk/ontology/admingeo/District,Kent,http://data.ordnancesurvey.co.uk/id/7000000000018210,http://data.ordnancesurvey.co.uk/ontology/admingeo/County,South East,http://data.ordnancesurvey.co.uk/id/7000000000041421,England,http://data.ordnancesurvey.co.uk/id/country/england,,,
osgb4000000032996172,http://data.ordnancesurvey.co.uk/id/4000000032996172,Geraldine Road,,,,transportNetwork,Named Road,620570,136570,2000,20000,620443,136542,620713,136593,CT19,http://data.ordnancesurvey.co.uk/id/postcodedistrict/CT19,Folkestone,http://data.ordnancesurvey.co.uk/id/4000000074566736,http://www.ordnancesurvey.co.uk/xml/codelists/localtype.xml#town,Folkestone and Hythe,http://data.ordnancesurvey.co.uk/id/7000000000018085,http://data.ordnancesurvey.co.uk/ontology/admingeo/District,Kent,http://data.ordnancesurvey.co.uk/id/7000000000018210,http://data.ordnancesurvey.co.uk/ontology/admingeo/County,South East,http://data.ordnancesurvey.co.uk/id/7000000000041421,England,http://data.ordnancesurvey.co.uk/id/country/england,,,
osgb4000000033001862,http://data.ordnancesurvey.co.uk/id/4000000033001862,The Oaks,,,,transportNetwork,Named Road,621976,139462,1000,20000,621970,139425,621998,139508,CT18,http://data.ordnancesurvey.co.uk/id/postcodedistrict/CT18,Hawkinge,http://data.ordnancesurvey.co.uk/id/4000000074566747,http://www.ordnancesurvey.co.uk/xml/codelists/localtype.xml#village,Folkestone and Hythe,http://data.ordnancesurvey.co.uk/id/7000000000018085,http://data.ordnancesurvey.co.uk/ontology/admingeo/District,Kent,http://data.ordnancesurvey.co.uk/id/7000000000018210,http://data.ordnancesurvey.co.uk/ontology/admingeo/County,South East,http://data.ordnancesurvey.co.uk/id/7000000000041421,England,http://data.ordnancesurvey.co.uk/id/country/england,,,
osgb4000000032997599,http://data.ordnancesurvey.co.uk/id/4000000032997599,St George's Road,,,,transportNetwork,Named Road,620684,136600,1000,20000,620668,136552,620701,136654,CT19,http://data.ordnancesurvey.co.uk/id/postcodedistrict/CT19,Folkestone,http://data.ordnancesurvey.co.uk/id/4000000074566736,http://www.ordnancesurvey.co.uk/xml/codelists/localtype.xml#town,Folkestone and Hythe,http://data.ordnancesurvey.co.uk/id/7000000000018085,http://data.ordnancesurvey.co.uk/ontology/admingeo/District,Kent,http://data.ordnancesurvey.co.uk/id/7000000000018210,http://data.ordnancesurvey.co.uk/ontology/admingeo/County,South East,http://data.ordnancesurvey.co.uk/id/7000000000041421,England,http://data.ordnancesurvey.co.uk/id/country/england,,,
osgb4000000033001224,http://data.ordnancesurvey.co.uk/id/4000000033001224,Le Roux Close,,,,transportNetwork,Named Road,620993,139652,1000,20000,620984,139635,621002,139670,CT18,http://data.ordnancesurvey.co.uk/id/postcodedistrict/CT18,Hawkinge,http://data.ordnancesurvey.co.uk/id/4000000074566747,http://www.ordnancesurvey.co.uk/xml/codelists/localtype.xml#village,Folkestone and Hythe,http://data.ordnancesurvey.co.uk/id/7000000000018085,http://data.ordnancesurvey.co.uk/ontology/admingeo/District,Kent,http://data.ordnancesurvey.co.uk/id/7000000000018210,http://data.ordnancesurvey.co.uk/ontology/admingeo/County,South East,http://data.ordnancesurvey.co.uk/id/7000000000041421,England,http://data.ordnancesurvey.co.uk/id/country/england,,,
osgb4000000032999695,http://data.ordnancesurvey.co.uk/id/4000000032999695,Mayfly Drive,,,,transportNetwork,Named Road,621132,139845,1000,20000,621074,139792,621139,139875,CT18,http://data.ordnancesurvey.co.uk/id/postcodedistrict/CT18,Hawkinge,http://data.ordnancesurvey.co.uk/id/4000000074566747,http://www.ordnancesurvey.co.uk/xml/codelists/localtype.xml#village,Folkestone and Hythe,http://data.ordnancesurvey.co.uk/id/7000000000018085,http://data.ordnancesurvey.co.uk/ontology/admingeo/District,Kent,http://data.ordnancesurvey.co.uk/id/7000000000018210,http://data.ordnancesurvey.co.uk/ontology/admingeo/County,South East,http://data.ordnancesurvey.co.uk/id/7000000000041421,England,http://data.ordnancesurvey.co.uk/id/country/england,,,
osgb4000000032997721,http://data.ordnancesurvey.co.uk/id/4000000032997721,Tyson Road,,,,transportNetwork,Named Road,623399,137247,2000,20000,623354,137123,623438,137354,CT19,http://data.ordnancesurvey.co.uk/id/postcodedistrict/CT19,Folkestone,http://data.ordnancesurvey.co.uk/id/4000000074566736,http://www.ordnancesurvey.co.uk/xml/codelists/localtype.xml#town,Folkestone and Hythe,http://data.ordnancesurvey.co.uk/id/7000000000018085,http://data.ordnancesurvey.co.uk/ontology/admingeo/District,Kent,http://data.ordnancesurvey.co.uk/id/7000000000018210,http://data.ordnancesurvey.co.uk/ontology/admingeo/County,South East,http://data.ordnancesurvey.co.uk/id/7000000000041421,England,http://data.ordnancesurvey.co.uk/id/country/england,,,
osgb4000000032997576,http://data.ordnancesurvey.co.uk/id/4000000032997576,Southernwood Rise,,,,transportNetwork,Named Road,620643,135899,1000,20000,620509,135767,620704,135981,CT20,http://data.ordnancesurvey.co.uk/id/postcodedistrict/CT20,Folkestone,http://data.ordnancesurvey.co.uk/id/4000000074566736,http://www.ordnancesurvey.co.uk/xml/codelists/localtype.xml#town,Folkestone and Hythe,http://data.ordnancesurvey.co.uk/id/7000000000018085,http://data.ordnancesurvey.co.uk/ontology/admingeo/District,Kent,http://data.ordnancesurvey.co.uk/id/7000000000018210,http://data.ordnancesurvey.co.uk/ontology/admingeo/County,South East,http://data.ordnancesurvey.co.uk/id/7000000000041421,England,http://data.ordnancesurvey.co.uk/id/country/england,,,
osgb4000000032997728,http://data.ordnancesurvey.co.uk/id/4000000032997728,Benson Lane,,,,transportNetwork,Named Road,620709,139774,1000,20000,620627,139743,620791,139827,CT18,http://data.ordnancesurvey.co.uk/id/postcodedistrict/CT18,Hawkinge,http://data.ordnancesurvey.co.uk/id/4000000074566747,http://www.ordnancesurvey.co.uk/xml/codelists/localtype.xml#village,Folkestone and Hythe,http://data.ordnancesurvey.co.uk/id/7000000000018085,http://data.ordnancesurvey.co.uk/ontology/admingeo/District,Kent,http://data.ordnancesurvey.co.uk/id/7000000000018210,http://data.ordnancesurvey.co.uk/ontology/admingeo/County,South East,http://data.ordnancesurvey.co.uk/id/7000000000041421,England,http://data.ordnancesurvey.co.uk/id/country/england,,,
osgb4000000032999680,http://data.ordnancesurvey.co.uk/id/4000000032999680,Vickers Close,,,,transportNetwork,Named Road,621493,139556,1000,20000,621470,139546,621523,139582,CT18,http://data.ordnancesurvey.co.uk/id/postcodedistrict/CT18,Hawkinge,http://data.ordnancesurvey.co.uk/id/4000000074566747,http://www.ordnancesurvey.co.uk/xml/codelists/localtype.xml#village,Folkestone and Hythe,http://data.ordnancesurvey.co.uk/id/7000000000018085,http://data.ordnancesurvey.co.uk/ontology/admingeo/District,Kent,http://data.ordnancesurvey.co.uk/id/7000000000018210,http://data.ordnancesurvey.co.uk/ontology/admingeo/County,South East,http://data.ordnancesurvey.co.uk/id/7000000000041421,England,http://data.ordnancesurvey.co.uk/id/country/england,,,
osgb4000000032999690,http://data.ordnancesurvey.co.uk/id/4000000032999690,Swiss Way,,,,transportNetwork,Named Road,624000,137353,1000,20000,623966,137319,624018,137382,CT19,http://data.ordnancesurvey.co.uk/id/postcodedistrict/CT19,Folkestone,http://data.ordnancesurvey.co.uk/id/4000000074566736,http://www.ordnancesurvey.co.uk/xml/codelists/localtype.xml#town,Folkestone and Hythe,http://data.ordnancesurvey.co.uk/id/7000000000018085,http://data.ordnancesurvey.co.uk/ontology/admingeo/District,Kent,http://data.ordnancesurvey.co.uk/id/7000000000018210,http://data.ordnancesurvey.co.uk/ontology/admingeo/County,South East,http://data.ordnancesurvey.co.uk/id/7000000000041421,England,http://data.ordnancesurvey.co.uk/id/country/england,,,
osgb4000000032997660,http://data.ordnancesurvey.co.uk/id/4000000032997660,Beech Close,,,,transportNetwork,Named Road,622115,136836,1000,20000,622054,136767,622138,136902,CT19,http://data.ordnancesurvey.co.uk/id/postcodedistrict/CT19,Folkestone,http://data.ordnancesurvey.co.uk/id/4000000074566736,http://www.ordnancesurvey.co.uk/xml/codelists/localtype.xml#town,Folkestone and Hythe,http://data.ordnancesurvey.co.uk/id/7000000000018085,http://data.ordnancesurvey.co.uk/ontology/admingeo/District,Kent,http://data.ordnancesurvey.co.uk/id/7000000000018210,http://data.ordnancesurvey.co.uk/ontology/admingeo/County,South East,http://data.ordnancesurvey.co.uk/id/7000000000041421,England,http://data.ordnancesurvey.co.uk/id/country/england,,,
osgb4000000032999685,http://data.ordnancesurvey.co.uk/id/4000000032999685,Joyes Close,,,,transportNetwork,Named Road,623000,137328,1000,20000,622990,137307,623023,137372,CT19,http://data.ordnancesurvey.co.uk/id/postcodedistrict/CT19,Folkestone,http://data.ordnancesurvey.co.uk/id/4000000074566736,http://www.ordnancesurvey.co.uk/xml/codelists/localtype.xml#town,Folkestone and Hythe,http://data.ordnancesurvey.co.uk/id/7000000000018085,http://data.ordnancesurvey.co.uk/ontology/admingeo/District,Kent,http://data.ordnancesurvey.co.uk/id/7000000000018210,http://data.ordnancesurvey.co.uk/ontology/admingeo/County,South East,http://data.ordnancesurvey.co.uk/id/7000000000041421,England,http://data.ordnancesurvey.co.uk/id/country/england,,,
osgb4000000033001205,http://data.ordnancesurvey.co.uk/id/4000000033001205,Stablemead,,,,transportNetwork,Named Road,621435,137098,1000,20000,621432,137093,621453,137130,CT19,http://data.ordnancesurvey.co.uk/id/postcodedistrict/CT19,Folkestone,http://data.ordnancesurvey.co.uk/id/4000000074566736,http://www.ordnancesurvey.co.uk/xml/codelists/localtype.xml#town,Folkestone and Hythe,http://data.ordnancesurvey.co.uk/id/7000000000018085,http://data.ordnancesurvey.co.uk/ontology/admingeo/District,Kent,http://data.ordnancesurvey.co.uk/id/7000000000018210,http://data.ordnancesurvey.co.uk/ontology/admingeo/County,South East,http://data.ordnancesurvey.co.uk/id/7000000000041421,England,http://data.ordnancesurvey.co.uk/id/country/england,,,
osgb4000000032995448,http://data.ordnancesurvey.co.uk/id/4000000032995448,Somerset Road,,,,transportNetwork,Named Road,620229,136975,2000,20000,620197,136788,620258,137135,CT19,http://data.ordnancesurvey.co.uk/id/postcodedistrict/CT19,Folkestone,http://data.ordnancesurvey.co.uk/id/4000000074566736,http://www.ordnancesurvey.co.uk/xml/codelists/localtype.xml#town,Folkestone and Hythe,http://data.ordnancesurvey.co.uk/id/7000000000018085,http://data.ordnancesurvey.co.uk/ontology/admingeo/District,Kent,http://data.ordnancesurvey.co.uk/id/7000000000018210,http://data.ordnancesurvey.co.uk/ontology/admingeo/County,South East,http://data.ordnancesurvey.co.uk/id/7000000000041421,England,http://data.ordnancesurvey.co.uk/id/country/england,,,
osgb4000000032997591,http://data.ordnancesurvey.co.uk/id/4000000032997591,Broomfield Road,,,,transportNetwork,Named Road,620202,136684,1000,20000,620197,136610,620207,136788,CT19,http://data.ordnancesurvey.co.uk/id/postcodedistrict/CT19,Folkestone,http://data.ordnancesurvey.co.uk/id/4000000074566736,http://www.ordnancesurvey.co.uk/xml/codelists/localtype.xml#town,Folkestone and Hythe,http://data.ordnancesurvey.co.uk/id/7000000000018085,http://data.ordnancesurvey.co.uk/ontology/admingeo/District,Kent,http://data.ordnancesurvey.co.uk/id/7000000000018210,http://data.ordnancesurvey.co.uk/ontology/admingeo/County,South East,http://data.ordnancesurvey.co.uk/id/7000000000041421,England,http://data.ordnancesurvey.co.uk/id/country/england,,,
35f9db7a-c5cb-4690-8015-ab9276a23671,http://data.ordnancesurvey.co.uk/id/35f9db7a-c5cb-4690-8015-ab9276a23671,B2064,,,,transportNetwork,Section Of Numbered Road,620626,136676,15000,25000,619421,136066,621765,137053,CT19,http://data.ordnancesurvey.co.uk/id/postcodedistrict/CT19,Folkestone,http://data.ordnancesurvey.co.uk/id/4000000074566736,http://www.ordnancesurvey.co.uk/xml/codelists/localtype.xml#town,Folkestone and Hythe,http://data.ordnancesurvey.co.uk/id/7000000000018085,http://data.ordnancesurvey.co.uk/ontology/admingeo/District,Kent,http://data.ordnancesurvey.co.uk/id/7000000000018210,http://data.ordnancesurvey.co.uk/ontology/admingeo/County,South East,http://data.ordnancesurvey.co.uk/id/7000000000041421,England,http://data.ordnancesurvey.co.uk/id/country/england,osgb4000000033002006,,
osgb4000000068752621,http://data.ordnancesurvey.co.uk/id/4000000068752621,Milway Place,,,,transportNetwork,Named Road,620885,139151,1000,20000,620876,139140,620907,139157,CT18,http://data.ordnancesurvey.co.uk/id/postcodedistrict/CT18,Hawkinge,http://data.ordnancesurvey.co.uk/id/4000000074566747,http://www.ordnancesurvey.co.uk/xml/codelists/localtype.xml#village,Folkestone and Hythe,http://data.ordnancesurvey.co.uk/id/7000000000018085,http://data.ordnancesurvey.co.uk/ontology/admingeo/District,Kent,http://data.ordnancesurvey.co.uk/id/7000000000018210,http://data.ordnancesurvey.co.uk/ontology/admingeo/County,South East,http://data.ordnancesurvey.co.uk/id/7000000000041421,England,http://data.ordnancesurvey.co.uk/id/country/england,,,
osgb4000000032997726,http://data.ordnancesurvey.co.uk/id/4000000032997726,Siskin Close,,,,transportNetwork,Named Road,620522,139664,1000,20000,620509,139608,620540,139742,CT18,http://data.ordnancesurvey.co.uk/id/postcodedistrict/CT18,Hawkinge,http://data.ordnancesurvey.co.uk/id/4000000074566747,http://www.ordnancesurvey.co.uk/xml/codelists/localtype.xml#village,Folkestone and Hythe,http://data.ordnancesurvey.co.uk/id/7000000000018085,http://data.ordnancesurvey.co.uk/ontology/admingeo/District,Kent,http://data.ordnancesurvey.co.uk/id/7000000000018210,http://data.ordnancesurvey.co.uk/ontology/admingeo/County,South East,http://data.ordnancesurvey.co.uk/id/7000000000041421,England,http://data.ordnancesurvey.co.uk/id/country/england,,,
osgb4000000032997714,http://data.ordnancesurvey.co.uk/id/4000000032997714,Marshall Street,,,,transportNetwork,Named Road,623003,137108,2000,20000,622944,136984,623063,137228,CT19,http://data.ordnancesurvey.co.uk/id/postcodedistrict/CT19,Folkestone,http://data.ordnancesurvey.co.uk/id/4000000074566736,http://www.ordnancesurvey.co.uk/xml/codelists/localtype.xml#town,Folkestone and Hythe,http://data.ordnancesurvey.co.uk/id/7000000000018085,http://data.ordnancesurvey.co.uk/ontology/admingeo/District,Kent,http://data.ordnancesurvey.co.uk/id/7000000000018210,http://data.ordnancesurvey.co.uk/ontology/admingeo/County,South East,http://data.ordnancesurvey.co.uk/id/7000000000041421,England,http://data.ordnancesurvey.co.uk/id/country/england,,,
osgb4000000032999593,http://data.ordnancesurvey.co.uk/id/4000000032999593,Stoddart Road,,,,transportNetwork,Named Road,620379,136985,1000,20000,620346,136959,620472,136995,CT19,http://data.ordnancesurvey.co.uk/id/postcodedistrict/CT19,Folkestone,http://data.ordnancesurvey.co.uk/id/4000000074566736,http://www.ordnancesurvey.co.uk/xml/codelists/localtype.xml#town,Folkestone and Hythe,http://data.ordnancesurvey.co.uk/id/7000000000018085,http://data.ordnancesurvey.co.uk/ontology/admingeo/District,Kent,http://data.ordnancesurvey.co.uk/id/7000000000018210,http://data.ordnancesurvey.co.uk/ontology/admingeo/County,South East,http://data.ordnancesurvey.co.uk/id/7000000000041421,England,http://data.ordnancesurvey.co.uk/id/country/england,,,
osgb4000000033032065,http://data.ordnancesurvey.co.uk/id/4000000033032065,Marine Crescent,,,,transportNetwork,Named Road,622948,135726,1000,20000,622915,135687,622998,135730,CT20,http://data.ordnancesurvey.co.uk/id/postcodedistrict/CT20,Folkestone,http://data.ordnancesurvey.co.uk/id/4000000074566736,http://www.ordnancesurvey.co.uk/xml/codelists/localtype.xml#town,Folkestone and Hythe,http://data.ordnancesurvey.co.uk/id/7000000000018085,http://data.ordnancesurvey.co.uk/ontology/admingeo/District,Kent,http://data.ordnancesurvey.co.uk/id/7000000000018210,http://data.ordnancesurvey.co.uk/ontology/admingeo/County,South East,http://data.ordnancesurvey.co.uk/id/7000000000041421,England,http://data.ordnancesurvey.co.uk/id/country/england,,,
osgb4000000033001180,http://data.ordnancesurvey.co.uk/id/4000000033001180,Margaret Street,,,,transportNetwork,Named Road,623103,136246,1000,20000,623080,136216,623127,136274,CT20,http://data.ordnancesurvey.co.uk/id/postcodedistrict/CT20,Folkestone,http://data.ordnancesurvey.co.uk/id/4000000074566736,http://www.ordnancesurvey.co.uk/xml/codelists/localtype.xml#town,Folkestone and Hythe,http://data.ordnancesurvey.co.uk/id/7000000000018085,http://data.ordnancesurvey.co.uk/ontology/admingeo/District,Kent,http://data.ordnancesurvey.co.uk/id/7000000000018210,http://data.ordnancesurvey.co.uk/ontology/admingeo/County,South East,http://data.ordnancesurvey.co.uk/id/7000000000041421,England,http://data.ordnancesurvey.co.uk/id/country/england,,,
osgb4000000080205262,http://data.ordnancesurvey.co.uk/id/4000000080205262,Pilgrims' Way,,,,transportNetwork,Named Road,620575,138201,4000,20000,620259,138183,620904,138238,CT19,http://data.ordnancesurvey.co.uk/id/postcodedistrict/CT19,,,,Folkestone and Hythe,http://data.ordnancesurvey.co.uk/id/7000000000018085,http://data.ordnancesurvey.co.uk/ontology/admingeo/District,Kent,http://data.ordnancesurvey.co.uk/id/7000000000018210,http://data.ordnancesurvey.co.uk/ontology/admingeo/County,South East,http://data.ordnancesurvey.co.uk/id/7000000000041421,England,http://data.ordnancesurvey.co.uk/id/country/england,,,
osgb5000005202684405,http://data.ordnancesurvey.co.uk/id/5000005202684405,Melanie Close,,,,transportNetwork,Named Road,622271,137061,1000,20000,622218,137060,622271,137062,CT19,http://data.ordnancesurvey.co.uk/id/postcodedistrict/CT19,Folkestone,http://data.ordnancesurvey.co.uk/id/4000000074566736,http://www.ordnancesurvey.co.uk/xml/codelists/localtype.xml#town,Folkestone and Hythe,http://data.ordnancesurvey.co.uk/id/7000000000018085,http://data.ordnancesurvey.co.uk/ontology/admingeo/District,Kent,http://data.ordnancesurvey.co.uk/id/7000000000018210,http://data.ordnancesurvey.co.uk/ontology/admingeo/County,South East,http://data.ordnancesurvey.co.uk/id/7000000000041421,England,http://data.ordnancesurvey.co.uk/id/country/england,,,
osgb4000000033001187,http://data.ordnancesurvey.co.uk/id/4000000033001187,Edward Road,,,,transportNetwork,Named Road,622583,136870,1000,20000,622551,136863,622606,136870,CT19,http://data.ordnancesurvey.co.uk/id/postcodedistrict/CT19,Folkestone,http://data.ordnancesurvey.co.uk/id/4000000074566736,http://www.ordnancesurvey.co.uk/xml/codelists/localtype.xml#town,Folkestone and Hythe,http://data.ordnancesurvey.co.uk/id/7000000000018085,http://data.ordnancesurvey.co.uk/ontology/admingeo/District,Kent,http://data.ordnancesurvey.co.uk/id/7000000000018210,http://data.ordnancesurvey.co.uk/ontology/admingeo/County,South East,http://data.ordnancesurvey.co.uk/id/7000000000041421,England,http://data.ordnancesurvey.co.uk/id/country/england,,,
osgb4000000032997610,http://data.ordnancesurvey.co.uk/id/4000000032997610,Trinity Road,,,,transportNetwork,Named Road,621912,135825,1000,20000,621897,135723,621931,135909,CT20,http://data.ordnancesurvey.co.uk/id/postcodedistrict/CT20,Folkestone,http://data.ordnancesurvey.co.uk/id/4000000074566736,http://www.ordnancesurvey.co.uk/xml/codelists/localtype.xml#town,Folkestone and Hythe,http://data.ordnancesurvey.co.uk/id/7000000000018085,http://data.ordnancesurvey.co.uk/ontology/admingeo/District,Kent,http://data.ordnancesurvey.co.uk/id/7000000000018210,http://data.ordnancesurvey.co.uk/ontology/admingeo/County,South East,http://data.ordnancesurvey.co.uk/id/7000000000041421,England,http://data.ordnancesurvey.co.uk/id/country/england,,,
osgb4000000033001216,http://data.ordnancesurvey.co.uk/id/4000000033001216,Snowdrop Close,,,,transportNetwork,Named Road,622257,137639,1000,20000,622247,137629,622273,137655,CT19,http://data.ordnancesurvey.co.uk/id/postcodedistrict/CT19,Folkestone,http://data.ordnancesurvey.co.uk/id/4000000074566736,http://www.ordnancesurvey.co.uk/xml/codelists/localtype.xml#town,Folkestone and Hythe,http://data.ordnancesurvey.co.uk/id/7000000000018085,http://data.ordnancesurvey.co.uk/ontology/admingeo/District,Kent,http://data.ordnancesurvey.co.uk/id/7000000000018210,http://data.ordnancesurvey.co.uk/ontology/admingeo/County,South East,http://data.ordnancesurvey.co.uk/id/7000000000041421,England,http://data.ordnancesurvey.co.uk/id/country/england,,,
osgb4000000032999620,http://data.ordnancesurvey.co.uk/id/4000000032999620,Oxford Terrace,,,,transportNetwork,Named Road,622780,135992,1000,20000,622743,135952,622835,136014,CT20,http://data.ordnancesurvey.co.uk/id/postcodedistrict/CT20,Folkestone,http://data.ordnancesurvey.co.uk/id/4000000074566736,http://www.ordnancesurvey.co.uk/xml/codelists/localtype.xml#town,Folkestone and Hythe,http://data.ordnancesurvey.co.uk/id/7000000000018085,http://data.ordnancesurvey.co.uk/ontology/admingeo/District,Kent,http://data.ordnancesurvey.co.uk/id/7000000000018210,http://data.ordnancesurvey.co.uk/ontology/admingeo/County,South East,http://data.ordnancesurvey.co.uk/id/7000000000041421,England,http://data.ordnancesurvey.co.uk/id/country/england,,,
osgb4000000033041083,http://data.ordnancesurvey.co.uk/id/4000000033041083,Redwing Close,,,,transportNetwork,Named Road,621117,139047,1000,20000,621086,139036,621160,139063,CT18,http://data.ordnancesurvey.co.uk/id/postcodedistrict/CT18,Hawkinge,http://data.ordnancesurvey.co.uk/id/4000000074566747,http://www.ordnancesurvey.co.uk/xml/codelists/localtype.xml#village,Folkestone and Hythe,http://data.ordnancesurvey.co.uk/id/7000000000018085,http://data.ordnancesurvey.co.uk/ontology/admingeo/District,Kent,http://data.ordnancesurvey.co.uk/id/7000000000018210,http://data.ordnancesurvey.co.uk/ontology/admingeo/County,South East,http://data.ordnancesurvey.co.uk/id/7000000000041421,England,http://data.ordnancesurvey.co.uk/id/country/england,,,
osgb5000005202684403,http://data.ordnancesurvey.co.uk/id/5000005202684403,Harrow Close,,,,transportNetwork,Named Road,622336,137028,1000,20000,622335,137006,622337,137047,CT19,http://data.ordnancesurvey.co.uk/id/postcodedistrict/CT19,Folkestone,http://data.ordnancesurvey.co.uk/id/4000000074566736,http://www.ordnancesurvey.co.uk/xml/codelists/localtype.xml#town,Folkestone and Hythe,http://data.ordnancesurvey.co.uk/id/7000000000018085,http://data.ordnancesurvey.co.uk/ontology/admingeo/District,Kent,http://data.ordnancesurvey.co.uk/id/7000000000018210,http://data.ordnancesurvey.co.uk/ontology/admingeo/County,South East,http://data.ordnancesurvey.co.uk/id/7000000000041421,England,http://data.ordnancesurvey.co.uk/id/country/england,,,
osgb4000000033039399,http://data.ordnancesurvey.co.uk/id/4000000033039399,Angel Heights,,,,transportNetwork,Named Road,620530,139419,1000,20000,620494,139419,620530,139444,CT18,http://data.ordnancesurvey.co.uk/id/postcodedistrict/CT18,Hawkinge,http://data.ordnancesurvey.co.uk/id/4000000074566747,http://www.ordnancesurvey.co.uk/xml/codelists/localtype.xml#village,Folkestone and Hythe,http://data.ordnancesurvey.co.uk/id/7000000000018085,http://data.ordnancesurvey.co.uk/ontology/admingeo/District,Kent,http://data.ordnancesurvey.co.uk/id/7000000000018210,http://data.ordnancesurvey.co.uk/ontology/admingeo/County,South East,http://data.ordnancesurvey.co.uk/id/7000000000041421,England,http://data.ordnancesurvey.co.uk/id/country/england,,,
osgb4000000032999683,http://data.ordnancesurvey.co.uk/id/4000000032999683,Park View,,,,transportNetwork,Named Road,623064,137468,1000,20000,623040,137417,623081,137506,CT19,http://data.ordnancesurvey.co.uk/id/postcodedistrict/CT19,Folkestone,http://data.ordnancesurvey.co.uk/id/4000000074566736,http://www.ordnancesurvey.co.uk/xml/codelists/localtype.xml#town,Folkestone and Hythe,http://data.ordnancesurvey.co.uk/id/7000000000018085,http://data.ordnancesurvey.co.uk/ontology/admingeo/District,Kent,http://data.ordnancesurvey.co.uk/id/7000000000018210,http://data.ordnancesurvey.co.uk/ontology/admingeo/County,South East,http://data.ordnancesurvey.co.uk/id/7000000000041421,England,http://data.ordnancesurvey.co.uk/id/country/england,,,
osgb4000000067709018,http://data.ordnancesurvey.co.uk/id/4000000067709018,Churchill Walk,,,,transportNetwork,Named Road,620725,139745,1000,20000,620691,139710,620756,139767,CT18,http://data.ordnancesurvey.co.uk/id/postcodedistrict/CT18,Hawkinge,http://data.ordnancesurvey.co.uk/id/4000000074566747,http://www.ordnancesurvey.co.uk/xml/codelists/localtype.xml#village,Folkestone and Hythe,http://data.ordnancesurvey.co.uk/id/7000000000018085,http://data.ordnancesurvey.co.uk/ontology/admingeo/District,Kent,http://data.ordnancesurvey.co.uk/id/7000000000018210,http://data.ordnancesurvey.co.uk/ontology/admingeo/County,South East,http://data.ordnancesurvey.co.uk/id/7000000000041421,England,http://data.ordnancesurvey.co.uk/id/country/england,,,
osgb4000000032996193,http://data.ordnancesurvey.co.uk/id/4000000032996193,Bouverie Road West,,,,transportNetwork,Named Road,621937,135724,8000,20000,621304,135664,622565,135904,CT20,http://data.ordnancesurvey.co.uk/id/postcodedistrict/CT20,Folkestone,http://data.ordnancesurvey.co.uk/id/4000000074566736,http://www.ordnancesurvey.co.uk/xml/codelists/localtype.xml#town,Folkestone and Hythe,http://data.ordnancesurvey.co.uk/id/7000000000018085,http://data.ordnancesurvey.co.uk/ontology/admingeo/District,Kent,http://data.ordnancesurvey.co.uk/id/7000000000018210,http://data.ordnancesurvey.co.uk/ontology/admingeo/County,South East,http://data.ordnancesurvey.co.uk/id/7000000000041421,England,http://data.ordnancesurvey.co.uk/id/country/england,,,
osgb4000000032997617,http://data.ordnancesurvey.co.uk/id/4000000032997617,Coombe Road,,,,transportNetwork,Named Road,620855,136697,1000,20000,620837,136624,620872,136766,CT19,http://data.ordnancesurvey.co.uk/id/postcodedistrict/CT19,Folkestone,http://data.ordnancesurvey.co.uk/id/4000000074566736,http://www.ordnancesurvey.co.uk/xml/codelists/localtype.xml#town,Folkestone and Hythe,http://data.ordnancesurvey.co.uk/id/7000000000018085,http://data.ordnancesurvey.co.uk/ontology/admingeo/District,Kent,http://data.ordnancesurvey.co.uk/id/7000000000018210,http://data.ordnancesurvey.co.uk/ontology/admingeo/County,South East,http://data.ordnancesurvey.co.uk/id/7000000000041421,England,http://data.ordnancesurvey.co.uk/id/country/england,,,
osgb4000000032999671,http://data.ordnancesurvey.co.uk/id/4000000032999671,Old Mead,,,,transportNetwork,Named Road,621467,137278,1000,20000,621411,137208,621472,137345,CT19,http://data.ordnancesurvey.co.uk/id/postcodedistrict/CT19,Folkestone,http://data.ordnancesurvey.co.uk/id/4000000074566736,http://www.ordnancesurvey.co.uk/xml/codelists/localtype.xml#town,Folkestone and Hythe,http://data.ordnancesurvey.co.uk/id/7000000000018085,http://data.ordnancesurvey.co.uk/ontology/admingeo/District,Kent,http://data.ordnancesurvey.co.uk/id/7000000000018210,http://data.ordnancesurvey.co.uk/ontology/admingeo/County,South East,http://data.ordnancesurvey.co.uk/id/7000000000041421,England,http://data.ordnancesurvey.co.uk/id/country/england,,,
osgb4000000032999700,http://data.ordnancesurvey.co.uk/id/4000000032999700,Megone Close,,,,transportNetwork,Named Road,621173,139819,1000,20000,621138,139810,621209,139831,CT18,http://data.ordnancesurvey.co.uk/id/postcodedistrict/CT18,Hawkinge,http://data.ordnancesurvey.co.uk/id/4000000074566747,http://www.ordnancesurvey.co.uk/xml/codelists/localtype.xml#village,Folkestone and Hythe,http://data.ordnancesurvey.co.uk/id/7000000000018085,http://data.ordnancesurvey.co.uk/ontology/admingeo/District,Kent,http://data.ordnancesurvey.co.uk/id/7000000000018210,http://data.ordnancesurvey.co.uk/ontology/admingeo/County,South East,http://data.ordnancesurvey.co.uk/id/7000000000041421,England,http://data.ordnancesurvey.co.uk/id/country/england,,,
osgb4000000033001868,http://data.ordnancesurvey.co.uk/id/4000000033001868,Haven Drive,,,,transportNetwork,Named Road,621126,139672,3000,20000,621042,139482,621386,139886,CT18,http://data.ordnancesurvey.co.uk/id/postcodedistrict/CT18,Hawkinge,http://data.ordnancesurvey.co.uk/id/4000000074566747,http://www.ordnancesurvey.co.uk/xml/codelists/localtype.xml#village,Folkestone and Hythe,http://data.ordnancesurvey.co.uk/id/7000000000018085,http://data.ordnancesurvey.co.uk/ontology/admingeo/District,Kent,http://data.ordnancesurvey.co.uk/id/7000000000018210,http://data.ordnancesurvey.co.uk/ontology/admingeo/County,South East,http://data.ordnancesurvey.co.uk/id/7000000000041421,England,http://data.ordnancesurvey.co.uk/id/country/england,,,
osgb4000000032996240,http://data.ordnancesurvey.co.uk/id/4000000032996240,Victoria Road,,,,transportNetwork,Named Road,624916,138604,3000,20000,624848,138334,625015,138812,CT18,http://data.ordnancesurvey.co.uk/id/postcodedistrict/CT18,Capel-le-Ferne,http://data.ordnancesurvey.co.uk/id/4000000074568384,http://www.ordnancesurvey.co.uk/xml/codelists/localtype.xml#village,Dover,http://data.ordnancesurvey.co.uk/id/7000000000017977,http://data.ordnancesurvey.co.uk/ontology/admingeo/District,Kent,http://data.ordnancesurvey.co.uk/id/7000000000018210,http://data.ordnancesurvey.co.uk/ontology/admingeo/County,South East,http://data.ordnancesurvey.co.uk/id/7000000000041421,England,http://data.ordnancesurvey.co.uk/id/country/england,,,
osgb4000000067709000,http://data.ordnancesurvey.co.uk/id/4000000067709000,Walmer Way,,,,transportNetwork,Named Road,620628,136212,1000,20000,620600,136187,620660,136238,CT20,http://data.ordnancesurvey.co.uk/id/postcodedistrict/CT20,Folkestone,http://data.ordnancesurvey.co.uk/id/4000000074566736,http://www.ordnancesurvey.co.uk/xml/codelists/localtype.xml#town,Folkestone and Hythe,http://data.ordnancesurvey.co.uk/id/7000000000018085,http://data.ordnancesurvey.co.uk/ontology/admingeo/District,Kent,http://data.ordnancesurvey.co.uk/id/7000000000018210,http://data.ordnancesurvey.co.uk/ontology/admingeo/County,South East,http://data.ordnancesurvey.co.uk/id/7000000000041421,England,http://data.ordnancesurvey.co.uk/id/country/england,,,
osgb4000000032995458,http://data.ordnancesurvey.co.uk/id/4000000032995458,Green Lane,,,,transportNetwork,Named Road,623169,137218,3000,20000,623050,136928,623297,137450,CT19,http://data.ordnancesurvey.co.uk/id/postcodedistrict/CT19,Folkestone,http://data.ordnancesurvey.co.uk/id/4000000074566736,http://www.ordnancesurvey.co.uk/xml/codelists/localtype.xml#town,Folkestone and Hythe,http://data.ordnancesurvey.co.uk/id/7000000000018085,http://data.ordnancesurvey.co.uk/ontology/admingeo/District,Kent,http://data.ordnancesurvey.co.uk/id/7000000000018210,http://data.ordnancesurvey.co.uk/ontology/admingeo/County,South East,http://data.ordnancesurvey.co.uk/id/7000000000041421,England,http://data.ordnancesurvey.co.uk/id/country/england,,,
osgb5000005174411376,http://data.ordnancesurvey.co.uk/id/5000005174411376,Augusta Gardens,,,,transportNetwork,Named Road,622131,135710,1000,20000,622039,135710,622223,135756,CT20,http://data.ordnancesurvey.co.uk/id/postcodedistrict/CT20,Folkestone,http://data.ordnancesurvey.co.uk/id/4000000074566736,http://www.ordnancesurvey.co.uk/xml/codelists/localtype.xml#town,Folkestone and Hythe,http://data.ordnancesurvey.co.uk/id/7000000000018085,http://data.ordnancesurvey.co.uk/ontology/admingeo/District,Kent,http://data.ordnancesurvey.co.uk/id/7000000000018210,http://data.ordnancesurvey.co.uk/ontology/admingeo/County,South East,http://data.ordnancesurvey.co.uk/id/7000000000041421,England,http://data.ordnancesurvey.co.uk/id/country/england,,,
osgb4000000032999627,http://data.ordnancesurvey.co.uk/id/4000000032999627,Bellevue Street,,,,transportNetwork,Named Road,622921,136361,1000,20000,622884,136328,622954,136403,CT20,http://data.ordnancesurvey.co.uk/id/postcodedistrict/CT20,Folkestone,http://data.ordnancesurvey.co.uk/id/4000000074566736,http://www.ordnancesurvey.co.uk/xml/codelists/localtype.xml#town,Folkestone and Hythe,http://data.ordnancesurvey.co.uk/id/7000000000018085,http://data.ordnancesurvey.co.uk/ontology/admingeo/District,Kent,http://data.ordnancesurvey.co.uk/id/7000000000018210,http://data.ordnancesurvey.co.uk/ontology/admingeo/County,South East,http://data.ordnancesurvey.co.uk/id/7000000000041421,England,http://data.ordnancesurvey.co.uk/id/country/england,,,
osgb4000000033001196,http://data.ordnancesurvey.co.uk/id/4000000033001196,East Street,,,,transportNetwork,Named Road,623388,136110,1000,20000,623354,136076,623415,136114,CT19,http://data.ordnancesurvey.co.uk/id/postcodedistrict/CT19,Folkestone,http://data.ordnancesurvey.co.uk/id/4000000074566736,http://www.ordnancesurvey.co.uk/xml/codelists/localtype.xml#town,Folkestone and Hythe,http://data.ordnancesurvey.co.uk/id/7000000000018085,http://data.ordnancesurvey.co.uk/ontology/admingeo/District,Kent,http://data.ordnancesurvey.co.uk/id/7000000000018210,http://data.ordnancesurvey.co.uk/ontology/admingeo/County,South East,http://data.ordnancesurvey.co.uk/id/7000000000041421,England,http://data.ordnancesurvey.co.uk/id/country/england,,,
osgb4000000032997592,http://data.ordnancesurvey.co.uk/id/4000000032997592,Laurel Close,,,,transportNetwork,Named Road,620354,136537,1000,20000,620245,136513,620467,136553,CT20,http://data.ordnancesurvey.co.uk/id/postcodedistrict/CT20,Folkestone,http://data.ordnancesurvey.co.uk/id/4000000074566736,http://www.ordnancesurvey.co.uk/xml/codelists/localtype.xml#town,Folkestone and Hythe,http://data.ordnancesurvey.co.uk/id/7000000000018085,http://data.ordnancesurvey.co.uk/ontology/admingeo/District,Kent,http://data.ordnancesurvey.co.uk/id/7000000000018210,http://data.ordnancesurvey.co.uk/ontology/admingeo/County,South East,http://data.ordnancesurvey.co.uk/id/7000000000041421,England,http://data.ordnancesurvey.co.uk/id/country/england,,,
osgb4000000032997605,http://data.ordnancesurvey.co.uk/id/4000000032997605,Croft Lane,,,,transportNetwork,Named Road,620793,136299,1000,20000,620779,136240,620888,136303,CT20,http://data.ordnancesurvey.co.uk/id/postcodedistrict/CT20,Folkestone,http://data.ordnancesurvey.co.uk/id/4000000074566736,http://www.ordnancesurvey.co.uk/xml/codelists/localtype.xml#town,Folkestone and Hythe,http://data.ordnancesurvey.co.uk/id/7000000000018085,http://data.ordnancesurvey.co.uk/ontology/admingeo/District,Kent,http://data.ordnancesurvey.co.uk/id/7000000000018210,http://data.ordnancesurvey.co.uk/ontology/admingeo/County,South East,http://data.ordnancesurvey.co.uk/id/7000000000041421,England,http://data.ordnancesurvey.co.uk/id/country/england,,,
osgb4000000032997646,http://data.ordnancesurvey.co.uk/id/4000000032997646,Grace Hill,,,,transportNetwork,Named Road,622853,136190,1000,20000,622788,136127,622920,136243,CT20,http://data.ordnancesurvey.co.uk/id/postcodedistrict/CT20,Folkestone,http://data.ordnancesurvey.co.uk/id/4000000074566736,http://www.ordnancesurvey.co.uk/xml/codelists/localtype.xml#town,Folkestone and Hythe,http://data.ordnancesurvey.co.uk/id/7000000000018085,http://data.ordnancesurvey.co.uk/ontology/admingeo/District,Kent,http://data.ordnancesurvey.co.uk/id/7000000000018210,http://data.ordnancesurvey.co.uk/ontology/admingeo/County,South East,http://data.ordnancesurvey.co.uk/id/7000000000041421,England,http://data.ordnancesurvey.co.uk/id/country/england,,,
osgb4000000032997743,http://data.ordnancesurvey.co.uk/id/4000000032997743,Albert Road,,,,transportNetwork,Named Road,625041,138461,1000,20000,625038,138449,625083,138574,CT18,http://data.ordnancesurvey.co.uk/id/postcodedistrict/CT18,Capel-le-Ferne,http://data.ordnancesurvey.co.uk/id/4000000074568384,http://www.ordnancesurvey.co.uk/xml/codelists/localtype.xml#village,Dover,http://data.ordnancesurvey.co.uk/id/7000000000017977,http://data.ordnancesurvey.co.uk/ontology/admingeo/District,Kent,http://data.ordnancesurvey.co.uk/id/7000000000018210,http://data.ordnancesurvey.co.uk/ontology/admingeo/County,South East,http://data.ordnancesurvey.co.uk/id/7000000000041421,England,http://data.ordnancesurvey.co.uk/id/country/england,,,
osgb4000000032997655,http://data.ordnancesurvey.co.uk/id/4000000032997655,Parkfield Road,,,,transportNetwork,Named Road,622363,136740,1000,20000,622290,136739,622447,136750,CT19,http://data.ordnancesurvey.co.uk/id/postcodedistrict/CT19,Folkestone,http://data.ordnancesurvey.co.uk/id/4000000074566736,http://www.ordnancesurvey.co.uk/xml/codelists/localtype.xml#town,Folkestone and Hythe,http://data.ordnancesurvey.co.uk/id/7000000000018085,http://data.ordnancesurvey.co.uk/ontology/admingeo/District,Kent,http://data.ordnancesurvey.co.uk/id/7000000000018210,http://data.ordnancesurvey.co.uk/ontology/admingeo/County,South East,http://data.ordnancesurvey.co.uk/id/7000000000041421,England,http://data.ordnancesurvey.co.uk/id/country/england,,,
osgb4000000032996213,http://data.ordnancesurvey.co.uk/id/4000000032996213,Caesar's Way,,,,transportNetwork,Named Road,620487,137376,2000,20000,620487,137249,620516,137508,CT19,http://data.ordnancesurvey.co.uk/id/postcodedistrict/CT19,Folkestone,http://data.ordnancesurvey.co.uk/id/4000000074566736,http://www.ordnancesurvey.co.uk/xml/codelists/localtype.xml#town,Folkestone and Hythe,http://data.ordnancesurvey.co.uk/id/7000000000018085,http://data.ordnancesurvey.co.uk/ontology/admingeo/District,Kent,http://data.ordnancesurvey.co.uk/id/7000000000018210,http://data.ordnancesurvey.co.uk/ontology/admingeo/County,South East,http://data.ordnancesurvey.co.uk/id/7000000000041421,England,http://data.ordnancesurvey.co.uk/id/country/england,,,
osgb4000000032999607,http://data.ordnancesurvey.co.uk/id/4000000032999607,Longford Way,,,,transportNetwork,Named Road,622656,135730,1000,20000,622623,135719,622684,135741,CT20,http://data.ordnancesurvey.co.uk/id/postcodedistrict/CT20,Folkestone,http://data.ordnancesurvey.co.uk/id/4000000074566736,http://www.ordnancesurvey.co.uk/xml/codelists/localtype.xml#town,Folkestone and Hythe,http://data.ordnancesurvey.co.uk/id/7000000000018085,http://data.ordnancesurvey.co.uk/ontology/admingeo/District,Kent,http://data.ordnancesurvey.co.uk/id/7000000000018210,http://data.ordnancesurvey.co.uk/ontology/admingeo/County,South East,http://data.ordnancesurvey.co.uk/id/7000000000041421,England,http://data.ordnancesurvey.co.uk/id/country/england,,,
osgb4000000032999601,http://data.ordnancesurvey.co.uk/id/4000000032999601,Broadfield Crescent,,,,transportNetwork,Named Road,621231,136260,1000,20000,621151,136237,621246,136333,CT20,http://data.ordnancesurvey.co.uk/id/postcodedistrict/CT20,Folkestone,http://data.ordnancesurvey.co.uk/id/4000000074566736,http://www.ordnancesurvey.co.uk/xml/codelists/localtype.xml#town,Folkestone and Hythe,http://data.ordnancesurvey.co.uk/id/7000000000018085,http://data.ordnancesurvey.co.uk/ontology/admingeo/District,Kent,http://data.ordnancesurvey.co.uk/id/7000000000018210,http://data.ordnancesurvey.co.uk/ontology/admingeo/County,South East,http://data.ordnancesurvey.co.uk/id/7000000000041421,England,http://data.ordnancesurvey.co.uk/id/country/england,,,
osgb4000000032999706,http://data.ordnancesurvey.co.uk/id/4000000032999706,The Pasture,,,,transportNetwork,Named Road,621879,139824,1000,20000,621846,139790,621904,139861,CT18,http://data.ordnancesurvey.co.uk/id/postcodedistrict/CT18,Hawkinge,http://data.ordnancesurvey.co.uk/id/4000000074566747,http://www.ordnancesurvey.co.uk/xml/codelists/localtype.xml#village,Folkestone and Hythe,http://data.ordnancesurvey.co.uk/id/7000000000018085,http://data.ordnancesurvey.co.uk/ontology/admingeo/District,Kent,http://data.ordnancesurvey.co.uk/id/7000000000018210,http://data.ordnancesurvey.co.uk/ontology/admingeo/County,South East,http://data.ordnancesurvey.co.uk/id/7000000000041421,England,http://data.ordnancesurvey.co.uk/id/country/england,,,
osgb4000000033001181,http://data.ordnancesurvey.co.uk/id/4000000033001181,Mount Pleasant Road,,,,transportNetwork,Named Road,622852,136380,1000,20000,622851,136332,622900,136381,CT20,http://data.ordnancesurvey.co.uk/id/postcodedistrict/CT20,Folkestone,http://data.ordnancesurvey.co.uk/id/4000000074566736,http://www.ordnancesurvey.co.uk/xml/codelists/localtype.xml#town,Folkestone and Hythe,http://data.ordnancesurvey.co.uk/id/7000000000018085,http://data.ordnancesurvey.co.uk/ontology/admingeo/District,Kent,http://data.ordnancesurvey.co.uk/id/7000000000018210,http://data.ordnancesurvey.co.uk/ontology/admingeo/County,South East,http://data.ordnancesurvey.co.uk/id/7000000000041421,England,http://data.ordnancesurvey.co.uk/id/country/england,,,
osgb4000000033001195,http://data.ordnancesurvey.co.uk/id/4000000033001195,Telford Court,,,,transportNetwork,Named Road,623105,136838,1000,20000,623088,136829,623113,136860,CT19,http://data.ordnancesurvey.co.uk/id/postcodedistrict/CT19,Folkestone,http://data.ordnancesurvey.co.uk/id/4000000074566736,http://www.ordnancesurvey.co.uk/xml/codelists/localtype.xml#town,Folkestone and Hythe,http://data.ordnancesurvey.co.uk/id/7000000000018085,http://data.ordnancesurvey.co.uk/ontology/admingeo/District,Kent,http://data.ordnancesurvey.co.uk/id/7000000000018210,http://data.ordnancesurvey.co.uk/ontology/admingeo/County,South East,http://data.ordnancesurvey.co.uk/id/7000000000041421,England,http://data.ordnancesurvey.co.uk/id/country/england,,,
osgb4000000033001208,http://data.ordnancesurvey.co.uk/id/4000000033001208,Linksway Close,,,,transportNetwork,Named Road,621573,137516,1000,20000,621556,137494,621594,137528,CT19,http://data.ordnancesurvey.co.uk/id/postcodedistrict/CT19,Folkestone,http://data.ordnancesurvey.co.uk/id/4000000074566736,http://www.ordnancesurvey.co.uk/xml/codelists/localtype.xml#town,Folkestone and Hythe,http://data.ordnancesurvey.co.uk/id/7000000000018085,http://data.ordnancesurvey.co.uk/ontology/admingeo/District,Kent,http://data.ordnancesurvey.co.uk/id/7000000000018210,http://data.ordnancesurvey.co.uk/ontology/admingeo/County,South East,http://data.ordnancesurvey.co.uk/id/7000000000041421,England,http://data.ordnancesurvey.co.uk/id/country/england,,,
osgb4000000032997725,http://data.ordnancesurvey.co.uk/id/4000000032997725,Hollands Avenue,,,,transportNetwork,Named Road,623941,137471,2000,20000,623862,137348,624051,137582,CT19,http://data.ordnancesurvey.co.uk/id/postcodedistrict/CT19,Folkestone,http://data.ordnancesurvey.co.uk/id/4000000074566736,http://www.ordnancesurvey.co.uk/xml/codelists/localtype.xml#town,Folkestone and Hythe,http://data.ordnancesurvey.co.uk/id/7000000000018085,http://data.ordnancesurvey.co.uk/ontology/admingeo/District,Kent,http://data.ordnancesurvey.co.uk/id/7000000000018210,http://data.ordnancesurvey.co.uk/ontology/admingeo/County,South East,http://data.ordnancesurvey.co.uk/id/7000000000041421,England,http://data.ordnancesurvey.co.uk/id/country/england,,,
osgb4000000068752604,http://data.ordnancesurvey.co.uk/id/4000000068752604,Ingles Lane,,,,transportNetwork,Named Road,622358,136258,1000,20000,622220,136242,622445,136275,CT20,http://data.ordnancesurvey.co.uk/id/postcodedistrict/CT20,Folkestone,http://data.ordnancesurvey.co.uk/id/4000000074566736,http://www.ordnancesurvey.co.uk/xml/codelists/localtype.xml#town,Folkestone and Hythe,http://data.ordnancesurvey.co.uk/id/7000000000018085,http://data.ordnancesurvey.co.uk/ontology/admingeo/District,Kent,http://data.ordnancesurvey.co.uk/id/7000000000018210,http://data.ordnancesurvey.co.uk/ontology/admingeo/County,South East,http://data.ordnancesurvey.co.uk/id/7000000000041421,England,http://data.ordnancesurvey.co.uk/id/country/england,,,
osgb4000000032995074,http://data.ordnancesurvey.co.uk/id/4000000032995074,Elvington Lane,,,,transportNetwork,Named Road,620250,138841,9000,20000,620209,138209,620607,139569,CT18,http://data.ordnancesurvey.co.uk/id/postcodedistrict/CT18,Elvington,http://data.ordnancesurvey.co.uk/id/4000000074566746,http://www.ordnancesurvey.co.uk/xml/codelists/localtype.xml#hamlet,Folkestone and Hythe,http://data.ordnancesurvey.co.uk/id/7000000000018085,http://data.ordnancesurvey.co.uk/ontology/admingeo/District,Kent,http://data.ordnancesurvey.co.uk/id/7000000000018210,http://data.ordnancesurvey.co.uk/ontology/admingeo/County,South East,http://data.ordnancesurvey.co.uk/id/7000000000041421,England,http://data.ordnancesurvey.co.uk/id/country/england,,,
osgb4000000032999656,http://data.ordnancesurvey.co.uk/id/4000000032999656,Burrow Road,,,,transportNetwork,Named Road,623500,136618,1000,20000,623482,136568,623560,136659,CT19,http://data.ordnancesurvey.co.uk/id/postcodedistrict/CT19,Folkestone,http://data.ordnancesurvey.co.uk/id/4000000074566736,http://www.ordnancesurvey.co.uk/xml/codelists/localtype.xml#town,Folkestone and Hythe,http://data.ordnancesurvey.co.uk/id/7000000000018085,http://data.ordnancesurvey.co.uk/ontology/admingeo/District,Kent,http://data.ordnancesurvey.co.uk/id/7000000000018210,http://data.ordnancesurvey.co.uk/ontology/admingeo/County,South East,http://data.ordnancesurvey.co.uk/id/7000000000041421,England,http://data.ordnancesurvey.co.uk/id/country/england,,,
osgb4000000032997734,http://data.ordnancesurvey.co.uk/id/4000000032997734,Harvest Way,,,,transportNetwork,Named Road,621912,139749,1000,20000,621819,139657,622010,139818,CT18,http://data.ordnancesurvey.co.uk/id/postcodedistrict/CT18,Hawkinge,http://data.ordnancesurvey.co.uk/id/4000000074566747,http://www.ordnancesurvey.co.uk/xml/codelists/localtype.xml#village,Folkestone and Hythe,http://data.ordnancesurvey.co.uk/id/7000000000018085,http://data.ordnancesurvey.co.uk/ontology/admingeo/District,Kent,http://data.ordnancesurvey.co.uk/id/7000000000018210,http://data.ordnancesurvey.co.uk/ontology/admingeo/County,South East,http://data.ordnancesurvey.co.uk/id/7000000000041421,England,http://data.ordnancesurvey.co.uk/id/country/england,,,
osgb4000000032996218,http://data.ordnancesurvey.co.uk/id/4000000032996218,Lucy Avenue,,,,transportNetwork,Named Road,621498,137353,2000,20000,621345,137066,621680,137376,CT19,http://data.ordnancesurvey.co.uk/id/postcodedistrict/CT19,Folkestone,http://data.ordnancesurvey.co.uk/id/4000000074566736,http://www.ordnancesurvey.co.uk/xml/codelists/localtype.xml#town,Folkestone and Hythe,http://data.ordnancesurvey.co.uk/id/7000000000018085,http://data.ordnancesurvey.co.uk/ontology/admingeo/District,Kent,http://data.ordnancesurvey.co.uk/id/7000000000018210,http://data.ordnancesurvey.co.uk/ontology/admingeo/County,South East,http://data.ordnancesurvey.co.uk/id/7000000000041421,England,http://data.ordnancesurvey.co.uk/id/country/england,,,
osgb5000005204280270,http://data.ordnancesurvey.co.uk/id/5000005204280270,Hornbeam Way,,,,transportNetwork,Named Road,621267,139198,1000,20000,621267,139177,621319,139250,CT18,http://data.ordnancesurvey.co.uk/id/postcodedistrict/CT18,Hawkinge,http://data.ordnancesurvey.co.uk/id/4000000074566747,http://www.ordnancesurvey.co.uk/xml/codelists/localtype.xml#village,Folkestone and Hythe,http://data.ordnancesurvey.co.uk/id/7000000000018085,http://data.ordnancesurvey.co.uk/ontology/admingeo/District,Kent,http://data.ordnancesurvey.co.uk/id/7000000000018210,http://data.ordnancesurvey.co.uk/ontology/admingeo/County,South East,http://data.ordnancesurvey.co.uk/id/7000000000041421,England,http://data.ordnancesurvey.co.uk/id/country/england,,,
osgb4000000033047125,http://data.ordnancesurvey.co.uk/id/4000000033047125,Academy Lane,,,,transportNetwork,Named Road,621768,137287,1000,20000,621677,137190,621867,137409,CT19,http://data.ordnancesurvey.co.uk/id/postcodedistrict/CT19,Folkestone,http://data.ordnancesurvey.co.uk/id/4000000074566736,http://www.ordnancesurvey.co.uk/xml/codelists/localtype.xml#town,Folkestone and Hythe,http://data.ordnancesurvey.co.uk/id/7000000000018085,http://data.ordnancesurvey.co.uk/ontology/admingeo/District,Kent,http://data.ordnancesurvey.co.uk/id/7000000000018210,http://data.ordnancesurvey.co.uk/ontology/admingeo/County,South East,http://data.ordnancesurvey.co.uk/id/7000000000041421,England,http://data.ordnancesurvey.co.uk/id/country/england,,,
osgb4000000032996210,http://data.ordnancesurvey.co.uk/id/4000000032996210,Warren Way,,,,transportNetwork,Named Road,623817,136917,1000,20000,623753,136806,623846,137020,CT19,http://data.ordnancesurvey.co.uk/id/postcodedistrict/CT19,Folkestone,http://data.ordnancesurvey.co.uk/id/4000000074566736,http://www.ordnancesurvey.co.uk/xml/codelists/localtype.xml#town,Folkestone and Hythe,http://data.ordnancesurvey.co.uk/id/7000000000018085,http://data.ordnancesurvey.co.uk/ontology/admingeo/District,Kent,http://data.ordnancesurvey.co.uk/id/7000000000018210,http://data.ordnancesurvey.co.uk/ontology/admingeo/County,South East,http://data.ordnancesurvey.co.uk/id/7000000000041421,England,http://data.ordnancesurvey.co.uk/id/country/england,,,
osgb4000000032997724,http://data.ordnancesurvey.co.uk/id/4000000032997724,Wood Avenue,,,,transportNetwork,Named Road,623142,137378,3000,20000,622880,137247,623399,137470,CT19,http://data.ordnancesurvey.co.uk/id/postcodedistrict/CT19,Folkestone,http://data.ordnancesurvey.co.uk/id/4000000074566736,http://www.ordnancesurvey.co.uk/xml/codelists/localtype.xml#town,Folkestone and Hythe,http://data.ordnancesurvey.co.uk/id/7000000000018085,http://data.ordnancesurvey.co.uk/ontology/admingeo/District,Kent,http://data.ordnancesurvey.co.uk/id/7000000000018210,http://data.ordnancesurvey.co.uk/ontology/admingeo/County,South East,http://data.ordnancesurvey.co.uk/id/7000000000041421,England,http://data.ordnancesurvey.co.uk/id/country/england,,,
osgb5000005232270371,http://data.ordnancesurvey.co.uk/id/5000005232270371,Gurkha Way,,,,transportNetwork,Named Road,620059,135840,1000,20000,620014,135834,620101,135864,CT20,http://data.ordnancesurvey.co.uk/id/postcodedistrict/CT20,Folkestone,http://data.ordnancesurvey.co.uk/id/4000000074566736,http://www.ordnancesurvey.co.uk/xml/codelists/localtype.xml#town,Folkestone and Hythe,http://data.ordnancesurvey.co.uk/id/7000000000018085,http://data.ordnancesurvey.co.uk/ontology/admingeo/District,Kent,http://data.ordnancesurvey.co.uk/id/7000000000018210,http://data.ordnancesurvey.co.uk/ontology/admingeo/County,South East,http://data.ordnancesurvey.co.uk/id/7000000000041421,England,http://data.ordnancesurvey.co.uk/id/country/england,,,
osgb4000000032999654,http://data.ordnancesurvey.co.uk/id/4000000032999654,Folly Road,,,,transportNetwork,Named Road,623406,136705,1000,20000,623365,136684,623454,136721,CT20,http://data.ordnancesurvey.co.uk/id/postcodedistrict/CT20,Folkestone,http://data.ordnancesurvey.co.uk/id/4000000074566736,http://www.ordnancesurvey.co.uk/xml/codelists/localtype.xml#town,Folkestone and Hythe,http://data.ordnancesurvey.co.uk/id/7000000000018085,http://data.ordnancesurvey.co.uk/ontology/admingeo/District,Kent,http://data.ordnancesurvey.co.uk/id/7000000000018210,http://data.ordnancesurvey.co.uk/ontology/admingeo/County,South East,http://data.ordnancesurvey.co.uk/id/7000000000041421,England,http://data.ordnancesurvey.co.uk/id/country/england,,,
osgb4000000032999639,http://data.ordnancesurvey.co.uk/id/4000000032999639,Bolton Road,,,,transportNetwork,Named Road,622966,136721,1000,20000,622912,136686,623006,136749,CT19,http://data.ordnancesurvey.co.uk/id/postcodedistrict/CT19,Folkestone,http://data.ordnancesurvey.co.uk/id/4000000074566736,http://www.ordnancesurvey.co.uk/xml/codelists/localtype.xml#town,Folkestone and Hythe,http://data.ordnancesurvey.co.uk/id/7000000000018085,http://data.ordnancesurvey.co.uk/ontology/admingeo/District,Kent,http://data.ordnancesurvey.co.uk/id/7000000000018210,http://data.ordnancesurvey.co.uk/ontology/admingeo/County,South East,http://data.ordnancesurvey.co.uk/id/7000000000041421,England,http://data.ordnancesurvey.co.uk/id/country/england,,,
osgb4000000032999569,http://data.ordnancesurvey.co.uk/id/4000000032999569,Lister Way,,,,transportNetwork,Named Road,620813,135256,1000,20000,620793,135234,620838,135294,CT20,http://data.ordnancesurvey.co.uk/id/postcodedistrict/CT20,Folkestone,http://data.ordnancesurvey.co.uk/id/4000000074566736,http://www.ordnancesurvey.co.uk/xml/codelists/localtype.xml#town,Folkestone and Hythe,http://data.ordnancesurvey.co.uk/id/7000000000018085,http://data.ordnancesurvey.co.uk/ontology/admingeo/District,Kent,http://data.ordnancesurvey.co.uk/id/7000000000018210,http://data.ordnancesurvey.co.uk/ontology/admingeo/County,South East,http://data.ordnancesurvey.co.uk/id/7000000000041421,England,http://data.ordnancesurvey.co.uk/id/country/england,,,
osgb4000000032999641,http://data.ordnancesurvey.co.uk/id/4000000032999641,Ernwell Road,,,,transportNetwork,Named Road,622823,136977,1000,20000,622823,136941,622884,136977,CT19,http://data.ordnancesurvey.co.uk/id/postcodedistrict/CT19,Folkestone,http://data.ordnancesurvey.co.uk/id/4000000074566736,http://www.ordnancesurvey.co.uk/xml/codelists/localtype.xml#town,Folkestone and Hythe,http://data.ordnancesurvey.co.uk/id/7000000000018085,http://data.ordnancesurvey.co.uk/ontology/admingeo/District,Kent,http://data.ordnancesurvey.co.uk/id/7000000000018210,http://data.ordnancesurvey.co.uk/ontology/admingeo/County,South East,http://data.ordnancesurvey.co.uk/id/7000000000041421,England,http://data.ordnancesurvey.co.uk/id/country/england,,,
osgb4000000032996191,http://data.ordnancesurvey.co.uk/id/4000000032996191,Christ Church Road,,,,transportNetwork,Named Road,622309,135890,3000,20000,622229,135690,622388,136101,CT20,http://data.ordnancesurvey.co.uk/id/postcodedistrict/CT20,Folkestone,http://data.ordnancesurvey.co.uk/id/4000000074566736,http://www.ordnancesurvey.co.uk/xml/codelists/localtype.xml#town,Folkestone and Hythe,http://data.ordnancesurvey.co.uk/id/7000000000018085,http://data.ordnancesurvey.co.uk/ontology/admingeo/District,Kent,http://data.ordnancesurvey.co.uk/id/7000000000018210,http://data.ordnancesurvey.co.uk/ontology/admingeo/County,South East,http://data.ordnancesurvey.co.uk/id/7000000000041421,England,http://data.ordnancesurvey.co.uk/id/country/england,,,
osgb4000000032997712,http://data.ordnancesurvey.co.uk/id/4000000032997712,Athelstan Road,,,,transportNetwork,Named Road,622983,137233,1000,20000,622903,137202,623050,137268,CT19,http://data.ordnancesurvey.co.uk/id/postcodedistrict/CT19,Folkestone,http://data.ordnancesurvey.co.uk/id/4000000074566736,http://www.ordnancesurvey.co.uk/xml/codelists/localtype.xml#town,Folkestone and Hythe,http://data.ordnancesurvey.co.uk/id/7000000000018085,http://data.ordnancesurvey.co.uk/ontology/admingeo/District,Kent,http://data.ordnancesurvey.co.uk/id/7000000000018210,http://data.ordnancesurvey.co.uk/ontology/admingeo/County,South East,http://data.ordnancesurvey.co.uk/id/7000000000041421,England,http://data.ordnancesurvey.co.uk/id/country/england,,,
osgb4000000032997704,http://data.ordnancesurvey.co.uk/id/4000000032997704,Swann Way,,,,transportNetwork,Named Road,621461,139615,1000,20000,621410,139581,621515,139643,CT18,http://data.ordnancesurvey.co.uk/id/postcodedistrict/CT18,Hawkinge,http://data.ordnancesurvey.co.uk/id/4000000074566747,http://www.ordnancesurvey.co.uk/xml/codelists/localtype.xml#village,Folkestone and Hythe,http://data.ordnancesurvey.co.uk/id/7000000000018085,http://data.ordnancesurvey.co.uk/ontology/admingeo/District,Kent,http://data.ordnancesurvey.co.uk/id/7000000000018210,http://data.ordnancesurvey.co.uk/ontology/admingeo/County,South East,http://data.ordnancesurvey.co.uk/id/7000000000041421,England,http://data.ordnancesurvey.co.uk/id/country/england,,,
osgb5000005255964055,http://data.ordnancesurvey.co.uk/id/5000005255964055,Rowan Way,,,,transportNetwork,Named Road,621440,139200,1000,20000,621404,139152,621489,139230,CT18,http://data.ordnancesurvey.co.uk/id/postcodedistrict/CT18,Hawkinge,http://data.ordnancesurvey.co.uk/id/4000000074566747,http://www.ordnancesurvey.co.uk/xml/codelists/localtype.xml#village,Folkestone and Hythe,http://data.ordnancesurvey.co.uk/id/7000000000018085,http://data.ordnancesurvey.co.uk/ontology/admingeo/District,Kent,http://data.ordnancesurvey.co.uk/id/7000000000018210,http://data.ordnancesurvey.co.uk/ontology/admingeo/County,South East,http://data.ordnancesurvey.co.uk/id/7000000000041421,England,http://data.ordnancesurvey.co.uk/id/country/england,,,
osgb4000000032995440,http://data.ordnancesurvey.co.uk/id/4000000032995440,Enbrook Road,,,,transportNetwork,Named Road,620454,135725,4000,20000,620433,135449,620510,135998,CT20,http://data.ordnancesurvey.co.uk/id/postcodedistrict/CT20,Folkestone,http://data.ordnancesurvey.co.uk/id/4000000074566736,http://www.ordnancesurvey.co.uk/xml/codelists/localtype.xml#town,Folkestone and Hythe,http://data.ordnancesurvey.co.uk/id/7000000000018085,http://data.ordnancesurvey.co.uk/ontology/admingeo/District,Kent,http://data.ordnancesurvey.co.uk/id/7000000000018210,http://data.ordnancesurvey.co.uk/ontology/admingeo/County,South East,http://data.ordnancesurvey.co.uk/id/7000000000041421,England,http://data.ordnancesurvey.co.uk/id/country/england,,,
osgb5000005196706008,http://data.ordnancesurvey.co.uk/id/5000005196706008,Benson Close,,,,transportNetwork,Named Road,620645,139777,1000,20000,620640,139769,620662,139804,CT18,http://data.ordnancesurvey.co.uk/id/postcodedistrict/CT18,Hawkinge,http://data.ordnancesurvey.co.uk/id/4000000074566747,http://www.ordnancesurvey.co.uk/xml/codelists/localtype.xml#village,Folkestone and Hythe,http://data.ordnancesurvey.co.uk/id/7000000000018085,http://data.ordnancesurvey.co.uk/ontology/admingeo/District,Kent,http://data.ordnancesurvey.co.uk/id/7000000000018210,http://data.ordnancesurvey.co.uk/ontology/admingeo/County,South East,http://data.ordnancesurvey.co.uk/id/7000000000041421,England,http://data.ordnancesurvey.co.uk/id/country/england,,,
osgb4000000032999617,http://data.ordnancesurvey.co.uk/id/4000000032999617,London Street,,,,transportNetwork,Named Road,623259,136336,1000,20000,623203,136325,623321,136346,CT20,http://data.ordnancesurvey.co.uk/id/postcodedistrict/CT20,Folkestone,http://data.ordnancesurvey.co.uk/id/4000000074566736,http://www.ordnancesurvey.co.uk/xml/codelists/localtype.xml#town,Folkestone and Hythe,http://data.ordnancesurvey.co.uk/id/7000000000018085,http://data.ordnancesurvey.co.uk/ontology/admingeo/District,Kent,http://data.ordnancesurvey.co.uk/id/7000000000018210,http://data.ordnancesurvey.co.uk/ontology/admingeo/County,South East,http://data.ordnancesurvey.co.uk/id/7000000000041421,England,http://data.ordnancesurvey.co.uk/id/country/england,,,
c2ce0ab6-ef00-44d9-82fe-62ec114d23b0,http://data.ordnancesurvey.co.uk/id/c2ce0ab6-ef00-44d9-82fe-62ec114d23b0,White Horse Hill,,,,transportNetwork,Section Of Named Road,622070,139267,1000,25000,622070,139258,622071,139307,CT18,http://data.ordnancesurvey.co.uk/id/postcodedistrict/CT18,Hawkinge,http://data.ordnancesurvey.co.uk/id/4000000074566747,http://www.ordnancesurvey.co.uk/xml/codelists/localtype.xml#village,Folkestone and Hythe,http://data.ordnancesurvey.co.uk/id/7000000000018085,http://data.ordnancesurvey.co.uk/ontology/admingeo/District,Kent,http://data.ordnancesurvey.co.uk/id/7000000000018210,http://data.ordnancesurvey.co.uk/ontology/admingeo/County,South East,http://data.ordnancesurvey.co.uk/id/7000000000041421,England,http://data.ordnancesurvey.co.uk/id/country/england,osgb4000000032995461,,
osgb4000000032996174,http://data.ordnancesurvey.co.uk/id/4000000032996174,Turketel Road,,,,transportNetwork,Named Road,621306,135870,3000,20000,621252,135664,621351,136087,CT20,http://data.ordnancesurvey.co.uk/id/postcodedistrict/CT20,Folkestone,http://data.ordnancesurvey.co.uk/id/4000000074566736,http://www.ordnancesurvey.co.uk/xml/codelists/localtype.xml#town,Folkestone and Hythe,http://data.ordnancesurvey.co.uk/id/7000000000018085,http://data.ordnancesurvey.co.uk/ontology/admingeo/District,Kent,http://data.ordnancesurvey.co.uk/id/7000000000018210,http://data.ordnancesurvey.co.uk/ontology/admingeo/County,South East,http://data.ordnancesurvey.co.uk/id/7000000000041421,England,http://data.ordnancesurvey.co.uk/id/country/england,,,
osgb4000000032997604,http://data.ordnancesurvey.co.uk/id/4000000032997604,Baldric Road,,,,transportNetwork,Named Road,620942,136121,1000,20000,620877,136024,620984,136221,CT20,http://data.ordnancesurvey.co.uk/id/postcodedistrict/CT20,Folkestone,http://data.ordnancesurvey.co.uk/id/4000000074566736,http://www.ordnancesurvey.co.uk/xml/codelists/localtype.xml#town,Folkestone and Hythe,http://data.ordnancesurvey.co.uk/id/7000000000018085,http://data.ordnancesurvey.co.uk/ontology/admingeo/District,Kent,http://data.ordnancesurvey.co.uk/id/7000000000018210,http://data.ordnancesurvey.co.uk/ontology/admingeo/County,South East,http://data.ordnancesurvey.co.uk/id/7000000000041421,England,http://data.ordnancesurvey.co.uk/id/country/england,,,
osgb4000000032996194,http://data.ordnancesurvey.co.uk/id/4000000032996194,Cheriton Place,,,,transportNetwork,Named Road,622594,135784,1000,20000,622544,135668,622645,135876,CT20,http://data.ordnancesurvey.co.uk/id/postcodedistrict/CT20,Folkestone,http://data.ordnancesurvey.co.uk/id/4000000074566736,http://www.ordnancesurvey.co.uk/xml/codelists/localtype.xml#town,Folkestone and Hythe,http://data.ordnancesurvey.co.uk/id/7000000000018085,http://data.ordnancesurvey.co.uk/ontology/admingeo/District,Kent,http://data.ordnancesurvey.co.uk/id/7000000000018210,http://data.ordnancesurvey.co.uk/ontology/admingeo/County,South East,http://data.ordnancesurvey.co.uk/id/7000000000041421,England,http://data.ordnancesurvey.co.uk/id/country/england,,,
osgb4000000033019678,http://data.ordnancesurvey.co.uk/id/4000000033019678,Curlew Place,,,,transportNetwork,Named Road,621066,139433,1000,20000,621055,139424,621089,139437,CT18,http://data.ordnancesurvey.co.uk/id/postcodedistrict/CT18,Hawkinge,http://data.ordnancesurvey.co.uk/id/4000000074566747,http://www.ordnancesurvey.co.uk/xml/codelists/localtype.xml#village,Folkestone and Hythe,http://data.ordnancesurvey.co.uk/id/7000000000018085,http://data.ordnancesurvey.co.uk/ontology/admingeo/District,Kent,http://data.ordnancesurvey.co.uk/id/7000000000018210,http://data.ordnancesurvey.co.uk/ontology/admingeo/County,South East,http://data.ordnancesurvey.co.uk/id/7000000000041421,England,http://data.ordnancesurvey.co.uk/id/country/england,,,
osgb4000000033001226,http://data.ordnancesurvey.co.uk/id/4000000033001226,Park Close,,,,transportNetwork,Named Road,621435,139655,1000,20000,621426,139643,621450,139674,CT18,http://data.ordnancesurvey.co.uk/id/postcodedistrict/CT18,Hawkinge,http://data.ordnancesurvey.co.uk/id/4000000074566747,http://www.ordnancesurvey.co.uk/xml/codelists/localtype.xml#village,Folkestone and Hythe,http://data.ordnancesurvey.co.uk/id/7000000000018085,http://data.ordnancesurvey.co.uk/ontology/admingeo/District,Kent,http://data.ordnancesurvey.co.uk/id/7000000000018210,http://data.ordnancesurvey.co.uk/ontology/admingeo/County,South East,http://data.ordnancesurvey.co.uk/id/7000000000041421,England,http://data.ordnancesurvey.co.uk/id/country/england,,,
osgb4000000032999633,http://data.ordnancesurvey.co.uk/id/4000000032999633,Bonsor Road,,,,transportNetwork,Named Road,622500,136849,1000,20000,622469,136844,622549,136856,CT19,http://data.ordnancesurvey.co.uk/id/postcodedistrict/CT19,Folkestone,http://data.ordnancesurvey.co.uk/id/4000000074566736,http://www.ordnancesurvey.co.uk/xml/codelists/localtype.xml#town,Folkestone and Hythe,http://data.ordnancesurvey.co.uk/id/7000000000018085,http://data.ordnancesurvey.co.uk/ontology/admingeo/District,Kent,http://data.ordnancesurvey.co.uk/id/7000000000018210,http://data.ordnancesurvey.co.uk/ontology/admingeo/County,South East,http://data.ordnancesurvey.co.uk/id/7000000000041421,England,http://data.ordnancesurvey.co.uk/id/country/england,,,
osgb4000000032995462,http://data.ordnancesurvey.co.uk/id/4000000032995462,Heron Forstal Avenue,,,,transportNetwork,Named Road,621608,139548,3000,20000,621486,139411,621866,139804,CT18,http://data.ordnancesurvey.co.uk/id/postcodedistrict/CT18,Hawkinge,http://data.ordnancesurvey.co.uk/id/4000000074566747,http://www.ordnancesurvey.co.uk/xml/codelists/localtype.xml#village,Folkestone and Hythe,http://data.ordnancesurvey.co.uk/id/7000000000018085,http://data.ordnancesurvey.co.uk/ontology/admingeo/District,Kent,http://data.ordnancesurvey.co.uk/id/7000000000018210,http://data.ordnancesurvey.co.uk/ontology/admingeo/County,South East,http://data.ordnancesurvey.co.uk/id/7000000000041421,England,http://data.ordnancesurvey.co.uk/id/country/england,,,
osgb4000000032996181,http://data.ordnancesurvey.co.uk/id/4000000032996181,Broadfield Road,,,,transportNetwork,Named Road,621434,136276,2000,20000,621248,136197,621611,136292,CT20,http://data.ordnancesurvey.co.uk/id/postcodedistrict/CT20,Folkestone,http://data.ordnancesurvey.co.uk/id/4000000074566736,http://www.ordnancesurvey.co.uk/xml/codelists/localtype.xml#town,Folkestone and Hythe,http://data.ordnancesurvey.co.uk/id/7000000000018085,http://data.ordnancesurvey.co.uk/ontology/admingeo/District,Kent,http://data.ordnancesurvey.co.uk/id/7000000000018210,http://data.ordnancesurvey.co.uk/ontology/admingeo/County,South East,http://data.ordnancesurvey.co.uk/id/7000000000041421,England,http://data.ordnancesurvey.co.uk/id/country/england,,,
osgb4000000032999678,http://data.ordnancesurvey.co.uk/id/4000000032999678,Orr Close,,,,transportNetwork,Named Road,620816,139597,1000,20000,620770,139596,620853,139622,CT18,http://data.ordnancesurvey.co.uk/id/postcodedistrict/CT18,Hawkinge,http://data.ordnancesurvey.co.uk/id/4000000074566747,http://www.ordnancesurvey.co.uk/xml/codelists/localtype.xml#village,Folkestone and Hythe,http://data.ordnancesurvey.co.uk/id/7000000000018085,http://data.ordnancesurvey.co.uk/ontology/admingeo/District,Kent,http://data.ordnancesurvey.co.uk/id/7000000000018210,http://data.ordnancesurvey.co.uk/ontology/admingeo/County,South East,http://data.ordnancesurvey.co.uk/id/7000000000041421,England,http://data.ordnancesurvey.co.uk/id/country/england,,,
osgb4000000033001865,http://data.ordnancesurvey.co.uk/id/4000000033001865,Eckford Close,,,,transportNetwork,Named Road,620738,139651,1000,20000,620723,139641,620757,139663,CT18,http://data.ordnancesurvey.co.uk/id/postcodedistrict/CT18,Hawkinge,http://data.ordnancesurvey.co.uk/id/4000000074566747,http://www.ordnancesurvey.co.uk/xml/codelists/localtype.xml#village,Folkestone and Hythe,http://data.ordnancesurvey.co.uk/id/7000000000018085,http://data.ordnancesurvey.co.uk/ontology/admingeo/District,Kent,http://data.ordnancesurvey.co.uk/id/7000000000018210,http://data.ordnancesurvey.co.uk/ontology/admingeo/County,South East,http://data.ordnancesurvey.co.uk/id/7000000000041421,England,http://data.ordnancesurvey.co.uk/id/country/england,,,
osgb4000000032997616,http://data.ordnancesurvey.co.uk/id/4000000032997616,Beachborough Road,,,,transportNetwork,Named Road,621094,136455,1000,20000,621086,136358,621103,136581,CT19,http://data.ordnancesurvey.co.uk/id/postcodedistrict/CT19,Folkestone,http://data.ordnancesurvey.co.uk/id/4000000074566736,http://www.ordnancesurvey.co.uk/xml/codelists/localtype.xml#town,Folkestone and Hythe,http://data.ordnancesurvey.co.uk/id/7000000000018085,http://data.ordnancesurvey.co.uk/ontology/admingeo/District,Kent,http://data.ordnancesurvey.co.uk/id/7000000000018210,http://data.ordnancesurvey.co.uk/ontology/admingeo/County,South East,http://data.ordnancesurvey.co.uk/id/7000000000041421,England,http://data.ordnancesurvey.co.uk/id/country/england,,,
osgb5000005121999219,http://data.ordnancesurvey.co.uk/id/5000005121999219,Gibson Close,,,,transportNetwork,Named Road,620495,139740,1000,20000,620493,139729,620532,139767,CT18,http://data.ordnancesurvey.co.uk/id/postcodedistrict/CT18,Hawkinge,http://data.ordnancesurvey.co.uk/id/4000000074566747,http://www.ordnancesurvey.co.uk/xml/codelists/localtype.xml#village,Folkestone and Hythe,http://data.ordnancesurvey.co.uk/id/7000000000018085,http://data.ordnancesurvey.co.uk/ontology/admingeo/District,Kent,http://data.ordnancesurvey.co.uk/id/7000000000018210,http://data.ordnancesurvey.co.uk/ontology/admingeo/County,South East,http://data.ordnancesurvey.co.uk/id/7000000000041421,England,http://data.ordnancesurvey.co.uk/id/country/england,,,
osgb4000000033055849,http://data.ordnancesurvey.co.uk/id/4000000033055849,Peto Close,,,,transportNetwork,Named Road,622804,136576,1000,20000,622766,136560,622835,136595,CT19,http://data.ordnancesurvey.co.uk/id/postcodedistrict/CT19,Folkestone,http://data.ordnancesurvey.co.uk/id/4000000074566736,http://www.ordnancesurvey.co.uk/xml/codelists/localtype.xml#town,Folkestone and Hythe,http://data.ordnancesurvey.co.uk/id/7000000000018085,http://data.ordnancesurvey.co.uk/ontology/admingeo/District,Kent,http://data.ordnancesurvey.co.uk/id/7000000000018210,http://data.ordnancesurvey.co.uk/ontology/admingeo/County,South East,http://data.ordnancesurvey.co.uk/id/7000000000041421,England,http://data.ordnancesurvey.co.uk/id/country/england,,,
osgb4000000032997670,http://data.ordnancesurvey.co.uk/id/4000000032997670,Archer Road,,,,transportNetwork,Named Road,622972,136809,1000,20000,622877,136741,623041,136933,CT19,http://data.ordnancesurvey.co.uk/id/postcodedistrict/CT19,Folkestone,http://data.ordnancesurvey.co.uk/id/4000000074566736,http://www.ordnancesurvey.co.uk/xml/codelists/localtype.xml#town,Folkestone and Hythe,http://data.ordnancesurvey.co.uk/id/7000000000018085,http://data.ordnancesurvey.co.uk/ontology/admingeo/District,Kent,http://data.ordnancesurvey.co.uk/id/7000000000018210,http://data.ordnancesurvey.co.uk/ontology/admingeo/County,South East,http://data.ordnancesurvey.co.uk/id/7000000000041421,England,http://data.ordnancesurvey.co.uk/id/country/england,,,
osgb4000000032995438,http://data.ordnancesurvey.co.uk/id/4000000032995438,Radnor Cliff,,,,transportNetwork,Named Road,621281,135263,4000,20000,620949,135234,621605,135263,CT20,http://data.ordnancesurvey.co.uk/id/postcodedistrict/CT20,Folkestone,http://data.ordnancesurvey.co.uk/id/4000000074566736,http://www.ordnancesurvey.co.uk/xml/codelists/localtype.xml#town,Folkestone and Hythe,http://data.ordnancesurvey.co.uk/id/7000000000018085,http://data.ordnancesurvey.co.uk/ontology/admingeo/District,Kent,http://data.ordnancesurvey.co.uk/id/7000000000018210,http://data.ordnancesurvey.co.uk/ontology/admingeo/County,South East,http://data.ordnancesurvey.co.uk/id/7000000000041421,England,http://data.ordnancesurvey.co.uk/id/country/england,,,
osgb4000000033001166,http://data.ordnancesurvey.co.uk/id/4000000033001166,Ferne Way,,,,transportNetwork,Named Road,620127,136529,1000,20000,620096,136514,620157,136557,CT20,http://data.ordnancesurvey.co.uk/id/postcodedistrict/CT20,Folkestone,http://data.ordnancesurvey.co.uk/id/4000000074566736,http://www.ordnancesurvey.co.uk/xml/codelists/localtype.xml#town,Folkestone and Hythe,http://data.ordnancesurvey.co.uk/id/7000000000018085,http://data.ordnancesurvey.co.uk/ontology/admingeo/District,Kent,http://data.ordnancesurvey.co.uk/id/7000000000018210,http://data.ordnancesurvey.co.uk/ontology/admingeo/County,South East,http://data.ordnancesurvey.co.uk/id/7000000000041421,England,http://data.ordnancesurvey.co.uk/id/country/england,,,
osgb4000000033001192,http://data.ordnancesurvey.co.uk/id/4000000033001192,St Saviours Close,,,,transportNetwork,Named Road,622918,137103,1000,20000,622872,137100,622933,137106,CT19,http://data.ordnancesurvey.co.uk/id/postcodedistrict/CT19,Folkestone,http://data.ordnancesurvey.co.uk/id/4000000074566736,http://www.ordnancesurvey.co.uk/xml/codelists/localtype.xml#town,Folkestone and Hythe,http://data.ordnancesurvey.co.uk/id/7000000000018085,http://data.ordnancesurvey.co.uk/ontology/admingeo/District,Kent,http://data.ordnancesurvey.co.uk/id/7000000000018210,http://data.ordnancesurvey.co.uk/ontology/admingeo/County,South East,http://data.ordnancesurvey.co.uk/id/7000000000041421,England,http://data.ordnancesurvey.co.uk/id/country/england,,,
osgb4000000032997720,http://data.ordnancesurvey.co.uk/id/4000000032997720,Brabner Close,,,,transportNetwork,Named Road,623191,137719,1000,20000,623119,137691,623311,137760,CT19,http://data.ordnancesurvey.co.uk/id/postcodedistrict/CT19,Folkestone,http://data.ordnancesurvey.co.uk/id/4000000074566736,http://www.ordnancesurvey.co.uk/xml/codelists/localtype.xml#town,Folkestone and Hythe,http://data.ordnancesurvey.co.uk/id/7000000000018085,http://data.ordnancesurvey.co.uk/ontology/admingeo/District,Kent,http://data.ordnancesurvey.co.uk/id/7000000000018210,http://data.ordnancesurvey.co.uk/ontology/admingeo/County,South East,http://data.ordnancesurvey.co.uk/id/7000000000041421,England,http://data.ordnancesurvey.co.uk/id/country/england,,,
osgb4000000032999722,http://data.ordnancesurvey.co.uk/id/4000000032999722,St Patricks Road,,,,transportNetwork,Named Road,630370,139942,1000,20000,630343,139910,630398,139973,CT17,http://data.ordnancesurvey.co.uk/id/postcodedistrict/CT17,Dover,http://data.ordnancesurvey.co.uk/id/4000000074568379,http://www.ordnancesurvey.co.uk/xml/codelists/localtype.xml#town,Dover,http://data.ordnancesurvey.co.uk/id/7000000000017977,http://data.ordnancesurvey.co.uk/ontology/admingeo/District,Kent,http://data.ordnancesurvey.co.uk/id/7000000000018210,http://data.ordnancesurvey.co.uk/ontology/admingeo/County,South East,http://data.ordnancesurvey.co.uk/id/7000000000041421,England,http://data.ordnancesurvey.co.uk/id/country/england,,,
osgb4000000033001188,http://data.ordnancesurvey.co.uk/id/4000000033001188,Devon Road,,,,transportNetwork,Named Road,622720,136468,1000,20000,622684,136448,622741,136480,CT19,http://data.ordnancesurvey.co.uk/id/postcodedistrict/CT19,Folkestone,http://data.ordnancesurvey.co.uk/id/4000000074566736,http://www.ordnancesurvey.co.uk/xml/codelists/localtype.xml#town,Folkestone and Hythe,http://data.ordnancesurvey.co.uk/id/7000000000018085,http://data.ordnancesurvey.co.uk/ontology/admingeo/District,Kent,http://data.ordnancesurvey.co.uk/id/7000000000018210,http://data.ordnancesurvey.co.uk/ontology/admingeo/County,South East,http://data.ordnancesurvey.co.uk/id/7000000000041421,England,http://data.ordnancesurvey.co.uk/id/country/england,,,
osgb4000000032996226,http://data.ordnancesurvey.co.uk/id/4000000032996226,Fleming Way,,,,transportNetwork,Named Road,623059,137680,2000,20000,622875,137638,623242,137737,CT19,http://data.ordnancesurvey.co.uk/id/postcodedistrict/CT19,Folkestone,http://data.ordnancesurvey.co.uk/id/4000000074566736,http://www.ordnancesurvey.co.uk/xml/codelists/localtype.xml#town,Folkestone and Hythe,http://data.ordnancesurvey.co.uk/id/7000000000018085,http://data.ordnancesurvey.co.uk/ontology/admingeo/District,Kent,http://data.ordnancesurvey.co.uk/id/7000000000018210,http://data.ordnancesurvey.co.uk/ontology/admingeo/County,South East,http://data.ordnancesurvey.co.uk/id/7000000000041421,England,http://data.ordnancesurvey.co.uk/id/country/england,,,
osgb4000000032999638,http://data.ordnancesurvey.co.uk/id/4000000032999638,Sussex Road,,,,transportNetwork,Named Road,622650,136523,1000,20000,622650,136523,622712,136554,CT19,http://data.ordnancesurvey.co.uk/id/postcodedistrict/CT19,Folkestone,http://data.ordnancesurvey.co.uk/id/4000000074566736,http://www.ordnancesurvey.co.uk/xml/codelists/localtype.xml#town,Folkestone and Hythe,http://data.ordnancesurvey.co.uk/id/7000000000018085,http://data.ordnancesurvey.co.uk/ontology/admingeo/District,Kent,http://data.ordnancesurvey.co.uk/id/7000000000018210,http://data.ordnancesurvey.co.uk/ontology/admingeo/County,South East,http://data.ordnancesurvey.co.uk/id/7000000000041421,England,http://data.ordnancesurvey.co.uk/id/country/england,,,
osgb4000000032999623,http://data.ordnancesurvey.co.uk/id/4000000032999623,Darby Road,,,,transportNetwork,Named Road,622689,136295,1000,20000,622665,136259,622707,136343,CT20,http://data.ordnancesurvey.co.uk/id/postcodedistrict/CT20,Folkestone,http://data.ordnancesurvey.co.uk/id/4000000074566736,http://www.ordnancesurvey.co.uk/xml/codelists/localtype.xml#town,Folkestone and Hythe,http://data.ordnancesurvey.co.uk/id/7000000000018085,http://data.ordnancesurvey.co.uk/ontology/admingeo/District,Kent,http://data.ordnancesurvey.co.uk/id/7000000000018210,http://data.ordnancesurvey.co.uk/ontology/admingeo/County,South East,http://data.ordnancesurvey.co.uk/id/7000000000041421,England,http://data.ordnancesurvey.co.uk/id/country/england,,,
osgb4000000032995459,http://data.ordnancesurvey.co.uk/id/4000000032995459,Hill Road,,,,transportNetwork,Named Road,623238,137543,4000,20000,622844,137341,623510,137674,CT19,http://data.ordnancesurvey.co.uk/id/postcodedistrict/CT19,Folkestone,http://data.ordnancesurvey.co.uk/id/4000000074566736,http://www.ordnancesurvey.co.uk/xml/codelists/localtype.xml#town,Folkestone and Hythe,http://data.ordnancesurvey.co.uk/id/7000000000018085,http://data.ordnancesurvey.co.uk/ontology/admingeo/District,Kent,http://data.ordnancesurvey.co.uk/id/7000000000018210,http://data.ordnancesurvey.co.uk/ontology/admingeo/County,South East,http://data.ordnancesurvey.co.uk/id/7000000000041421,England,http://data.ordnancesurvey.co.uk/id/country/england,,,
osgb4000000033002006,http://data.ordnancesurvey.co.uk/id/4000000033002006,B2064,,,,transportNetwork,Numbered Road,620591,136685,16000,250000,619359,136066,621765,137120,CT19,http://data.ordnancesurvey.co.uk/id/postcodedistrict/CT19,Folkestone,http://data.ordnancesurvey.co.uk/id/4000000074566736,http://www.ordnancesurvey.co.uk/xml/codelists/localtype.xml#town,Folkestone and Hythe,http://data.ordnancesurvey.co.uk/id/7000000000018085,http://data.ordnancesurvey.co.uk/ontology/admingeo/District,Kent,http://data.ordnancesurvey.co.uk/id/7000000000018210,http://data.ordnancesurvey.co.uk/ontology/admingeo/County,South East,http://data.ordnancesurvey.co.uk/id/7000000000041421,England,http://data.ordnancesurvey.co.uk/id/country/england,,,
osgb4000000033001161,http://data.ordnancesurvey.co.uk/id/4000000033001161,Vincent Close,,,,transportNetwork,Named Road,620321,136000,1000,20000,620317,135978,620332,136021,CT20,http://data.ordnancesurvey.co.uk/id/postcodedistrict/CT20,Folkestone,http://data.ordnancesurvey.co.uk/id/4000000074566736,http://www.ordnancesurvey.co.uk/xml/codelists/localtype.xml#town,Folkestone and Hythe,http://data.ordnancesurvey.co.uk/id/7000000000018085,http://data.ordnancesurvey.co.uk/ontology/admingeo/District,Kent,http://data.ordnancesurvey.co.uk/id/7000000000018210,http://data.ordnancesurvey.co.uk/ontology/admingeo/County,South East,http://data.ordnancesurvey.co.uk/id/7000000000041421,England,http://data.ordnancesurvey.co.uk/id/country/england,,,
osgb4000000032999579,http://data.ordnancesurvey.co.uk/id/4000000032999579,Highland Close,,,,transportNetwork,Named Road,620641,135818,1000,20000,620632,135762,620662,135863,CT20,http://data.ordnancesurvey.co.uk/id/postcodedistrict/CT20,Folkestone,http://data.ordnancesurvey.co.uk/id/4000000074566736,http://www.ordnancesurvey.co.uk/xml/codelists/localtype.xml#town,Folkestone and Hythe,http://data.ordnancesurvey.co.uk/id/7000000000018085,http://data.ordnancesurvey.co.uk/ontology/admingeo/District,Kent,http://data.ordnancesurvey.co.uk/id/7000000000018210,http://data.ordnancesurvey.co.uk/ontology/admingeo/County,South East,http://data.ordnancesurvey.co.uk/id/7000000000041421,England,http://data.ordnancesurvey.co.uk/id/country/england,,,
osgb4000000033001203,http://data.ordnancesurvey.co.uk/id/4000000033001203,Webb Close,,,,transportNetwork,Named Road,621182,137287,1000,20000,621175,137279,621221,137315,CT19,http://data.ordnancesurvey.co.uk/id/postcodedistrict/CT19,Folkestone,http://data.ordnancesurvey.co.uk/id/4000000074566736,http://www.ordnancesurvey.co.uk/xml/codelists/localtype.xml#town,Folkestone and Hythe,http://data.ordnancesurvey.co.uk/id/7000000000018085,http://data.ordnancesurvey.co.uk/ontology/admingeo/District,Kent,http://data.ordnancesurvey.co.uk/id/7000000000018210,http://data.ordnancesurvey.co.uk/ontology/admingeo/County,South East,http://data.ordnancesurvey.co.uk/id/7000000000041421,England,http://data.ordnancesurvey.co.uk/id/country/england,,,
osgb4000000033001860,http://data.ordnancesurvey.co.uk/id/4000000033001860,Berkeley Close,,,,transportNetwork,Named Road,621245,137278,1000,20000,621222,137250,621276,137307,CT19,http://data.ordnancesurvey.co.uk/id/postcodedistrict/CT19,Folkestone,http://data.ordnancesurvey.co.uk/id/4000000074566736,http://www.ordnancesurvey.co.uk/xml/codelists/localtype.xml#town,Folkestone and Hythe,http://data.ordnancesurvey.co.uk/id/7000000000018085,http://data.ordnancesurvey.co.uk/ontology/admingeo/District,Kent,http://data.ordnancesurvey.co.uk/id/7000000000018210,http://data.ordnancesurvey.co.uk/ontology/admingeo/County,South East,http://data.ordnancesurvey.co.uk/id/7000000000041421,England,http://data.ordnancesurvey.co.uk/id/country/england,,,
osgb4000000032997702,http://data.ordnancesurvey.co.uk/id/4000000032997702,Birkdale Drive,,,,transportNetwork,Named Road,621387,137541,1000,20000,621343,137452,621450,137613,CT19,http://data.ordnancesurvey.co.uk/id/postcodedistrict/CT19,Folkestone,http://data.ordnancesurvey.co.uk/id/4000000074566736,http://www.ordnancesurvey.co.uk/xml/codelists/localtype.xml#town,Folkestone and Hythe,http://data.ordnancesurvey.co.uk/id/7000000000018085,http://data.ordnancesurvey.co.uk/ontology/admingeo/District,Kent,http://data.ordnancesurvey.co.uk/id/7000000000018210,http://data.ordnancesurvey.co.uk/ontology/admingeo/County,South East,http://data.ordnancesurvey.co.uk/id/7000000000041421,England,http://data.ordnancesurvey.co.uk/id/country/england,,,
osgb4000000032996201,http://data.ordnancesurvey.co.uk/id/4000000032996201,Alder Road,,,,transportNetwork,Named Road,622354,136863,2000,20000,622138,136853,622432,136902,CT19,http://data.ordnancesurvey.co.uk/id/postcodedistrict/CT19,Folkestone,http://data.ordnancesurvey.co.uk/id/4000000074566736,http://www.ordnancesurvey.co.uk/xml/codelists/localtype.xml#town,Folkestone and Hythe,http://data.ordnancesurvey.co.uk/id/7000000000018085,http://data.ordnancesurvey.co.uk/ontology/admingeo/District,Kent,http://data.ordnancesurvey.co.uk/id/7000000000018210,http://data.ordnancesurvey.co.uk/ontology/admingeo/County,South East,http://data.ordnancesurvey.co.uk/id/7000000000041421,England,http://data.ordnancesurvey.co.uk/id/country/england,,,
osgb4000000032999663,http://data.ordnancesurvey.co.uk/id/4000000032999663,Elventon Close,,,,transportNetwork,Named Road,620382,137344,1000,20000,620315,137280,620392,137386,CT19,http://data.ordnancesurvey.co.uk/id/postcodedistrict/CT19,Folkestone,http://data.ordnancesurvey.co.uk/id/4000000074566736,http://www.ordnancesurvey.co.uk/xml/codelists/localtype.xml#town,Folkestone and Hythe,http://data.ordnancesurvey.co.uk/id/7000000000018085,http://data.ordnancesurvey.co.uk/ontology/admingeo/District,Kent,http://data.ordnancesurvey.co.uk/id/7000000000018210,http://data.ordnancesurvey.co.uk/ontology/admingeo/County,South East,http://data.ordnancesurvey.co.uk/id/7000000000041421,England,http://data.ordnancesurvey.co.uk/id/country/england,,,
osgb4000000032999669,http://data.ordnancesurvey.co.uk/id/4000000032999669,Corone Close,,,,transportNetwork,Named Road,621135,137094,1000,20000,621126,137042,621189,137111,CT19,http://data.ordnancesurvey.co.uk/id/postcodedistrict/CT19,Folkestone,http://data.ordnancesurvey.co.uk/id/4000000074566736,http://www.ordnancesurvey.co.uk/xml/codelists/localtype.xml#town,Folkestone and Hythe,http://data.ordnancesurvey.co.uk/id/7000000000018085,http://data.ordnancesurvey.co.uk/ontology/admingeo/District,Kent,http://data.ordnancesurvey.co.uk/id/7000000000018210,http://data.ordnancesurvey.co.uk/ontology/admingeo/County,South East,http://data.ordnancesurvey.co.uk/id/7000000000041421,England,http://data.ordnancesurvey.co.uk/id/country/england,,,
osgb4000000032996185,http://data.ordnancesurvey.co.uk/id/4000000032996185,Julian Road,,,,transportNetwork,Named Road,621901,136532,2000,20000,621867,136354,621983,136692,CT19,http://data.ordnancesurvey.co.uk/id/postcodedistrict/CT19,Folkestone,http://data.ordnancesurvey.co.uk/id/4000000074566736,http://www.ordnancesurvey.co.uk/xml/codelists/localtype.xml#town,Folkestone and Hythe,http://data.ordnancesurvey.co.uk/id/7000000000018085,http://data.ordnancesurvey.co.uk/ontology/admingeo/District,Kent,http://data.ordnancesurvey.co.uk/id/7000000000018210,http://data.ordnancesurvey.co.uk/ontology/admingeo/County,South East,http://data.ordnancesurvey.co.uk/id/7000000000041421,England,http://data.ordnancesurvey.co.uk/id/country/england,,,
osgb4000000032999665,http://data.ordnancesurvey.co.uk/id/4000000032999665,Milestone Close,,,,transportNetwork,Named Road,621340,137337,1000,20000,621337,137288,621360,137379,CT19,http://data.ordnancesurvey.co.uk/id/postcodedistrict/CT19,Folkestone,http://data.ordnancesurvey.co.uk/id/4000000074566736,http://www.ordnancesurvey.co.uk/xml/codelists/localtype.xml#town,Folkestone and Hythe,http://data.ordnancesurvey.co.uk/id/7000000000018085,http://data.ordnancesurvey.co.uk/ontology/admingeo/District,Kent,http://data.ordnancesurvey.co.uk/id/7000000000018210,http://data.ordnancesurvey.co.uk/ontology/admingeo/County,South East,http://data.ordnancesurvey.co.uk/id/7000000000041421,England,http://data.ordnancesurvey.co.uk/id/country/england,,,
osgb4000000032996175,http://data.ordnancesurvey.co.uk/id/4000000032996175,Eversley Way,,,,transportNetwork,Named Road,620714,136055,1000,20000,620639,136005,620816,136123,CT20,http://data.ordnancesurvey.co.uk/id/postcodedistrict/CT20,Folkestone,http://data.ordnancesurvey.co.uk/id/4000000074566736,http://www.ordnancesurvey.co.uk/xml/codelists/localtype.xml#town,Folkestone and Hythe,http://data.ordnancesurvey.co.uk/id/7000000000018085,http://data.ordnancesurvey.co.uk/ontology/admingeo/District,Kent,http://data.ordnancesurvey.co.uk/id/7000000000018210,http://data.ordnancesurvey.co.uk/ontology/admingeo/County,South East,http://data.ordnancesurvey.co.uk/id/7000000000041421,England,http://data.ordnancesurvey.co.uk/id/country/england,,,
osgb4000000032999628,http://data.ordnancesurvey.co.uk/id/4000000032999628,Park Farm Road,,,,transportNetwork,Named Road,622209,137374,6000,20000,621469,136712,622453,137702,CT19,http://data.ordnancesurvey.co.uk/id/postcodedistrict/CT19,Folkestone,http://data.ordnancesurvey.co.uk/id/4000000074566736,http://www.ordnancesurvey.co.uk/xml/codelists/localtype.xml#town,Folkestone and Hythe,http://data.ordnancesurvey.co.uk/id/7000000000018085,http://data.ordnancesurvey.co.uk/ontology/admingeo/District,Kent,http://data.ordnancesurvey.co.uk/id/7000000000018210,http://data.ordnancesurvey.co.uk/ontology/admingeo/County,South East,http://data.ordnancesurvey.co.uk/id/7000000000041421,England,http://data.ordnancesurvey.co.uk/id/country/england,,,
osgb4000000032997619,http://data.ordnancesurvey.co.uk/id/4000000032997619,Cornwallis Close,,,,transportNetwork,Named Road,621729,136724,1000,20000,621662,136714,621795,136748,CT19,http://data.ordnancesurvey.co.uk/id/postcodedistrict/CT19,Folkestone,http://data.ordnancesurvey.co.uk/id/4000000074566736,http://www.ordnancesurvey.co.uk/xml/codelists/localtype.xml#town,Folkestone and Hythe,http://data.ordnancesurvey.co.uk/id/7000000000018085,http://data.ordnancesurvey.co.uk/ontology/admingeo/District,Kent,http://data.ordnancesurvey.co.uk/id/7000000000018210,http://data.ordnancesurvey.co.uk/ontology/admingeo/County,South East,http://data.ordnancesurvey.co.uk/id/7000000000041421,England,http://data.ordnancesurvey.co.uk/id/country/england,,,
osgb4000000032995453,http://data.ordnancesurvey.co.uk/id/4000000032995453,Cherry Garden Avenue,,,,transportNetwork,Named Road,621183,137064,6000,20000,621085,136581,621243,137560,CT19,http://data.ordnancesurvey.co.uk/id/postcodedistrict/CT19,Folkestone,http://data.ordnancesurvey.co.uk/id/4000000074566736,http://www.ordnancesurvey.co.uk/xml/codelists/localtype.xml#town,Folkestone and Hythe,http://data.ordnancesurvey.co.uk/id/7000000000018085,http://data.ordnancesurvey.co.uk/ontology/admingeo/District,Kent,http://data.ordnancesurvey.co.uk/id/7000000000018210,http://data.ordnancesurvey.co.uk/ontology/admingeo/County,South East,http://data.ordnancesurvey.co.uk/id/7000000000041421,England,http://data.ordnancesurvey.co.uk/id/country/england,,,
osgb4000000033053623,http://data.ordnancesurvey.co.uk/id/4000000033053623,Hurricane Way,,,,transportNetwork,Named Road,621285,139369,2000,20000,621238,139177,621493,139485,CT18,http://data.ordnancesurvey.co.uk/id/postcodedistrict/CT18,Hawkinge,http://data.ordnancesurvey.co.uk/id/4000000074566747,http://www.ordnancesurvey.co.uk/xml/codelists/localtype.xml#village,Folkestone and Hythe,http://data.ordnancesurvey.co.uk/id/7000000000018085,http://data.ordnancesurvey.co.uk/ontology/admingeo/District,Kent,http://data.ordnancesurvey.co.uk/id/7000000000018210,http://data.ordnancesurvey.co.uk/ontology/admingeo/County,South East,http://data.ordnancesurvey.co.uk/id/7000000000041421,England,http://data.ordnancesurvey.co.uk/id/country/england,,,
osgb4000000068752611,http://data.ordnancesurvey.co.uk/id/4000000068752611,Town Walk,,,,transportNetwork,Named Road,622536,135798,1000,20000,622468,135757,622574,135854,CT20,http://data.ordnancesurvey.co.uk/id/postcodedistrict/CT20,Folkestone,http://data.ordnancesurvey.co.uk/id/4000000074566736,http://www.ordnancesurvey.co.uk/xml/codelists/localtype.xml#town,Folkestone and Hythe,http://data.ordnancesurvey.co.uk/id/7000000000018085,http://data.ordnancesurvey.co.uk/ontology/admingeo/District,Kent,http://data.ordnancesurvey.co.uk/id/7000000000018210,http://data.ordnancesurvey.co.uk/ontology/admingeo/County,South East,http://data.ordnancesurvey.co.uk/id/7000000000041421,England,http://data.ordnancesurvey.co.uk/id/country/england,,,
osgb4000000032999702,http://data.ordnancesurvey.co.uk/id/4000000032999702,Blenheim Drive,,,,transportNetwork,Named Road,621373,139911,1000,20000,621282,139890,621468,139987,CT18,http://data.ordnancesurvey.co.uk/id/postcodedistrict/CT18,Hawkinge,http://data.ordnancesurvey.co.uk/id/4000000074566747,http://www.ordnancesurvey.co.uk/xml/codelists/localtype.xml#village,Folkestone and Hythe,http://data.ordnancesurvey.co.uk/id/7000000000018085,http://data.ordnancesurvey.co.uk/ontology/admingeo/District,Kent,http://data.ordnancesurvey.co.uk/id/7000000000018210,http://data.ordnancesurvey.co.uk/ontology/admingeo/County,South East,http://data.ordnancesurvey.co.uk/id/7000000000041421,England,http://data.ordnancesurvey.co.uk/id/country/england,,,
693b7cca-642b-480e-a84f-7880a303c598,http://data.ordnancesurvey.co.uk/id/693b7cca-642b-480e-a84f-7880a303c598,Churchill Avenue,,,,transportNetwork,Section Of Named Road,622207,137729,10000,25000,621240,137583,622799,137866,CT19,http://data.ordnancesurvey.co.uk/id/postcodedistrict/CT19,Folkestone,http://data.ordnancesurvey.co.uk/id/4000000074566736,http://www.ordnancesurvey.co.uk/xml/codelists/localtype.xml#town,Folkestone and Hythe,http://data.ordnancesurvey.co.uk/id/7000000000018085,http://data.ordnancesurvey.co.uk/ontology/admingeo/District,Kent,http://data.ordnancesurvey.co.uk/id/7000000000018210,http://data.ordnancesurvey.co.uk/ontology/admingeo/County,South East,http://data.ordnancesurvey.co.uk/id/7000000000041421,England,http://data.ordnancesurvey.co.uk/id/country/england,osgb4000000032995076,,
osgb4000000032995444,http://data.ordnancesurvey.co.uk/id/4000000032995444,Cornwallis Avenue,,,,transportNetwork,Named Road,621658,136750,5000,20000,621649,136385,621716,137135,CT19,http://data.ordnancesurvey.co.uk/id/postcodedistrict/CT19,Folkestone,http://data.ordnancesurvey.co.uk/id/4000000074566736,http://www.ordnancesurvey.co.uk/xml/codelists/localtype.xml#town,Folkestone and Hythe,http://data.ordnancesurvey.co.uk/id/7000000000018085,http://data.ordnancesurvey.co.uk/ontology/admingeo/District,Kent,http://data.ordnancesurvey.co.uk/id/7000000000018210,http://data.ordnancesurvey.co.uk/ontology/admingeo/County,South East,http://data.ordnancesurvey.co.uk/id/7000000000041421,England,http://data.ordnancesurvey.co.uk/id/country/england,,,
osgb4000000032999682,http://data.ordnancesurvey.co.uk/id/4000000032999682,Barnfield Road,,,,transportNetwork,Named Road,622105,137441,1000,20000,622030,137417,622155,137457,CT19,http://data.ordnancesurvey.co.uk/id/postcodedistrict/CT19,Folkestone,http://data.ordnancesurvey.co.uk/id/4000000074566736,http://www.ordnancesurvey.co.uk/xml/codelists/localtype.xml#town,Folkestone and Hythe,http://data.ordnancesurvey.co.uk/id/7000000000018085,http://data.ordnancesurvey.co.uk/ontology/admingeo/District,Kent,http://data.ordnancesurvey.co.uk/id/7000000000018210,http://data.ordnancesurvey.co.uk/ontology/admingeo/County,South East,http://data.ordnancesurvey.co.uk/id/7000000000041421,England,http://data.ordnancesurvey.co.uk/id/country/england,,,
osgb4000000033001160,http://data.ordnancesurvey.co.uk/id/4000000033001160,Blenheim Place,,,,transportNetwork,Named Road,620959,135663,1000,20000,620931,135655,620996,135664,CT20,http://data.ordnancesurvey.co.uk/id/postcodedistrict/CT20,Folkestone,http://data.ordnancesurvey.co.uk/id/4000000074566736,http://www.ordnancesurvey.co.uk/xml/codelists/localtype.xml#town,Folkestone and Hythe,http://data.ordnancesurvey.co.uk/id/7000000000018085,http://data.ordnancesurvey.co.uk/ontology/admingeo/District,Kent,http://data.ordnancesurvey.co.uk/id/7000000000018210,http://data.ordnancesurvey.co.uk/ontology/admingeo/County,South East,http://data.ordnancesurvey.co.uk/id/7000000000041421,England,http://data.ordnancesurvey.co.uk/id/country/england,,,
osgb4000000032999670,http://data.ordnancesurvey.co.uk/id/4000000032999670,Burton Close,,,,transportNetwork,Named Road,621260,137401,1000,20000,621231,137395,621300,137411,CT19,http://data.ordnancesurvey.co.uk/id/postcodedistrict/CT19,Folkestone,http://data.ordnancesurvey.co.uk/id/4000000074566736,http://www.ordnancesurvey.co.uk/xml/codelists/localtype.xml#town,Folkestone and Hythe,http://data.ordnancesurvey.co.uk/id/7000000000018085,http://data.ordnancesurvey.co.uk/ontology/admingeo/District,Kent,http://data.ordnancesurvey.co.uk/id/7000000000018210,http://data.ordnancesurvey.co.uk/ontology/admingeo/County,South East,http://data.ordnancesurvey.co.uk/id/7000000000041421,England,http://data.ordnancesurvey.co.uk/id/country/england,,,
osgb4000000033001211,http://data.ordnancesurvey.co.uk/id/4000000033001211,Westland Way,,,,transportNetwork,Named Road,621654,139323,1000,20000,621644,139307,621672,139343,CT18,http://data.ordnancesurvey.co.uk/id/postcodedistrict/CT18,Hawkinge,http://data.ordnancesurvey.co.uk/id/4000000074566747,http://www.ordnancesurvey.co.uk/xml/codelists/localtype.xml#village,Folkestone and Hythe,http://data.ordnancesurvey.co.uk/id/7000000000018085,http://data.ordnancesurvey.co.uk/ontology/admingeo/District,Kent,http://data.ordnancesurvey.co.uk/id/7000000000018210,http://data.ordnancesurvey.co.uk/ontology/admingeo/County,South East,http://data.ordnancesurvey.co.uk/id/7000000000041421,England,http://data.ordnancesurvey.co.uk/id/country/england,,,
osgb4000000033001202,http://data.ordnancesurvey.co.uk/id/4000000033001202,Upton Close,,,,transportNetwork,Named Road,621319,137168,1000,20000,621306,137156,621345,137213,CT19,http://data.ordnancesurvey.co.uk/id/postcodedistrict/CT19,Folkestone,http://data.ordnancesurvey.co.uk/id/4000000074566736,http://www.ordnancesurvey.co.uk/xml/codelists/localtype.xml#town,Folkestone and Hythe,http://data.ordnancesurvey.co.uk/id/7000000000018085,http://data.ordnancesurvey.co.uk/ontology/admingeo/District,Kent,http://data.ordnancesurvey.co.uk/id/7000000000018210,http://data.ordnancesurvey.co.uk/ontology/admingeo/County,South East,http://data.ordnancesurvey.co.uk/id/7000000000041421,England,http://data.ordnancesurvey.co.uk/id/country/england,,,
osgb4000000032997651,http://data.ordnancesurvey.co.uk/id/4000000032997651,Harvey Street,,,,transportNetwork,Named Road,623105,136293,1000,20000,623036,136245,623191,136361,CT20,http://data.ordnancesurvey.co.uk/id/postcodedistrict/CT20,Folkestone,http://data.ordnancesurvey.co.uk/id/4000000074566736,http://www.ordnancesurvey.co.uk/xml/codelists/localtype.xml#town,Folkestone and Hythe,http://data.ordnancesurvey.co.uk/id/7000000000018085,http://data.ordnancesurvey.co.uk/ontology/admingeo/District,Kent,http://data.ordnancesurvey.co.uk/id/7000000000018210,http://data.ordnancesurvey.co.uk/ontology/admingeo/County,South East,http://data.ordnancesurvey.co.uk/id/7000000000041421,England,http://data.ordnancesurvey.co.uk/id/country/england,,,
osgb4000000032995078,http://data.ordnancesurvey.co.uk/id/4000000032995078,Crete Road East,,,,transportNetwork,Named Road,623152,138112,12000,20000,622236,137826,624086,138438,CT19,http://data.ordnancesurvey.co.uk/id/postcodedistrict/CT19,,,,Folkestone and Hythe,http://data.ordnancesurvey.co.uk/id/7000000000018085,http://data.ordnancesurvey.co.uk/ontology/admingeo/District,Kent,http://data.ordnancesurvey.co.uk/id/7000000000018210,http://data.ordnancesurvey.co.uk/ontology/admingeo/County,South East,http://data.ordnancesurvey.co.uk/id/7000000000041421,England,http://data.ordnancesurvey.co.uk/id/country/england,,,
osgb4000000032996162,http://data.ordnancesurvey.co.uk/id/4000000032996162,Chichester Road,,,,transportNetwork,Named Road,620285,135730,2000,20000,620240,135603,620436,135860,CT20,http://data.ordnancesurvey.co.uk/id/postcodedistrict/CT20,Folkestone,http://data.ordnancesurvey.co.uk/id/4000000074566736,http://www.ordnancesurvey.co.uk/xml/codelists/localtype.xml#town,Folkestone and Hythe,http://data.ordnancesurvey.co.uk/id/7000000000018085,http://data.ordnancesurvey.co.uk/ontology/admingeo/District,Kent,http://data.ordnancesurvey.co.uk/id/7000000000018210,http://data.ordnancesurvey.co.uk/ontology/admingeo/County,South East,http://data.ordnancesurvey.co.uk/id/7000000000041421,England,http://data.ordnancesurvey.co.uk/id/country/england,,,
osgb4000000032997701,http://data.ordnancesurvey.co.uk/id/4000000032997701,Charles Crescent,,,,transportNetwork,Named Road,620205,137338,1000,20000,620113,137278,620259,137374,CT19,http://data.ordnancesurvey.co.uk/id/postcodedistrict/CT19,Folkestone,http://data.ordnancesurvey.co.uk/id/4000000074566736,http://www.ordnancesurvey.co.uk/xml/codelists/localtype.xml#town,Folkestone and Hythe,http://data.ordnancesurvey.co.uk/id/7000000000018085,http://data.ordnancesurvey.co.uk/ontology/admingeo/District,Kent,http://data.ordnancesurvey.co.uk/id/7000000000018210,http://data.ordnancesurvey.co.uk/ontology/admingeo/County,South East,http://data.ordnancesurvey.co.uk/id/7000000000041421,England,http://data.ordnancesurvey.co.uk/id/country/england,,,
osgb4000000032999624,http://data.ordnancesurvey.co.uk/id/4000000032999624,Marine Terrace,,,,transportNetwork,Named Road,623145,135809,1000,20000,623121,135775,623174,135871,CT20,http://data.ordnancesurvey.co.uk/id/postcodedistrict/CT20,Folkestone,http://data.ordnancesurvey.co.uk/id/4000000074566736,http://www.ordnancesurvey.co.uk/xml/codelists/localtype.xml#town,Folkestone and Hythe,http://data.ordnancesurvey.co.uk/id/7000000000018085,http://data.ordnancesurvey.co.uk/ontology/admingeo/District,Kent,http://data.ordnancesurvey.co.uk/id/7000000000018210,http://data.ordnancesurvey.co.uk/ontology/admingeo/County,South East,http://data.ordnancesurvey.co.uk/id/7000000000041421,England,http://data.ordnancesurvey.co.uk/id/country/england,,,
osgb4000000032997723,http://data.ordnancesurvey.co.uk/id/4000000032997723,Stanbury Crescent,,,,transportNetwork,Named Road,623678,137500,1000,20000,623627,137348,623775,137540,CT19,http://data.ordnancesurvey.co.uk/id/postcodedistrict/CT19,Folkestone,http://data.ordnancesurvey.co.uk/id/4000000074566736,http://www.ordnancesurvey.co.uk/xml/codelists/localtype.xml#town,Folkestone and Hythe,http://data.ordnancesurvey.co.uk/id/7000000000018085,http://data.ordnancesurvey.co.uk/ontology/admingeo/District,Kent,http://data.ordnancesurvey.co.uk/id/7000000000018210,http://data.ordnancesurvey.co.uk/ontology/admingeo/County,South East,http://data.ordnancesurvey.co.uk/id/7000000000041421,England,http://data.ordnancesurvey.co.uk/id/country/england,,,
osgb4000000032997594,http://data.ordnancesurvey.co.uk/id/4000000032997594,St Hilda Road,,,,transportNetwork,Named Road,620489,136647,1000,20000,620470,136588,620508,136711,CT19,http://data.ordnancesurvey.co.uk/id/postcodedistrict/CT19,Folkestone,http://data.ordnancesurvey.co.uk/id/4000000074566736,http://www.ordnancesurvey.co.uk/xml/codelists/localtype.xml#town,Folkestone and Hythe,http://data.ordnancesurvey.co.uk/id/7000000000018085,http://data.ordnancesurvey.co.uk/ontology/admingeo/District,Kent,http://data.ordnancesurvey.co.uk/id/7000000000018210,http://data.ordnancesurvey.co.uk/ontology/admingeo/County,South East,http://data.ordnancesurvey.co.uk/id/7000000000041421,England,http://data.ordnancesurvey.co.uk/id/country/england,,,
osgb4000000033001214,http://data.ordnancesurvey.co.uk/id/4000000033001214,Horsley Close,,,,transportNetwork,Named Road,621516,139496,1000,20000,621506,139490,621540,139514,CT18,http://data.ordnancesurvey.co.uk/id/postcodedistrict/CT18,Hawkinge,http://data.ordnancesurvey.co.uk/id/4000000074566747,http://www.ordnancesurvey.co.uk/xml/codelists/localtype.xml#village,Folkestone and Hythe,http://data.ordnancesurvey.co.uk/id/7000000000018085,http://data.ordnancesurvey.co.uk/ontology/admingeo/District,Kent,http://data.ordnancesurvey.co.uk/id/7000000000018210,http://data.ordnancesurvey.co.uk/ontology/admingeo/County,South East,http://data.ordnancesurvey.co.uk/id/7000000000041421,England,http://data.ordnancesurvey.co.uk/id/country/england,,,
osgb5000005209146247,http://data.ordnancesurvey.co.uk/id/5000005209146247,Hayward Gardens,,,,transportNetwork,Named Road,621622,136232,1000,20000,621614,136207,621624,136256,CT20,http://data.ordnancesurvey.co.uk/id/postcodedistrict/CT20,Folkestone,http://data.ordnancesurvey.co.uk/id/4000000074566736,http://www.ordnancesurvey.co.uk/xml/codelists/localtype.xml#town,Folkestone and Hythe,http://data.ordnancesurvey.co.uk/id/7000000000018085,http://data.ordnancesurvey.co.uk/ontology/admingeo/District,Kent,http://data.ordnancesurvey.co.uk/id/7000000000018210,http://data.ordnancesurvey.co.uk/ontology/admingeo/County,South East,http://data.ordnancesurvey.co.uk/id/7000000000041421,England,http://data.ordnancesurvey.co.uk/id/country/england,,,
osgb4000000033001185,http://data.ordnancesurvey.co.uk/id/4000000033001185,Radnor Park Gardens,,,,transportNetwork,Named Road,622380,136645,1000,20000,622349,136645,622380,136673,CT19,http://data.ordnancesurvey.co.uk/id/postcodedistrict/CT19,Folkestone,http://data.ordnancesurvey.co.uk/id/4000000074566736,http://www.ordnancesurvey.co.uk/xml/codelists/localtype.xml#town,Folkestone and Hythe,http://data.ordnancesurvey.co.uk/id/7000000000018085,http://data.ordnancesurvey.co.uk/ontology/admingeo/District,Kent,http://data.ordnancesurvey.co.uk/id/7000000000018210,http://data.ordnancesurvey.co.uk/ontology/admingeo/County,South East,http://data.ordnancesurvey.co.uk/id/7000000000041421,England,http://data.ordnancesurvey.co.uk/id/country/england,,,
osgb4000000032997717,http://data.ordnancesurvey.co.uk/id/4000000032997717,Beatty Road,,,,transportNetwork,Named Road,622977,137529,1000,20000,622949,137470,622998,137578,CT19,http://data.ordnancesurvey.co.uk/id/postcodedistrict/CT19,Folkestone,http://data.ordnancesurvey.co.uk/id/4000000074566736,http://www.ordnancesurvey.co.uk/xml/codelists/localtype.xml#town,Folkestone and Hythe,http://data.ordnancesurvey.co.uk/id/7000000000018085,http://data.ordnancesurvey.co.uk/ontology/admingeo/District,Kent,http://data.ordnancesurvey.co.uk/id/7000000000018210,http://data.ordnancesurvey.co.uk/ontology/admingeo/County,South East,http://data.ordnancesurvey.co.uk/id/7000000000041421,England,http://data.ordnancesurvey.co.uk/id/country/england,,,
osgb4000000032996244,http://data.ordnancesurvey.co.uk/id/4000000032996244,Helena Road,,,,transportNetwork,Named Road,625284,138641,2000,20000,625175,138478,625406,138790,CT18,http://data.ordnancesurvey.co.uk/id/postcodedistrict/CT18,Capel-le-Ferne,http://data.ordnancesurvey.co.uk/id/4000000074568384,http://www.ordnancesurvey.co.uk/xml/codelists/localtype.xml#village,Dover,http://data.ordnancesurvey.co.uk/id/7000000000017977,http://data.ordnancesurvey.co.uk/ontology/admingeo/District,Kent,http://data.ordnancesurvey.co.uk/id/7000000000018210,http://data.ordnancesurvey.co.uk/ontology/admingeo/County,South East,http://data.ordnancesurvey.co.uk/id/7000000000041421,England,http://data.ordnancesurvey.co.uk/id/country/england,,,
osgb4000000032999697,http://data.ordnancesurvey.co.uk/id/4000000032999697,Hunt Close,,,,transportNetwork,Named Road,621164,139923,1000,20000,621130,139872,621177,139957,CT18,http://data.ordnancesurvey.co.uk/id/postcodedistrict/CT18,Hawkinge,http://data.ordnancesurvey.co.uk/id/4000000074566747,http://www.ordnancesurvey.co.uk/xml/codelists/localtype.xml#village,Folkestone and Hythe,http://data.ordnancesurvey.co.uk/id/7000000000018085,http://data.ordnancesurvey.co.uk/ontology/admingeo/District,Kent,http://data.ordnancesurvey.co.uk/id/7000000000018210,http://data.ordnancesurvey.co.uk/ontology/admingeo/County,South East,http://data.ordnancesurvey.co.uk/id/7000000000041421,England,http://data.ordnancesurvey.co.uk/id/country/england,,,
osgb4000000032999715,http://data.ordnancesurvey.co.uk/id/4000000032999715,Elizabeth Drive,,,,transportNetwork,Named Road,624965,138938,1000,20000,624934,138874,625010,138948,CT18,http://data.ordnancesurvey.co.uk/id/postcodedistrict/CT18,Capel-le-Ferne,http://data.ordnancesurvey.co.uk/id/4000000074568384,http://www.ordnancesurvey.co.uk/xml/codelists/localtype.xml#village,Dover,http://data.ordnancesurvey.co.uk/id/7000000000017977,http://data.ordnancesurvey.co.uk/ontology/admingeo/District,Kent,http://data.ordnancesurvey.co.uk/id/7000000000018210,http://data.ordnancesurvey.co.uk/ontology/admingeo/County,South East,http://data.ordnancesurvey.co.uk/id/7000000000041421,England,http://data.ordnancesurvey.co.uk/id/country/england,,,
osgb5000005253329574,http://data.ordnancesurvey.co.uk/id/5000005253329574,Promenade,,,,transportNetwork,Named Road,623650,136271,2000,20000,623528,136154,623824,136332,CT19,http://data.ordnancesurvey.co.uk/id/postcodedistrict/CT19,Folkestone,http://data.ordnancesurvey.co.uk/id/4000000074566736,http://www.ordnancesurvey.co.uk/xml/codelists/localtype.xml#town,Folkestone and Hythe,http://data.ordnancesurvey.co.uk/id/7000000000018085,http://data.ordnancesurvey.co.uk/ontology/admingeo/District,Kent,http://data.ordnancesurvey.co.uk/id/7000000000018210,http://data.ordnancesurvey.co.uk/ontology/admingeo/County,South East,http://data.ordnancesurvey.co.uk/id/7000000000041421,England,http://data.ordnancesurvey.co.uk/id/country/england,,,
osgb4000000032999687,http://data.ordnancesurvey.co.uk/id/4000000032999687,Dover Road,,,,transportNetwork,Named Road,623306,136826,10000,20000,622895,136126,623569,137620,CT19,http://data.ordnancesurvey.co.uk/id/postcodedistrict/CT19,Folkestone,http://data.ordnancesurvey.co.uk/id/4000000074566736,http://www.ordnancesurvey.co.uk/xml/codelists/localtype.xml#town,Folkestone and Hythe,http://data.ordnancesurvey.co.uk/id/7000000000018085,http://data.ordnancesurvey.co.uk/ontology/admingeo/District,Kent,http://data.ordnancesurvey.co.uk/id/7000000000018210,http://data.ordnancesurvey.co.uk/ontology/admingeo/County,South East,http://data.ordnancesurvey.co.uk/id/7000000000041421,England,http://data.ordnancesurvey.co.uk/id/country/england,,,
osgb4000000068752610,http://data.ordnancesurvey.co.uk/id/4000000068752610,George Lane,,,,transportNetwork,Named Road,622975,135996,1000,20000,622950,135996,622996,136023,CT20,http://data.ordnancesurvey.co.uk/id/postcodedistrict/CT20,Folkestone,http://data.ordnancesurvey.co.uk/id/4000000074566736,http://www.ordnancesurvey.co.uk/xml/codelists/localtype.xml#town,Folkestone and Hythe,http://data.ordnancesurvey.co.uk/id/7000000000018085,http://data.ordnancesurvey.co.uk/ontology/admingeo/District,Kent,http://data.ordnancesurvey.co.uk/id/7000000000018210,http://data.ordnancesurvey.co.uk/ontology/admingeo/County,South East,http://data.ordnancesurvey.co.uk/id/7000000000041421,England,http://data.ordnancesurvey.co.uk/id/country/england,,,
fde8af29-39cb-4c47-bc42-aa947bb12193,http://data.ordnancesurvey.co.uk/id/fde8af29-39cb-4c47-bc42-aa947bb12193,B2011,,,,transportNetwork,Section Of Numbered Road,623442,137630,2000,25000,623251,137608,623618,137665,CT19,http://data.ordnancesurvey.co.uk/id/postcodedistrict/CT19,Folkestone,http://data.ordnancesurvey.co.uk/id/4000000074566736,http://www.ordnancesurvey.co.uk/xml/codelists/localtype.xml#town,Folkestone and Hythe,http://data.ordnancesurvey.co.uk/id/7000000000018085,http://data.ordnancesurvey.co.uk/ontology/admingeo/District,Kent,http://data.ordnancesurvey.co.uk/id/7000000000018210,http://data.ordnancesurvey.co.uk/ontology/admingeo/County,South East,http://data.ordnancesurvey.co.uk/id/7000000000041421,England,http://data.ordnancesurvey.co.uk/id/country/england,osgb4000000033001992,,
osgb4000000033032066,http://data.ordnancesurvey.co.uk/id/4000000033032066,Pound Way,,,,transportNetwork,Named Road,622804,135822,1000,20000,622801,135761,622840,135895,CT20,http://data.ordnancesurvey.co.uk/id/postcodedistrict/CT20,Folkestone,http://data.ordnancesurvey.co.uk/id/4000000074566736,http://www.ordnancesurvey.co.uk/xml/codelists/localtype.xml#town,Folkestone and Hythe,http://data.ordnancesurvey.co.uk/id/7000000000018085,http://data.ordnancesurvey.co.uk/ontology/admingeo/District,Kent,http://data.ordnancesurvey.co.uk/id/7000000000018210,http://data.ordnancesurvey.co.uk/ontology/admingeo/County,South East,http://data.ordnancesurvey.co.uk/id/7000000000041421,England,http://data.ordnancesurvey.co.uk/id/country/england,,,
osgb4000000032999611,http://data.ordnancesurvey.co.uk/id/4000000032999611,Bouverie Square,,,,transportNetwork,Named Road,622616,135866,1000,20000,622570,135859,622662,135909,CT20,http://data.ordnancesurvey.co.uk/id/postcodedistrict/CT20,Folkestone,http://data.ordnancesurvey.co.uk/id/4000000074566736,http://www.ordnancesurvey.co.uk/xml/codelists/localtype.xml#town,Folkestone and Hythe,http://data.ordnancesurvey.co.uk/id/7000000000018085,http://data.ordnancesurvey.co.uk/ontology/admingeo/District,Kent,http://data.ordnancesurvey.co.uk/id/7000000000018210,http://data.ordnancesurvey.co.uk/ontology/admingeo/County,South East,http://data.ordnancesurvey.co.uk/id/7000000000041421,England,http://data.ordnancesurvey.co.uk/id/country/england,,,
osgb4000000032999602,http://data.ordnancesurvey.co.uk/id/4000000032999602,Palting Way,,,,transportNetwork,Named Road,621996,135843,1000,20000,621912,135825,622058,135861,CT20,http://data.ordnancesurvey.co.uk/id/postcodedistrict/CT20,Folkestone,http://data.ordnancesurvey.co.uk/id/4000000074566736,http://www.ordnancesurvey.co.uk/xml/codelists/localtype.xml#town,Folkestone and Hythe,http://data.ordnancesurvey.co.uk/id/7000000000018085,http://data.ordnancesurvey.co.uk/ontology/admingeo/District,Kent,http://data.ordnancesurvey.co.uk/id/7000000000018210,http://data.ordnancesurvey.co.uk/ontology/admingeo/County,South East,http://data.ordnancesurvey.co.uk/id/7000000000041421,England,http://data.ordnancesurvey.co.uk/id/country/england,,,
ba7a0e5d-e678-4b49-9e5a-10550ce5433c,http://data.ordnancesurvey.co.uk/id/ba7a0e5d-e678-4b49-9e5a-10550ce5433c,Crook's Court Lane,,,,transportNetwork,Section Of Named Road,626570,139969,1000,25000,626509,139924,626631,140023,CT15,http://data.ordnancesurvey.co.uk/id/postcodedistrict/CT15,West Hougham,http://data.ordnancesurvey.co.uk/id/4000000074568383,http://www.ordnancesurvey.co.uk/xml/codelists/localtype.xml#village,Dover,http://data.ordnancesurvey.co.uk/id/7000000000017977,http://data.ordnancesurvey.co.uk/ontology/admingeo/District,Kent,http://data.ordnancesurvey.co.uk/id/7000000000018210,http://data.ordnancesurvey.co.uk/ontology/admingeo/County,South East,http://data.ordnancesurvey.co.uk/id/7000000000041421,England,http://data.ordnancesurvey.co.uk/id/country/england,osgb4000000032996247,,
osgb4000000032999596,http://data.ordnancesurvey.co.uk/id/4000000032999596,St Francis Road,,,,transportNetwork,Named Road,620626,136636,1000,20000,620602,136564,620637,136673,CT19,http://data.ordnancesurvey.co.uk/id/postcodedistrict/CT19,Folkestone,http://data.ordnancesurvey.co.uk/id/4000000074566736,http://www.ordnancesurvey.co.uk/xml/codelists/localtype.xml#town,Folkestone and Hythe,http://data.ordnancesurvey.co.uk/id/7000000000018085,http://data.ordnancesurvey.co.uk/ontology/admingeo/District,Kent,http://data.ordnancesurvey.co.uk/id/7000000000018210,http://data.ordnancesurvey.co.uk/ontology/admingeo/County,South East,http://data.ordnancesurvey.co.uk/id/7000000000041421,England,http://data.ordnancesurvey.co.uk/id/country/england,,,
osgb4000000032997636,http://data.ordnancesurvey.co.uk/id/4000000032997636,Coolinge Road,,,,transportNetwork,Named Road,622520,136178,2000,20000,622401,136101,622643,136270,CT20,http://data.ordnancesurvey.co.uk/id/postcodedistrict/CT20,Folkestone,http://data.ordnancesurvey.co.uk/id/4000000074566736,http://www.ordnancesurvey.co.uk/xml/codelists/localtype.xml#town,Folkestone and Hythe,http://data.ordnancesurvey.co.uk/id/7000000000018085,http://data.ordnancesurvey.co.uk/ontology/admingeo/District,Kent,http://data.ordnancesurvey.co.uk/id/7000000000018210,http://data.ordnancesurvey.co.uk/ontology/admingeo/County,South East,http://data.ordnancesurvey.co.uk/id/7000000000041421,England,http://data.ordnancesurvey.co.uk/id/country/england,,,
osgb4000000032999591,http://data.ordnancesurvey.co.uk/id/4000000032999591,Enbrook Valley,,,,transportNetwork,Named Road,620204,136266,4000,20000,620174,135998,620504,136538,CT20,http://data.ordnancesurvey.co.uk/id/postcodedistrict/CT20,Folkestone,http://data.ordnancesurvey.co.uk/id/4000000074566736,http://www.ordnancesurvey.co.uk/xml/codelists/localtype.xml#town,Folkestone and Hythe,http://data.ordnancesurvey.co.uk/id/7000000000018085,http://data.ordnancesurvey.co.uk/ontology/admingeo/District,Kent,http://data.ordnancesurvey.co.uk/id/7000000000018210,http://data.ordnancesurvey.co.uk/ontology/admingeo/County,South East,http://data.ordnancesurvey.co.uk/id/7000000000041421,England,http://data.ordnancesurvey.co.uk/id/country/england,,,
osgb5000005215576056,http://data.ordnancesurvey.co.uk/id/5000005215576056,Juniper Way,,,,transportNetwork,Named Road,621371,139359,1000,20000,621271,139299,621431,139394,CT18,http://data.ordnancesurvey.co.uk/id/postcodedistrict/CT18,Hawkinge,http://data.ordnancesurvey.co.uk/id/4000000074566747,http://www.ordnancesurvey.co.uk/xml/codelists/localtype.xml#village,Folkestone and Hythe,http://data.ordnancesurvey.co.uk/id/7000000000018085,http://data.ordnancesurvey.co.uk/ontology/admingeo/District,Kent,http://data.ordnancesurvey.co.uk/id/7000000000018210,http://data.ordnancesurvey.co.uk/ontology/admingeo/County,South East,http://data.ordnancesurvey.co.uk/id/7000000000041421,England,http://data.ordnancesurvey.co.uk/id/country/england,,,
osgb4000000032995477,http://data.ordnancesurvey.co.uk/id/4000000032995477,Old Folkestone Road,,,,transportNetwork,Named Road,630464,139958,4000,20000,630168,139716,630825,140102,CT17,http://data.ordnancesurvey.co.uk/id/postcodedistrict/CT17,Dover,http://data.ordnancesurvey.co.uk/id/4000000074568379,http://www.ordnancesurvey.co.uk/xml/codelists/localtype.xml#town,Dover,http://data.ordnancesurvey.co.uk/id/7000000000017977,http://data.ordnancesurvey.co.uk/ontology/admingeo/District,Kent,http://data.ordnancesurvey.co.uk/id/7000000000018210,http://data.ordnancesurvey.co.uk/ontology/admingeo/County,South East,http://data.ordnancesurvey.co.uk/id/7000000000041421,England,http://data.ordnancesurvey.co.uk/id/country/england,,,
1f5e9eb0-94bf-4c77-8e11-9e8a9642bfa9,http://data.ordnancesurvey.co.uk/id/1f5e9eb0-94bf-4c77-8e11-9e8a9642bfa9,Aerodrome Road,,,,transportNetwork,Section Of Named Road,621016,139875,7000,25000,620509,139555,621518,140021,CT18,http://data.ordnancesurvey.co.uk/id/postcodedistrict/CT18,Hawkinge,http://data.ordnancesurvey.co.uk/id/4000000074566747,http://www.ordnancesurvey.co.uk/xml/codelists/localtype.xml#village,Folkestone and Hythe,http://data.ordnancesurvey.co.uk/id/7000000000018085,http://data.ordnancesurvey.co.uk/ontology/admingeo/District,Kent,http://data.ordnancesurvey.co.uk/id/7000000000018210,http://data.ordnancesurvey.co.uk/ontology/admingeo/County,South East,http://data.ordnancesurvey.co.uk/id/7000000000041421,England,http://data.ordnancesurvey.co.uk/id/country/england,osgb4000000032996233,,
osgb4000000033001209,http://data.ordnancesurvey.co.uk/id/4000000033001209,Grice Close,,,,transportNetwork,Named Road,620867,139395,1000,20000,620826,139387,620877,139432,CT18,http://data.ordnancesurvey.co.uk/id/postcodedistrict/CT18,Hawkinge,http://data.ordnancesurvey.co.uk/id/4000000074566747,http://www.ordnancesurvey.co.uk/xml/codelists/localtype.xml#village,Folkestone and Hythe,http://data.ordnancesurvey.co.uk/id/7000000000018085,http://data.ordnancesurvey.co.uk/ontology/admingeo/District,Kent,http://data.ordnancesurvey.co.uk/id/7000000000018210,http://data.ordnancesurvey.co.uk/ontology/admingeo/County,South East,http://data.ordnancesurvey.co.uk/id/7000000000041421,England,http://data.ordnancesurvey.co.uk/id/country/england,,,
osgb4000000032997719,http://data.ordnancesurvey.co.uk/id/4000000032997719,Montgomery Way,,,,transportNetwork,Named Road,623029,137845,1000,20000,622964,137677,623134,137875,CT19,http://data.ordnancesurvey.co.uk/id/postcodedistrict/CT19,Folkestone,http://data.ordnancesurvey.co.uk/id/4000000074566736,http://www.ordnancesurvey.co.uk/xml/codelists/localtype.xml#town,Folkestone and Hythe,http://data.ordnancesurvey.co.uk/id/7000000000018085,http://data.ordnancesurvey.co.uk/ontology/admingeo/District,Kent,http://data.ordnancesurvey.co.uk/id/7000000000018210,http://data.ordnancesurvey.co.uk/ontology/admingeo/County,South East,http://data.ordnancesurvey.co.uk/id/7000000000041421,England,http://data.ordnancesurvey.co.uk/id/country/england,,,
osgb4000000032999686,http://data.ordnancesurvey.co.uk/id/4000000032999686,Beatty Close,,,,transportNetwork,Named Road,623000,137527,1000,20000,622980,137514,623026,137536,CT19,http://data.ordnancesurvey.co.uk/id/postcodedistrict/CT19,Folkestone,http://data.ordnancesurvey.co.uk/id/4000000074566736,http://www.ordnancesurvey.co.uk/xml/codelists/localtype.xml#town,Folkestone and Hythe,http://data.ordnancesurvey.co.uk/id/7000000000018085,http://data.ordnancesurvey.co.uk/ontology/admingeo/District,Kent,http://data.ordnancesurvey.co.uk/id/7000000000018210,http://data.ordnancesurvey.co.uk/ontology/admingeo/County,South East,http://data.ordnancesurvey.co.uk/id/7000000000041421,England,http://data.ordnancesurvey.co.uk/id/country/england,,,
osgb4000000032999689,http://data.ordnancesurvey.co.uk/id/4000000032999689,Keyes Place,,,,transportNetwork,Named Road,623377,137500,1000,20000,623325,137449,623391,137513,CT19,http://data.ordnancesurvey.co.uk/id/postcodedistrict/CT19,Folkestone,http://data.ordnancesurvey.co.uk/id/4000000074566736,http://www.ordnancesurvey.co.uk/xml/codelists/localtype.xml#town,Folkestone and Hythe,http://data.ordnancesurvey.co.uk/id/7000000000018085,http://data.ordnancesurvey.co.uk/ontology/admingeo/District,Kent,http://data.ordnancesurvey.co.uk/id/7000000000018210,http://data.ordnancesurvey.co.uk/ontology/admingeo/County,South East,http://data.ordnancesurvey.co.uk/id/7000000000041421,England,http://data.ordnancesurvey.co.uk/id/country/england,,,
osgb4000000032999622,http://data.ordnancesurvey.co.uk/id/4000000032999622,Copthall Gardens,,,,transportNetwork,Named Road,622771,136204,1000,20000,622718,136155,622805,136211,CT20,http://data.ordnancesurvey.co.uk/id/postcodedistrict/CT20,Folkestone,http://data.ordnancesurvey.co.uk/id/4000000074566736,http://www.ordnancesurvey.co.uk/xml/codelists/localtype.xml#town,Folkestone and Hythe,http://data.ordnancesurvey.co.uk/id/7000000000018085,http://data.ordnancesurvey.co.uk/ontology/admingeo/District,Kent,http://data.ordnancesurvey.co.uk/id/7000000000018210,http://data.ordnancesurvey.co.uk/ontology/admingeo/County,South East,http://data.ordnancesurvey.co.uk/id/7000000000041421,England,http://data.ordnancesurvey.co.uk/id/country/england,,,
osgb5000005215279481,http://data.ordnancesurvey.co.uk/id/5000005215279481,Curzon Avenue,,,,transportNetwork,Named Road,621678,136210,1000,20000,621675,136175,621689,136243,CT20,http://data.ordnancesurvey.co.uk/id/postcodedistrict/CT20,Folkestone,http://data.ordnancesurvey.co.uk/id/4000000074566736,http://www.ordnancesurvey.co.uk/xml/codelists/localtype.xml#town,Folkestone and Hythe,http://data.ordnancesurvey.co.uk/id/7000000000018085,http://data.ordnancesurvey.co.uk/ontology/admingeo/District,Kent,http://data.ordnancesurvey.co.uk/id/7000000000018210,http://data.ordnancesurvey.co.uk/ontology/admingeo/County,South East,http://data.ordnancesurvey.co.uk/id/7000000000041421,England,http://data.ordnancesurvey.co.uk/id/country/england,,,
osgb4000000032997579,http://data.ordnancesurvey.co.uk/id/4000000032997579,Valley Road,,,,transportNetwork,Named Road,620269,135800,1000,20000,620210,135702,620320,135890,CT20,http://data.ordnancesurvey.co.uk/id/postcodedistrict/CT20,Folkestone,http://data.ordnancesurvey.co.uk/id/4000000074566736,http://www.ordnancesurvey.co.uk/xml/codelists/localtype.xml#town,Folkestone and Hythe,http://data.ordnancesurvey.co.uk/id/7000000000018085,http://data.ordnancesurvey.co.uk/ontology/admingeo/District,Kent,http://data.ordnancesurvey.co.uk/id/7000000000018210,http://data.ordnancesurvey.co.uk/ontology/admingeo/County,South East,http://data.ordnancesurvey.co.uk/id/7000000000041421,England,http://data.ordnancesurvey.co.uk/id/country/england,,,
osgb4000000033001168,http://data.ordnancesurvey.co.uk/id/4000000033001168,Longford Terrace,,,,transportNetwork,Named Road,622692,135723,1000,20000,622676,135696,622704,135760,CT20,http://data.ordnancesurvey.co.uk/id/postcodedistrict/CT20,Folkestone,http://data.ordnancesurvey.co.uk/id/4000000074566736,http://www.ordnancesurvey.co.uk/xml/codelists/localtype.xml#town,Folkestone and Hythe,http://data.ordnancesurvey.co.uk/id/7000000000018085,http://data.ordnancesurvey.co.uk/ontology/admingeo/District,Kent,http://data.ordnancesurvey.co.uk/id/7000000000018210,http://data.ordnancesurvey.co.uk/ontology/admingeo/County,South East,http://data.ordnancesurvey.co.uk/id/7000000000041421,England,http://data.ordnancesurvey.co.uk/id/country/england,,,
osgb5000005328181785,http://data.ordnancesurvey.co.uk/id/5000005328181785,Spindle Close,,,,transportNetwork,Named Road,621247,139403,1000,20000,621208,139364,621287,139469,CT18,http://data.ordnancesurvey.co.uk/id/postcodedistrict/CT18,Hawkinge,http://data.ordnancesurvey.co.uk/id/4000000074566747,http://www.ordnancesurvey.co.uk/xml/codelists/localtype.xml#village,Folkestone and Hythe,http://data.ordnancesurvey.co.uk/id/7000000000018085,http://data.ordnancesurvey.co.uk/ontology/admingeo/District,Kent,http://data.ordnancesurvey.co.uk/id/7000000000018210,http://data.ordnancesurvey.co.uk/ontology/admingeo/County,South East,http://data.ordnancesurvey.co.uk/id/7000000000041421,England,http://data.ordnancesurvey.co.uk/id/country/england,,,
osgb4000000032999618,http://data.ordnancesurvey.co.uk/id/4000000032999618,Albion Mews Road,,,,transportNetwork,Named Road,622725,135904,1000,20000,622678,135853,622752,135932,CT20,http://data.ordnancesurvey.co.uk/id/postcodedistrict/CT20,Folkestone,http://data.ordnancesurvey.co.uk/id/4000000074566736,http://www.ordnancesurvey.co.uk/xml/codelists/localtype.xml#town,Folkestone and Hythe,http://data.ordnancesurvey.co.uk/id/7000000000018085,http://data.ordnancesurvey.co.uk/ontology/admingeo/District,Kent,http://data.ordnancesurvey.co.uk/id/7000000000018210,http://data.ordnancesurvey.co.uk/ontology/admingeo/County,South East,http://data.ordnancesurvey.co.uk/id/7000000000041421,England,http://data.ordnancesurvey.co.uk/id/country/england,,,
osgb4000000032997742,http://data.ordnancesurvey.co.uk/id/4000000032997742,Coombe Wood Lane,,,,transportNetwork,Named Road,622098,139652,2000,20000,621931,139574,622278,139733,CT18,http://data.ordnancesurvey.co.uk/id/postcodedistrict/CT18,Hawkinge,http://data.ordnancesurvey.co.uk/id/4000000074566747,http://www.ordnancesurvey.co.uk/xml/codelists/localtype.xml#village,Folkestone and Hythe,http://data.ordnancesurvey.co.uk/id/7000000000018085,http://data.ordnancesurvey.co.uk/ontology/admingeo/District,Kent,http://data.ordnancesurvey.co.uk/id/7000000000018210,http://data.ordnancesurvey.co.uk/ontology/admingeo/County,South East,http://data.ordnancesurvey.co.uk/id/7000000000041421,England,http://data.ordnancesurvey.co.uk/id/country/england,,,
669308bf-dd09-478a-9dc9-5ef8611965c1,http://data.ordnancesurvey.co.uk/id/669308bf-dd09-478a-9dc9-5ef8611965c1,A259,,,,transportNetwork,Section Of Numbered Road,621095,135535,25000,25000,619004,134902,622906,137866,CT20,http://data.ordnancesurvey.co.uk/id/postcodedistrict/CT20,Folkestone,http://data.ordnancesurvey.co.uk/id/4000000074566736,http://www.ordnancesurvey.co.uk/xml/codelists/localtype.xml#town,Folkestone and Hythe,http://data.ordnancesurvey.co.uk/id/7000000000018085,http://data.ordnancesurvey.co.uk/ontology/admingeo/District,Kent,http://data.ordnancesurvey.co.uk/id/7000000000018210,http://data.ordnancesurvey.co.uk/ontology/admingeo/County,South East,http://data.ordnancesurvey.co.uk/id/7000000000041421,England,http://data.ordnancesurvey.co.uk/id/country/england,osgb4000000030880859,,
osgb5000005174925871,http://data.ordnancesurvey.co.uk/id/5000005174925871,Kings Way,,,,transportNetwork,Named Road,622327,137006,1000,20000,622270,136960,622382,137008,CT19,http://data.ordnancesurvey.co.uk/id/postcodedistrict/CT19,Folkestone,http://data.ordnancesurvey.co.uk/id/4000000074566736,http://www.ordnancesurvey.co.uk/xml/codelists/localtype.xml#town,Folkestone and Hythe,http://data.ordnancesurvey.co.uk/id/7000000000018085,http://data.ordnancesurvey.co.uk/ontology/admingeo/District,Kent,http://data.ordnancesurvey.co.uk/id/7000000000018210,http://data.ordnancesurvey.co.uk/ontology/admingeo/County,South East,http://data.ordnancesurvey.co.uk/id/7000000000041421,England,http://data.ordnancesurvey.co.uk/id/country/england,,,
osgb4000000032999629,http://data.ordnancesurvey.co.uk/id/4000000032999629,Boscombe Road,,,,transportNetwork,Named Road,622482,136539,1000,20000,622430,136491,622522,136582,CT19,http://data.ordnancesurvey.co.uk/id/postcodedistrict/CT19,Folkestone,http://data.ordnancesurvey.co.uk/id/4000000074566736,http://www.ordnancesurvey.co.uk/xml/codelists/localtype.xml#town,Folkestone and Hythe,http://data.ordnancesurvey.co.uk/id/7000000000018085,http://data.ordnancesurvey.co.uk/ontology/admingeo/District,Kent,http://data.ordnancesurvey.co.uk/id/7000000000018210,http://data.ordnancesurvey.co.uk/ontology/admingeo/County,South East,http://data.ordnancesurvey.co.uk/id/7000000000041421,England,http://data.ordnancesurvey.co.uk/id/country/england,,,
osgb5000005174925869,http://data.ordnancesurvey.co.uk/id/5000005174925869,Eton Walk,,,,transportNetwork,Named Road,622270,137008,1000,20000,622269,136954,622271,137073,CT19,http://data.ordnancesurvey.co.uk/id/postcodedistrict/CT19,Folkestone,http://data.ordnancesurvey.co.uk/id/4000000074566736,http://www.ordnancesurvey.co.uk/xml/codelists/localtype.xml#town,Folkestone and Hythe,http://data.ordnancesurvey.co.uk/id/7000000000018085,http://data.ordnancesurvey.co.uk/ontology/admingeo/District,Kent,http://data.ordnancesurvey.co.uk/id/7000000000018210,http://data.ordnancesurvey.co.uk/ontology/admingeo/County,South East,http://data.ordnancesurvey.co.uk/id/7000000000041421,England,http://data.ordnancesurvey.co.uk/id/country/england,,,
osgb4000000032996242,http://data.ordnancesurvey.co.uk/id/4000000032996242,Alexandra Road,,,,transportNetwork,Named Road,625102,138597,3000,20000,624850,138418,625240,138715,CT18,http://data.ordnancesurvey.co.uk/id/postcodedistrict/CT18,Capel-le-Ferne,http://data.ordnancesurvey.co.uk/id/4000000074568384,http://www.ordnancesurvey.co.uk/xml/codelists/localtype.xml#village,Dover,http://data.ordnancesurvey.co.uk/id/7000000000017977,http://data.ordnancesurvey.co.uk/ontology/admingeo/District,Kent,http://data.ordnancesurvey.co.uk/id/7000000000018210,http://data.ordnancesurvey.co.uk/ontology/admingeo/County,South East,http://data.ordnancesurvey.co.uk/id/7000000000041421,England,http://data.ordnancesurvey.co.uk/id/country/england,,,
osgb4000000032996178,http://data.ordnancesurvey.co.uk/id/4000000032996178,Audley Road,,,,transportNetwork,Named Road,620888,136240,2000,20000,620816,136123,620960,136369,CT20,http://data.ordnancesurvey.co.uk/id/postcodedistrict/CT20,Folkestone,http://data.ordnancesurvey.co.uk/id/4000000074566736,http://www.ordnancesurvey.co.uk/xml/codelists/localtype.xml#town,Folkestone and Hythe,http://data.ordnancesurvey.co.uk/id/7000000000018085,http://data.ordnancesurvey.co.uk/ontology/admingeo/District,Kent,http://data.ordnancesurvey.co.uk/id/7000000000018210,http://data.ordnancesurvey.co.uk/ontology/admingeo/County,South East,http://data.ordnancesurvey.co.uk/id/7000000000041421,England,http://data.ordnancesurvey.co.uk/id/country/england,,,
osgb4000000033001867,http://data.ordnancesurvey.co.uk/id/4000000033001867,Gillman Close,,,,transportNetwork,Named Road,620604,139842,1000,20000,620582,139808,620627,139859,CT18,http://data.ordnancesurvey.co.uk/id/postcodedistrict/CT18,Hawkinge,http://data.ordnancesurvey.co.uk/id/4000000074566747,http://www.ordnancesurvey.co.uk/xml/codelists/localtype.xml#village,Folkestone and Hythe,http://data.ordnancesurvey.co.uk/id/7000000000018085,http://data.ordnancesurvey.co.uk/ontology/admingeo/District,Kent,http://data.ordnancesurvey.co.uk/id/7000000000018210,http://data.ordnancesurvey.co.uk/ontology/admingeo/County,South East,http://data.ordnancesurvey.co.uk/id/7000000000041421,England,http://data.ordnancesurvey.co.uk/id/country/england,,,
osgb5000005130473559,http://data.ordnancesurvey.co.uk/id/5000005130473559,Walter Tull Way,,,,transportNetwork,Named Road,622840,136684,1000,20000,622815,136657,622860,136717,CT19,http://data.ordnancesurvey.co.uk/id/postcodedistrict/CT19,Folkestone,http://data.ordnancesurvey.co.uk/id/4000000074566736,http://www.ordnancesurvey.co.uk/xml/codelists/localtype.xml#town,Folkestone and Hythe,http://data.ordnancesurvey.co.uk/id/7000000000018085,http://data.ordnancesurvey.co.uk/ontology/admingeo/District,Kent,http://data.ordnancesurvey.co.uk/id/7000000000018210,http://data.ordnancesurvey.co.uk/ontology/admingeo/County,South East,http://data.ordnancesurvey.co.uk/id/7000000000041421,England,http://data.ordnancesurvey.co.uk/id/country/england,,,
osgb4000000032996214,http://data.ordnancesurvey.co.uk/id/4000000032996214,Tile Kiln Lane,,,,transportNetwork,Named Road,620698,137264,2000,20000,620511,137227,620894,137268,CT19,http://data.ordnancesurvey.co.uk/id/postcodedistrict/CT19,Folkestone,http://data.ordnancesurvey.co.uk/id/4000000074566736,http://www.ordnancesurvey.co.uk/xml/codelists/localtype.xml#town,Folkestone and Hythe,http://data.ordnancesurvey.co.uk/id/7000000000018085,http://data.ordnancesurvey.co.uk/ontology/admingeo/District,Kent,http://data.ordnancesurvey.co.uk/id/7000000000018210,http://data.ordnancesurvey.co.uk/ontology/admingeo/County,South East,http://data.ordnancesurvey.co.uk/id/7000000000041421,England,http://data.ordnancesurvey.co.uk/id/country/england,,,
osgb4000000032997677,http://data.ordnancesurvey.co.uk/id/4000000032997677,East Cliff,,,,transportNetwork,Named Road,623487,136379,1000,20000,623388,136357,623554,136405,CT19,http://data.ordnancesurvey.co.uk/id/postcodedistrict/CT19,Folkestone,http://data.ordnancesurvey.co.uk/id/4000000074566736,http://www.ordnancesurvey.co.uk/xml/codelists/localtype.xml#town,Folkestone and Hythe,http://data.ordnancesurvey.co.uk/id/7000000000018085,http://data.ordnancesurvey.co.uk/ontology/admingeo/District,Kent,http://data.ordnancesurvey.co.uk/id/7000000000018210,http://data.ordnancesurvey.co.uk/ontology/admingeo/County,South East,http://data.ordnancesurvey.co.uk/id/7000000000041421,England,http://data.ordnancesurvey.co.uk/id/country/england,,,
osgb4000000033001212,http://data.ordnancesurvey.co.uk/id/4000000033001212,Widgeon Walk,,,,transportNetwork,Named Road,621726,139379,1000,20000,621725,139374,621726,139411,CT18,http://data.ordnancesurvey.co.uk/id/postcodedistrict/CT18,Hawkinge,http://data.ordnancesurvey.co.uk/id/4000000074566747,http://www.ordnancesurvey.co.uk/xml/codelists/localtype.xml#village,Folkestone and Hythe,http://data.ordnancesurvey.co.uk/id/7000000000018085,http://data.ordnancesurvey.co.uk/ontology/admingeo/District,Kent,http://data.ordnancesurvey.co.uk/id/7000000000018210,http://data.ordnancesurvey.co.uk/ontology/admingeo/County,South East,http://data.ordnancesurvey.co.uk/id/7000000000041421,England,http://data.ordnancesurvey.co.uk/id/country/england,,,
osgb4000000033001171,http://data.ordnancesurvey.co.uk/id/4000000033001171,Ingles Way,,,,transportNetwork,Named Road,622554,136240,1000,20000,622546,136217,622572,136249,CT20,http://data.ordnancesurvey.co.uk/id/postcodedistrict/CT20,Folkestone,http://data.ordnancesurvey.co.uk/id/4000000074566736,http://www.ordnancesurvey.co.uk/xml/codelists/localtype.xml#town,Folkestone and Hythe,http://data.ordnancesurvey.co.uk/id/7000000000018085,http://data.ordnancesurvey.co.uk/ontology/admingeo/District,Kent,http://data.ordnancesurvey.co.uk/id/7000000000018210,http://data.ordnancesurvey.co.uk/ontology/admingeo/County,South East,http://data.ordnancesurvey.co.uk/id/7000000000041421,England,http://data.ordnancesurvey.co.uk/id/country/england,,,
osgb4000000033001863,http://data.ordnancesurvey.co.uk/id/4000000033001863,Creteway Close,,,,transportNetwork,Named Road,623032,137776,1000,20000,622953,137748,623118,137783,CT19,http://data.ordnancesurvey.co.uk/id/postcodedistrict/CT19,Folkestone,http://data.ordnancesurvey.co.uk/id/4000000074566736,http://www.ordnancesurvey.co.uk/xml/codelists/localtype.xml#town,Folkestone and Hythe,http://data.ordnancesurvey.co.uk/id/7000000000018085,http://data.ordnancesurvey.co.uk/ontology/admingeo/District,Kent,http://data.ordnancesurvey.co.uk/id/7000000000018210,http://data.ordnancesurvey.co.uk/ontology/admingeo/County,South East,http://data.ordnancesurvey.co.uk/id/7000000000041421,England,http://data.ordnancesurvey.co.uk/id/country/england,,,
osgb4000000033001859,http://data.ordnancesurvey.co.uk/id/4000000033001859,Norrington Mead,,,,transportNetwork,Named Road,621412,137301,1000,20000,621399,137293,621412,137322,CT19,http://data.ordnancesurvey.co.uk/id/postcodedistrict/CT19,Folkestone,http://data.ordnancesurvey.co.uk/id/4000000074566736,http://www.ordnancesurvey.co.uk/xml/codelists/localtype.xml#town,Folkestone and Hythe,http://data.ordnancesurvey.co.uk/id/7000000000018085,http://data.ordnancesurvey.co.uk/ontology/admingeo/District,Kent,http://data.ordnancesurvey.co.uk/id/7000000000018210,http://data.ordnancesurvey.co.uk/ontology/admingeo/County,South East,http://data.ordnancesurvey.co.uk/id/7000000000041421,England,http://data.ordnancesurvey.co.uk/id/country/england,,,
osgb4000000033001992,http://data.ordnancesurvey.co.uk/id/4000000033001992,B2011,,,,transportNetwork,Numbered Road,627689,139303,55000,250000,623251,137596,631682,141550,CT15,http://data.ordnancesurvey.co.uk/id/postcodedistrict/CT15,,,,Dover,http://data.ordnancesurvey.co.uk/id/7000000000017977,http://data.ordnancesurvey.co.uk/ontology/admingeo/District,Kent,http://data.ordnancesurvey.co.uk/id/7000000000018210,http://data.ordnancesurvey.co.uk/ontology/admingeo/County,South East,http://data.ordnancesurvey.co.uk/id/7000000000041421,England,http://data.ordnancesurvey.co.uk/id/country/england,,,
osgb5000005289155652,http://data.ordnancesurvey.co.uk/id/5000005289155652,Milestone Close,,,,transportNetwork,Named Road,621939,139626,1000,20000,621913,139588,621946,139653,CT18,http://data.ordnancesurvey.co.uk/id/postcodedistrict/CT18,Hawkinge,http://data.ordnancesurvey.co.uk/id/4000000074566747,http://www.ordnancesurvey.co.uk/xml/codelists/localtype.xml#village,Folkestone and Hythe,http://data.ordnancesurvey.co.uk/id/7000000000018085,http://data.ordnancesurvey.co.uk/ontology/admingeo/District,Kent,http://data.ordnancesurvey.co.uk/id/7000000000018210,http://data.ordnancesurvey.co.uk/ontology/admingeo/County,South East,http://data.ordnancesurvey.co.uk/id/7000000000041421,England,http://data.ordnancesurvey.co.uk/id/country/england,,,
osgb4000000032999662,http://data.ordnancesurvey.co.uk/id/4000000032999662,Kent Road,,,,transportNetwork,Named Road,620230,137166,1000,20000,620209,137138,620276,137195,CT19,http://data.ordnancesurvey.co.uk/id/postcodedistrict/CT19,Folkestone,http://data.ordnancesurvey.co.uk/id/4000000074566736,http://www.ordnancesurvey.co.uk/xml/codelists/localtype.xml#town,Folkestone and Hythe,http://data.ordnancesurvey.co.uk/id/7000000000018085,http://data.ordnancesurvey.co.uk/ontology/admingeo/District,Kent,http://data.ordnancesurvey.co.uk/id/7000000000018210,http://data.ordnancesurvey.co.uk/ontology/admingeo/County,South East,http://data.ordnancesurvey.co.uk/id/7000000000041421,England,http://data.ordnancesurvey.co.uk/id/country/england,,,
osgb4000000032997657,http://data.ordnancesurvey.co.uk/id/4000000032997657,Victoria Road,,,,transportNetwork,Named Road,622431,136436,1000,20000,622427,136380,622450,136487,CT19,http://data.ordnancesurvey.co.uk/id/postcodedistrict/CT19,Folkestone,http://data.ordnancesurvey.co.uk/id/4000000074566736,http://www.ordnancesurvey.co.uk/xml/codelists/localtype.xml#town,Folkestone and Hythe,http://data.ordnancesurvey.co.uk/id/7000000000018085,http://data.ordnancesurvey.co.uk/ontology/admingeo/District,Kent,http://data.ordnancesurvey.co.uk/id/7000000000018210,http://data.ordnancesurvey.co.uk/ontology/admingeo/County,South East,http://data.ordnancesurvey.co.uk/id/7000000000041421,England,http://data.ordnancesurvey.co.uk/id/country/england,,,
osgb4000000032996197,http://data.ordnancesurvey.co.uk/id/4000000032996197,The Old High Street,,,,transportNetwork,Named Road,623073,136057,2000,20000,622954,136027,623194,136062,CT20,http://data.ordnancesurvey.co.uk/id/postcodedistrict/CT20,Folkestone,http://data.ordnancesurvey.co.uk/id/4000000074566736,http://www.ordnancesurvey.co.uk/xml/codelists/localtype.xml#town,Folkestone and Hythe,http://data.ordnancesurvey.co.uk/id/7000000000018085,http://data.ordnancesurvey.co.uk/ontology/admingeo/District,Kent,http://data.ordnancesurvey.co.uk/id/7000000000018210,http://data.ordnancesurvey.co.uk/ontology/admingeo/County,South East,http://data.ordnancesurvey.co.uk/id/7000000000041421,England,http://data.ordnancesurvey.co.uk/id/country/england,,,
osgb4000000032997588,http://data.ordnancesurvey.co.uk/id/4000000032997588,Taylor Road,,,,transportNetwork,Named Road,620053,136663,1000,20000,619999,136662,620096,136663,CT19,http://data.ordnancesurvey.co.uk/id/postcodedistrict/CT19,Folkestone,http://data.ordnancesurvey.co.uk/id/4000000074566736,http://www.ordnancesurvey.co.uk/xml/codelists/localtype.xml#town,Folkestone and Hythe,http://data.ordnancesurvey.co.uk/id/7000000000018085,http://data.ordnancesurvey.co.uk/ontology/admingeo/District,Kent,http://data.ordnancesurvey.co.uk/id/7000000000018210,http://data.ordnancesurvey.co.uk/ontology/admingeo/County,South East,http://data.ordnancesurvey.co.uk/id/7000000000041421,England,http://data.ordnancesurvey.co.uk/id/country/england,,,
osgb4000000033001207,http://data.ordnancesurvey.co.uk/id/4000000033001207,Thompson Close,,,,transportNetwork,Named Road,621570,137375,1000,20000,621569,137375,621570,137411,CT19,http://data.ordnancesurvey.co.uk/id/postcodedistrict/CT19,Folkestone,http://data.ordnancesurvey.co.uk/id/4000000074566736,http://www.ordnancesurvey.co.uk/xml/codelists/localtype.xml#town,Folkestone and Hythe,http://data.ordnancesurvey.co.uk/id/7000000000018085,http://data.ordnancesurvey.co.uk/ontology/admingeo/District,Kent,http://data.ordnancesurvey.co.uk/id/7000000000018210,http://data.ordnancesurvey.co.uk/ontology/admingeo/County,South East,http://data.ordnancesurvey.co.uk/id/7000000000041421,England,http://data.ordnancesurvey.co.uk/id/country/england,,,
osgb4000000032997606,http://data.ordnancesurvey.co.uk/id/4000000032997606,Ravenlea Road,,,,transportNetwork,Named Road,621413,136154,1000,20000,621405,136089,621434,136276,CT20,http://data.ordnancesurvey.co.uk/id/postcodedistrict/CT20,Folkestone,http://data.ordnancesurvey.co.uk/id/4000000074566736,http://www.ordnancesurvey.co.uk/xml/codelists/localtype.xml#town,Folkestone and Hythe,http://data.ordnancesurvey.co.uk/id/7000000000018085,http://data.ordnancesurvey.co.uk/ontology/admingeo/District,Kent,http://data.ordnancesurvey.co.uk/id/7000000000018210,http://data.ordnancesurvey.co.uk/ontology/admingeo/County,South East,http://data.ordnancesurvey.co.uk/id/7000000000041421,England,http://data.ordnancesurvey.co.uk/id/country/england,,,
osgb4000000032996225,http://data.ordnancesurvey.co.uk/id/4000000032996225,Wingate Road,,,,transportNetwork,Named Road,622736,137390,2000,20000,622624,137377,622886,137406,CT19,http://data.ordnancesurvey.co.uk/id/postcodedistrict/CT19,Folkestone,http://data.ordnancesurvey.co.uk/id/4000000074566736,http://www.ordnancesurvey.co.uk/xml/codelists/localtype.xml#town,Folkestone and Hythe,http://data.ordnancesurvey.co.uk/id/7000000000018085,http://data.ordnancesurvey.co.uk/ontology/admingeo/District,Kent,http://data.ordnancesurvey.co.uk/id/7000000000018210,http://data.ordnancesurvey.co.uk/ontology/admingeo/County,South East,http://data.ordnancesurvey.co.uk/id/7000000000041421,England,http://data.ordnancesurvey.co.uk/id/country/england,,,
osgb4000000033005959,http://data.ordnancesurvey.co.uk/id/4000000033005959,Bittern Close,,,,transportNetwork,Named Road,621128,139216,1000,20000,621093,139174,621150,139216,CT18,http://data.ordnancesurvey.co.uk/id/postcodedistrict/CT18,Hawkinge,http://data.ordnancesurvey.co.uk/id/4000000074566747,http://www.ordnancesurvey.co.uk/xml/codelists/localtype.xml#village,Folkestone and Hythe,http://data.ordnancesurvey.co.uk/id/7000000000018085,http://data.ordnancesurvey.co.uk/ontology/admingeo/District,Kent,http://data.ordnancesurvey.co.uk/id/7000000000018210,http://data.ordnancesurvey.co.uk/ontology/admingeo/County,South East,http://data.ordnancesurvey.co.uk/id/7000000000041421,England,http://data.ordnancesurvey.co.uk/id/country/england,,,
osgb4000000033001866,http://data.ordnancesurvey.co.uk/id/4000000033001866,Kirton Close,,,,transportNetwork,Named Road,620794,139694,1000,20000,620768,139684,620799,139715,CT18,http://data.ordnancesurvey.co.uk/id/postcodedistrict/CT18,Hawkinge,http://data.ordnancesurvey.co.uk/id/4000000074566747,http://www.ordnancesurvey.co.uk/xml/codelists/localtype.xml#village,Folkestone and Hythe,http://data.ordnancesurvey.co.uk/id/7000000000018085,http://data.ordnancesurvey.co.uk/ontology/admingeo/District,Kent,http://data.ordnancesurvey.co.uk/id/7000000000018210,http://data.ordnancesurvey.co.uk/ontology/admingeo/County,South East,http://data.ordnancesurvey.co.uk/id/7000000000041421,England,http://data.ordnancesurvey.co.uk/id/country/england,,,
osgb5000005332765342,http://data.ordnancesurvey.co.uk/id/5000005332765342,Folkestone Seafront Boardwalk,,,,transportNetwork,Named Road,623117,135653,5000,20000,622734,135580,623496,135761,CT20,http://data.ordnancesurvey.co.uk/id/postcodedistrict/CT20,Folkestone,http://data.ordnancesurvey.co.uk/id/4000000074566736,http://www.ordnancesurvey.co.uk/xml/codelists/localtype.xml#town,Folkestone and Hythe,http://data.ordnancesurvey.co.uk/id/7000000000018085,http://data.ordnancesurvey.co.uk/ontology/admingeo/District,Kent,http://data.ordnancesurvey.co.uk/id/7000000000018210,http://data.ordnancesurvey.co.uk/ontology/admingeo/County,South East,http://data.ordnancesurvey.co.uk/id/7000000000041421,England,http://data.ordnancesurvey.co.uk/id/country/england,,,
osgb4000000032997709,http://data.ordnancesurvey.co.uk/id/4000000032997709,Moat Farm Road,,,,transportNetwork,Named Road,622473,137112,1000,20000,622391,136989,622528,137191,CT19,http://data.ordnancesurvey.co.uk/id/postcodedistrict/CT19,Folkestone,http://data.ordnancesurvey.co.uk/id/4000000074566736,http://www.ordnancesurvey.co.uk/xml/codelists/localtype.xml#town,Folkestone and Hythe,http://data.ordnancesurvey.co.uk/id/7000000000018085,http://data.ordnancesurvey.co.uk/ontology/admingeo/District,Kent,http://data.ordnancesurvey.co.uk/id/7000000000018210,http://data.ordnancesurvey.co.uk/ontology/admingeo/County,South East,http://data.ordnancesurvey.co.uk/id/7000000000041421,England,http://data.ordnancesurvey.co.uk/id/country/england,,,
osgb4000000032996204,http://data.ordnancesurvey.co.uk/id/4000000032996204,St John's Church Road,,,,transportNetwork,Named Road,622500,136613,1000,20000,622360,136610,622581,136627,CT19,http://data.ordnancesurvey.co.uk/id/postcodedistrict/CT19,Folkestone,http://data.ordnancesurvey.co.uk/id/4000000074566736,http://www.ordnancesurvey.co.uk/xml/codelists/localtype.xml#town,Folkestone and Hythe,http://data.ordnancesurvey.co.uk/id/7000000000018085,http://data.ordnancesurvey.co.uk/ontology/admingeo/District,Kent,http://data.ordnancesurvey.co.uk/id/7000000000018210,http://data.ordnancesurvey.co.uk/ontology/admingeo/County,South East,http://data.ordnancesurvey.co.uk/id/7000000000041421,England,http://data.ordnancesurvey.co.uk/id/country/england,,,
osgb4000000032997631,http://data.ordnancesurvey.co.uk/id/4000000032997631,Brockman Road,,,,transportNetwork,Named Road,622347,136219,2000,20000,622233,136171,622504,136239,CT20,http://data.ordnancesurvey.co.uk/id/postcodedistrict/CT20,Folkestone,http://data.ordnancesurvey.co.uk/id/4000000074566736,http://www.ordnancesurvey.co.uk/xml/codelists/localtype.xml#town,Folkestone and Hythe,http://data.ordnancesurvey.co.uk/id/7000000000018085,http://data.ordnancesurvey.co.uk/ontology/admingeo/District,Kent,http://data.ordnancesurvey.co.uk/id/7000000000018210,http://data.ordnancesurvey.co.uk/ontology/admingeo/County,South East,http://data.ordnancesurvey.co.uk/id/7000000000041421,England,http://data.ordnancesurvey.co.uk/id/country/england,,,
osgb4000000032999613,http://data.ordnancesurvey.co.uk/id/4000000032999613,Priory Gardens,,,,transportNetwork,Named Road,622988,135840,1000,20000,622932,135819,623004,135896,CT20,http://data.ordnancesurvey.co.uk/id/postcodedistrict/CT20,Folkestone,http://data.ordnancesurvey.co.uk/id/4000000074566736,http://www.ordnancesurvey.co.uk/xml/codelists/localtype.xml#town,Folkestone and Hythe,http://data.ordnancesurvey.co.uk/id/7000000000018085,http://data.ordnancesurvey.co.uk/ontology/admingeo/District,Kent,http://data.ordnancesurvey.co.uk/id/7000000000018210,http://data.ordnancesurvey.co.uk/ontology/admingeo/County,South East,http://data.ordnancesurvey.co.uk/id/7000000000041421,England,http://data.ordnancesurvey.co.uk/id/country/england,,,
osgb4000000032999592,http://data.ordnancesurvey.co.uk/id/4000000032999592,St Winifred Road,,,,transportNetwork,Named Road,620555,136636,1000,20000,620537,136576,620572,136691,CT19,http://data.ordnancesurvey.co.uk/id/postcodedistrict/CT19,Folkestone,http://data.ordnancesurvey.co.uk/id/4000000074566736,http://www.ordnancesurvey.co.uk/xml/codelists/localtype.xml#town,Folkestone and Hythe,http://data.ordnancesurvey.co.uk/id/7000000000018085,http://data.ordnancesurvey.co.uk/ontology/admingeo/District,Kent,http://data.ordnancesurvey.co.uk/id/7000000000018210,http://data.ordnancesurvey.co.uk/ontology/admingeo/County,South East,http://data.ordnancesurvey.co.uk/id/7000000000041421,England,http://data.ordnancesurvey.co.uk/id/country/england,,,
osgb4000000032996241,http://data.ordnancesurvey.co.uk/id/4000000032996241,Albany Road,,,,transportNetwork,Named Road,625024,138447,2000,20000,624850,138419,625187,138487,CT18,http://data.ordnancesurvey.co.uk/id/postcodedistrict/CT18,Capel-le-Ferne,http://data.ordnancesurvey.co.uk/id/4000000074568384,http://www.ordnancesurvey.co.uk/xml/codelists/localtype.xml#village,Dover,http://data.ordnancesurvey.co.uk/id/7000000000017977,http://data.ordnancesurvey.co.uk/ontology/admingeo/District,Kent,http://data.ordnancesurvey.co.uk/id/7000000000018210,http://data.ordnancesurvey.co.uk/ontology/admingeo/County,South East,http://data.ordnancesurvey.co.uk/id/7000000000041421,England,http://data.ordnancesurvey.co.uk/id/country/england,,,
osgb4000000032997644,http://data.ordnancesurvey.co.uk/id/4000000032997644,Shellons Street,,,,transportNetwork,Named Road,622767,136093,1000,20000,622686,136021,622837,136180,CT20,http://data.ordnancesurvey.co.uk/id/postcodedistrict/CT20,Folkestone,http://data.ordnancesurvey.co.uk/id/4000000074566736,http://www.ordnancesurvey.co.uk/xml/codelists/localtype.xml#town,Folkestone and Hythe,http://data.ordnancesurvey.co.uk/id/7000000000018085,http://data.ordnancesurvey.co.uk/ontology/admingeo/District,Kent,http://data.ordnancesurvey.co.uk/id/7000000000018210,http://data.ordnancesurvey.co.uk/ontology/admingeo/County,South East,http://data.ordnancesurvey.co.uk/id/7000000000041421,England,http://data.ordnancesurvey.co.uk/id/country/england,,,
osgb4000000032999570,http://data.ordnancesurvey.co.uk/id/4000000032999570,Trinity Crescent,,,,transportNetwork,Named Road,621973,135520,1000,20000,621933,135462,622000,135572,CT20,http://data.ordnancesurvey.co.uk/id/postcodedistrict/CT20,Folkestone,http://data.ordnancesurvey.co.uk/id/4000000074566736,http://www.ordnancesurvey.co.uk/xml/codelists/localtype.xml#town,Folkestone and Hythe,http://data.ordnancesurvey.co.uk/id/7000000000018085,http://data.ordnancesurvey.co.uk/ontology/admingeo/District,Kent,http://data.ordnancesurvey.co.uk/id/7000000000018210,http://data.ordnancesurvey.co.uk/ontology/admingeo/County,South East,http://data.ordnancesurvey.co.uk/id/7000000000041421,England,http://data.ordnancesurvey.co.uk/id/country/england,,,
osgb4000000033005964,http://data.ordnancesurvey.co.uk/id/4000000033005964,Geddes Close,,,,transportNetwork,Named Road,620750,139359,1000,20000,620737,139355,620759,139378,CT18,http://data.ordnancesurvey.co.uk/id/postcodedistrict/CT18,Hawkinge,http://data.ordnancesurvey.co.uk/id/4000000074566747,http://www.ordnancesurvey.co.uk/xml/codelists/localtype.xml#village,Folkestone and Hythe,http://data.ordnancesurvey.co.uk/id/7000000000018085,http://data.ordnancesurvey.co.uk/ontology/admingeo/District,Kent,http://data.ordnancesurvey.co.uk/id/7000000000018210,http://data.ordnancesurvey.co.uk/ontology/admingeo/County,South East,http://data.ordnancesurvey.co.uk/id/7000000000041421,England,http://data.ordnancesurvey.co.uk/id/country/england,,,
osgb4000000068752619,http://data.ordnancesurvey.co.uk/id/4000000068752619,Littlemead,,,,transportNetwork,Named Road,621406,137194,1000,20000,621356,137156,621473,137251,CT19,http://data.ordnancesurvey.co.uk/id/postcodedistrict/CT19,Folkestone,http://data.ordnancesurvey.co.uk/id/4000000074566736,http://www.ordnancesurvey.co.uk/xml/codelists/localtype.xml#town,Folkestone and Hythe,http://data.ordnancesurvey.co.uk/id/7000000000018085,http://data.ordnancesurvey.co.uk/ontology/admingeo/District,Kent,http://data.ordnancesurvey.co.uk/id/7000000000018210,http://data.ordnancesurvey.co.uk/ontology/admingeo/County,South East,http://data.ordnancesurvey.co.uk/id/7000000000041421,England,http://data.ordnancesurvey.co.uk/id/country/england,,,
osgb4000000032996179,http://data.ordnancesurvey.co.uk/id/4000000032996179,Godwyn Road,,,,transportNetwork,Named Road,621445,135941,3000,20000,621428,135680,621476,136085,CT20,http://data.ordnancesurvey.co.uk/id/postcodedistrict/CT20,Folkestone,http://data.ordnancesurvey.co.uk/id/4000000074566736,http://www.ordnancesurvey.co.uk/xml/codelists/localtype.xml#town,Folkestone and Hythe,http://data.ordnancesurvey.co.uk/id/7000000000018085,http://data.ordnancesurvey.co.uk/ontology/admingeo/District,Kent,http://data.ordnancesurvey.co.uk/id/7000000000018210,http://data.ordnancesurvey.co.uk/ontology/admingeo/County,South East,http://data.ordnancesurvey.co.uk/id/7000000000041421,England,http://data.ordnancesurvey.co.uk/id/country/england,,,
osgb4000000032996224,http://data.ordnancesurvey.co.uk/id/4000000032996224,Sidney Street,,,,transportNetwork,Named Road,623144,137076,2000,20000,623075,136915,623198,137203,CT19,http://data.ordnancesurvey.co.uk/id/postcodedistrict/CT19,Folkestone,http://data.ordnancesurvey.co.uk/id/4000000074566736,http://www.ordnancesurvey.co.uk/xml/codelists/localtype.xml#town,Folkestone and Hythe,http://data.ordnancesurvey.co.uk/id/7000000000018085,http://data.ordnancesurvey.co.uk/ontology/admingeo/District,Kent,http://data.ordnancesurvey.co.uk/id/7000000000018210,http://data.ordnancesurvey.co.uk/ontology/admingeo/County,South East,http://data.ordnancesurvey.co.uk/id/7000000000041421,England,http://data.ordnancesurvey.co.uk/id/country/england,,,
osgb4000000032999651,http://data.ordnancesurvey.co.uk/id/4000000032999651,Stuart Road,,,,transportNetwork,Named Road,623426,136965,1000,20000,623393,136943,623488,136981,CT19,http://data.ordnancesurvey.co.uk/id/postcodedistrict/CT19,Folkestone,http://data.ordnancesurvey.co.uk/id/4000000074566736,http://www.ordnancesurvey.co.uk/xml/codelists/localtype.xml#town,Folkestone and Hythe,http://data.ordnancesurvey.co.uk/id/7000000000018085,http://data.ordnancesurvey.co.uk/ontology/admingeo/District,Kent,http://data.ordnancesurvey.co.uk/id/7000000000018210,http://data.ordnancesurvey.co.uk/ontology/admingeo/County,South East,http://data.ordnancesurvey.co.uk/id/7000000000041421,England,http://data.ordnancesurvey.co.uk/id/country/england,,,
osgb4000000032997627,http://data.ordnancesurvey.co.uk/id/4000000032997627,Manor Road,,,,transportNetwork,Named Road,622395,135893,2000,20000,622325,135716,622457,136087,CT20,http://data.ordnancesurvey.co.uk/id/postcodedistrict/CT20,Folkestone,http://data.ordnancesurvey.co.uk/id/4000000074566736,http://www.ordnancesurvey.co.uk/xml/codelists/localtype.xml#town,Folkestone and Hythe,http://data.ordnancesurvey.co.uk/id/7000000000018085,http://data.ordnancesurvey.co.uk/ontology/admingeo/District,Kent,http://data.ordnancesurvey.co.uk/id/7000000000018210,http://data.ordnancesurvey.co.uk/ontology/admingeo/County,South East,http://data.ordnancesurvey.co.uk/id/7000000000041421,England,http://data.ordnancesurvey.co.uk/id/country/england,,,
osgb5000005325432629,http://data.ordnancesurvey.co.uk/id/5000005325432629,Snowdrop Walk,,,,transportNetwork,Named Road,622077,136073,1000,20000,622003,136039,622126,136081,CT20,http://data.ordnancesurvey.co.uk/id/postcodedistrict/CT20,Folkestone,http://data.ordnancesurvey.co.uk/id/4000000074566736,http://www.ordnancesurvey.co.uk/xml/codelists/localtype.xml#town,Folkestone and Hythe,http://data.ordnancesurvey.co.uk/id/7000000000018085,http://data.ordnancesurvey.co.uk/ontology/admingeo/District,Kent,http://data.ordnancesurvey.co.uk/id/7000000000018210,http://data.ordnancesurvey.co.uk/ontology/admingeo/County,South East,http://data.ordnancesurvey.co.uk/id/7000000000041421,England,http://data.ordnancesurvey.co.uk/id/country/england,,,
osgb4000000033044364,http://data.ordnancesurvey.co.uk/id/4000000033044364,Trunley Way,,,,transportNetwork,Named Road,620657,139229,1000,20000,620586,139170,620710,139295,CT18,http://data.ordnancesurvey.co.uk/id/postcodedistrict/CT18,Hawkinge,http://data.ordnancesurvey.co.uk/id/4000000074566747,http://www.ordnancesurvey.co.uk/xml/codelists/localtype.xml#village,Folkestone and Hythe,http://data.ordnancesurvey.co.uk/id/7000000000018085,http://data.ordnancesurvey.co.uk/ontology/admingeo/District,Kent,http://data.ordnancesurvey.co.uk/id/7000000000018210,http://data.ordnancesurvey.co.uk/ontology/admingeo/County,South East,http://data.ordnancesurvey.co.uk/id/7000000000041421,England,http://data.ordnancesurvey.co.uk/id/country/england,,,
osgb4000000033001198,http://data.ordnancesurvey.co.uk/id/4000000033001198,Woodfield Avenue,,,,transportNetwork,Named Road,620014,137155,1000,20000,620014,137155,620021,137228,CT19,http://data.ordnancesurvey.co.uk/id/postcodedistrict/CT19,Folkestone,http://data.ordnancesurvey.co.uk/id/4000000074566736,http://www.ordnancesurvey.co.uk/xml/codelists/localtype.xml#town,Folkestone and Hythe,http://data.ordnancesurvey.co.uk/id/7000000000018085,http://data.ordnancesurvey.co.uk/ontology/admingeo/District,Kent,http://data.ordnancesurvey.co.uk/id/7000000000018210,http://data.ordnancesurvey.co.uk/ontology/admingeo/County,South East,http://data.ordnancesurvey.co.uk/id/7000000000041421,England,http://data.ordnancesurvey.co.uk/id/country/england,,,
osgb5000005130507046,http://data.ordnancesurvey.co.uk/id/5000005130507046,Milky Whey,,,,transportNetwork,Named Road,620080,137010,1000,20000,620010,137007,620125,137013,CT19,http://data.ordnancesurvey.co.uk/id/postcodedistrict/CT19,Folkestone,http://data.ordnancesurvey.co.uk/id/4000000074566736,http://www.ordnancesurvey.co.uk/xml/codelists/localtype.xml#town,Folkestone and Hythe,http://data.ordnancesurvey.co.uk/id/7000000000018085,http://data.ordnancesurvey.co.uk/ontology/admingeo/District,Kent,http://data.ordnancesurvey.co.uk/id/7000000000018210,http://data.ordnancesurvey.co.uk/ontology/admingeo/County,South East,http://data.ordnancesurvey.co.uk/id/7000000000041421,England,http://data.ordnancesurvey.co.uk/id/country/england,,,
osgb4000000032997624,http://data.ordnancesurvey.co.uk/id/4000000032997624,Clifton Gardens,,,,transportNetwork,Named Road,622316,135572,1000,20000,622123,135460,622337,135624,CT20,http://data.ordnancesurvey.co.uk/id/postcodedistrict/CT20,Folkestone,http://data.ordnancesurvey.co.uk/id/4000000074566736,http://www.ordnancesurvey.co.uk/xml/codelists/localtype.xml#town,Folkestone and Hythe,http://data.ordnancesurvey.co.uk/id/7000000000018085,http://data.ordnancesurvey.co.uk/ontology/admingeo/District,Kent,http://data.ordnancesurvey.co.uk/id/7000000000018210,http://data.ordnancesurvey.co.uk/ontology/admingeo/County,South East,http://data.ordnancesurvey.co.uk/id/7000000000041421,England,http://data.ordnancesurvey.co.uk/id/country/england,,,
osgb4000000033001173,http://data.ordnancesurvey.co.uk/id/4000000033001173,Harbour Street,,,,transportNetwork,Named Road,623230,136010,1000,20000,623194,135942,623234,136062,CT20,http://data.ordnancesurvey.co.uk/id/postcodedistrict/CT20,Folkestone,http://data.ordnancesurvey.co.uk/id/4000000074566736,http://www.ordnancesurvey.co.uk/xml/codelists/localtype.xml#town,Folkestone and Hythe,http://data.ordnancesurvey.co.uk/id/7000000000018085,http://data.ordnancesurvey.co.uk/ontology/admingeo/District,Kent,http://data.ordnancesurvey.co.uk/id/7000000000018210,http://data.ordnancesurvey.co.uk/ontology/admingeo/County,South East,http://data.ordnancesurvey.co.uk/id/7000000000041421,England,http://data.ordnancesurvey.co.uk/id/country/england,,,
osgb4000000032997659,http://data.ordnancesurvey.co.uk/id/4000000032997659,Bournemouth Road,,,,transportNetwork,Named Road,622431,136500,1000,20000,622327,136411,622525,136566,CT19,http://data.ordnancesurvey.co.uk/id/postcodedistrict/CT19,Folkestone,http://data.ordnancesurvey.co.uk/id/4000000074566736,http://www.ordnancesurvey.co.uk/xml/codelists/localtype.xml#town,Folkestone and Hythe,http://data.ordnancesurvey.co.uk/id/7000000000018085,http://data.ordnancesurvey.co.uk/ontology/admingeo/District,Kent,http://data.ordnancesurvey.co.uk/id/7000000000018210,http://data.ordnancesurvey.co.uk/ontology/admingeo/County,South East,http://data.ordnancesurvey.co.uk/id/7000000000041421,England,http://data.ordnancesurvey.co.uk/id/country/england,,,
osgb4000000032997567,http://data.ordnancesurvey.co.uk/id/4000000032997567,Cliff Road,,,,transportNetwork,Named Road,621230,135432,1000,20000,621168,135365,621371,135472,CT20,http://data.ordnancesurvey.co.uk/id/postcodedistrict/CT20,Folkestone,http://data.ordnancesurvey.co.uk/id/4000000074566736,http://www.ordnancesurvey.co.uk/xml/codelists/localtype.xml#town,Folkestone and Hythe,http://data.ordnancesurvey.co.uk/id/7000000000018085,http://data.ordnancesurvey.co.uk/ontology/admingeo/District,Kent,http://data.ordnancesurvey.co.uk/id/7000000000018210,http://data.ordnancesurvey.co.uk/ontology/admingeo/County,South East,http://data.ordnancesurvey.co.uk/id/7000000000041421,England,http://data.ordnancesurvey.co.uk/id/country/england,,,
osgb4000000033046732,http://data.ordnancesurvey.co.uk/id/4000000033046732,Paddock Mews,,,,transportNetwork,Named Road,620716,136268,1000,20000,620706,136260,620732,136268,CT20,http://data.ordnancesurvey.co.uk/id/postcodedistrict/CT20,Folkestone,http://data.ordnancesurvey.co.uk/id/4000000074566736,http://www.ordnancesurvey.co.uk/xml/codelists/localtype.xml#town,Folkestone and Hythe,http://data.ordnancesurvey.co.uk/id/7000000000018085,http://data.ordnancesurvey.co.uk/ontology/admingeo/District,Kent,http://data.ordnancesurvey.co.uk/id/7000000000018210,http://data.ordnancesurvey.co.uk/ontology/admingeo/County,South East,http://data.ordnancesurvey.co.uk/id/7000000000041421,England,http://data.ordnancesurvey.co.uk/id/country/england,,,
osgb4000000033001197,http://data.ordnancesurvey.co.uk/id/4000000033001197,Channel Close,,,,transportNetwork,Named Road,623800,137035,1000,20000,623789,137009,623831,137065,CT19,http://data.ordnancesurvey.co.uk/id/postcodedistrict/CT19,Folkestone,http://data.ordnancesurvey.co.uk/id/4000000074566736,http://www.ordnancesurvey.co.uk/xml/codelists/localtype.xml#town,Folkestone and Hythe,http://data.ordnancesurvey.co.uk/id/7000000000018085,http://data.ordnancesurvey.co.uk/ontology/admingeo/District,Kent,http://data.ordnancesurvey.co.uk/id/7000000000018210,http://data.ordnancesurvey.co.uk/ontology/admingeo/County,South East,http://data.ordnancesurvey.co.uk/id/7000000000041421,England,http://data.ordnancesurvey.co.uk/id/country/england,,,
osgb4000000033001177,http://data.ordnancesurvey.co.uk/id/4000000033001177,Bayle Street,,,,transportNetwork,Named Road,623038,136018,1000,20000,623002,136012,623058,136027,CT20,http://data.ordnancesurvey.co.uk/id/postcodedistrict/CT20,Folkestone,http://data.ordnancesurvey.co.uk/id/4000000074566736,http://www.ordnancesurvey.co.uk/xml/codelists/localtype.xml#town,Folkestone and Hythe,http://data.ordnancesurvey.co.uk/id/7000000000018085,http://data.ordnancesurvey.co.uk/ontology/admingeo/District,Kent,http://data.ordnancesurvey.co.uk/id/7000000000018210,http://data.ordnancesurvey.co.uk/ontology/admingeo/County,South East,http://data.ordnancesurvey.co.uk/id/7000000000041421,England,http://data.ordnancesurvey.co.uk/id/country/england,,,
osgb4000000032997682,http://data.ordnancesurvey.co.uk/id/4000000032997682,Hasborough Road,,,,transportNetwork,Named Road,623824,136576,2000,20000,623718,136537,623949,136603,CT19,http://data.ordnancesurvey.co.uk/id/postcodedistrict/CT19,Folkestone,http://data.ordnancesurvey.co.uk/id/4000000074566736,http://www.ordnancesurvey.co.uk/xml/codelists/localtype.xml#town,Folkestone and Hythe,http://data.ordnancesurvey.co.uk/id/7000000000018085,http://data.ordnancesurvey.co.uk/ontology/admingeo/District,Kent,http://data.ordnancesurvey.co.uk/id/7000000000018210,http://data.ordnancesurvey.co.uk/ontology/admingeo/County,South East,http://data.ordnancesurvey.co.uk/id/7000000000041421,England,http://data.ordnancesurvey.co.uk/id/country/england,,,
osgb4000000032997668,http://data.ordnancesurvey.co.uk/id/4000000032997668,Mead Road,,,,transportNetwork,Named Road,622685,136941,1000,20000,622582,136925,622799,136941,CT19,http://data.ordnancesurvey.co.uk/id/postcodedistrict/CT19,Folkestone,http://data.ordnancesurvey.co.uk/id/4000000074566736,http://www.ordnancesurvey.co.uk/xml/codelists/localtype.xml#town,Folkestone and Hythe,http://data.ordnancesurvey.co.uk/id/7000000000018085,http://data.ordnancesurvey.co.uk/ontology/admingeo/District,Kent,http://data.ordnancesurvey.co.uk/id/7000000000018210,http://data.ordnancesurvey.co.uk/ontology/admingeo/County,South East,http://data.ordnancesurvey.co.uk/id/7000000000041421,England,http://data.ordnancesurvey.co.uk/id/country/england,,,
osgb4000000033032060,http://data.ordnancesurvey.co.uk/id/4000000033032060,St Stephen's Way,,,,transportNetwork,Named Road,620956,135521,1000,20000,620905,135521,621012,135552,CT20,http://data.ordnancesurvey.co.uk/id/postcodedistrict/CT20,Folkestone,http://data.ordnancesurvey.co.uk/id/4000000074566736,http://www.ordnancesurvey.co.uk/xml/codelists/localtype.xml#town,Folkestone and Hythe,http://data.ordnancesurvey.co.uk/id/7000000000018085,http://data.ordnancesurvey.co.uk/ontology/admingeo/District,Kent,http://data.ordnancesurvey.co.uk/id/7000000000018210,http://data.ordnancesurvey.co.uk/ontology/admingeo/County,South East,http://data.ordnancesurvey.co.uk/id/7000000000041421,England,http://data.ordnancesurvey.co.uk/id/country/england,,,
osgb4000000033005944,http://data.ordnancesurvey.co.uk/id/4000000033005944,Petrel Way,,,,transportNetwork,Named Road,621139,139136,1000,20000,621048,139051,621219,139211,CT18,http://data.ordnancesurvey.co.uk/id/postcodedistrict/CT18,Hawkinge,http://data.ordnancesurvey.co.uk/id/4000000074566747,http://www.ordnancesurvey.co.uk/xml/codelists/localtype.xml#village,Folkestone and Hythe,http://data.ordnancesurvey.co.uk/id/7000000000018085,http://data.ordnancesurvey.co.uk/ontology/admingeo/District,Kent,http://data.ordnancesurvey.co.uk/id/7000000000018210,http://data.ordnancesurvey.co.uk/ontology/admingeo/County,South East,http://data.ordnancesurvey.co.uk/id/7000000000041421,England,http://data.ordnancesurvey.co.uk/id/country/england,,,
osgb4000000032996222,http://data.ordnancesurvey.co.uk/id/4000000032996222,Pannell Drive,,,,transportNetwork,Named Road,620919,139509,2000,20000,620733,139304,621109,139666,CT18,http://data.ordnancesurvey.co.uk/id/postcodedistrict/CT18,Hawkinge,http://data.ordnancesurvey.co.uk/id/4000000074566747,http://www.ordnancesurvey.co.uk/xml/codelists/localtype.xml#village,Folkestone and Hythe,http://data.ordnancesurvey.co.uk/id/7000000000018085,http://data.ordnancesurvey.co.uk/ontology/admingeo/District,Kent,http://data.ordnancesurvey.co.uk/id/7000000000018210,http://data.ordnancesurvey.co.uk/ontology/admingeo/County,South East,http://data.ordnancesurvey.co.uk/id/7000000000041421,England,http://data.ordnancesurvey.co.uk/id/country/england,,,
osgb4000000033001183,http://data.ordnancesurvey.co.uk/id/4000000033001183,Beach Street,,,,transportNetwork,Named Road,623270,136025,1000,20000,623232,136005,623274,136067,CT20,http://data.ordnancesurvey.co.uk/id/postcodedistrict/CT20,Folkestone,http://data.ordnancesurvey.co.uk/id/4000000074566736,http://www.ordnancesurvey.co.uk/xml/codelists/localtype.xml#town,Folkestone and Hythe,http://data.ordnancesurvey.co.uk/id/7000000000018085,http://data.ordnancesurvey.co.uk/ontology/admingeo/District,Kent,http://data.ordnancesurvey.co.uk/id/7000000000018210,http://data.ordnancesurvey.co.uk/ontology/admingeo/County,South East,http://data.ordnancesurvey.co.uk/id/7000000000041421,England,http://data.ordnancesurvey.co.uk/id/country/england,,,
osgb4000000032999677,http://data.ordnancesurvey.co.uk/id/4000000032999677,Honner Close,,,,transportNetwork,Named Road,620858,139347,1000,20000,620799,139320,620892,139361,CT18,http://data.ordnancesurvey.co.uk/id/postcodedistrict/CT18,Hawkinge,http://data.ordnancesurvey.co.uk/id/4000000074566747,http://www.ordnancesurvey.co.uk/xml/codelists/localtype.xml#village,Folkestone and Hythe,http://data.ordnancesurvey.co.uk/id/7000000000018085,http://data.ordnancesurvey.co.uk/ontology/admingeo/District,Kent,http://data.ordnancesurvey.co.uk/id/7000000000018210,http://data.ordnancesurvey.co.uk/ontology/admingeo/County,South East,http://data.ordnancesurvey.co.uk/id/7000000000041421,England,http://data.ordnancesurvey.co.uk/id/country/england,,,
osgb4000000032996209,http://data.ordnancesurvey.co.uk/id/4000000032996209,Wear Bay Crescent,,,,transportNetwork,Named Road,623719,136525,2000,20000,623615,136333,623719,136713,CT19,http://data.ordnancesurvey.co.uk/id/postcodedistrict/CT19,Folkestone,http://data.ordnancesurvey.co.uk/id/4000000074566736,http://www.ordnancesurvey.co.uk/xml/codelists/localtype.xml#town,Folkestone and Hythe,http://data.ordnancesurvey.co.uk/id/7000000000018085,http://data.ordnancesurvey.co.uk/ontology/admingeo/District,Kent,http://data.ordnancesurvey.co.uk/id/7000000000018210,http://data.ordnancesurvey.co.uk/ontology/admingeo/County,South East,http://data.ordnancesurvey.co.uk/id/7000000000041421,England,http://data.ordnancesurvey.co.uk/id/country/england,,,
osgb4000000032997572,http://data.ordnancesurvey.co.uk/id/4000000032997572,Westbourne Gardens,,,,transportNetwork,Named Road,621755,135604,1000,20000,621604,135533,621834,135639,CT20,http://data.ordnancesurvey.co.uk/id/postcodedistrict/CT20,Folkestone,http://data.ordnancesurvey.co.uk/id/4000000074566736,http://www.ordnancesurvey.co.uk/xml/codelists/localtype.xml#town,Folkestone and Hythe,http://data.ordnancesurvey.co.uk/id/7000000000018085,http://data.ordnancesurvey.co.uk/ontology/admingeo/District,Kent,http://data.ordnancesurvey.co.uk/id/7000000000018210,http://data.ordnancesurvey.co.uk/ontology/admingeo/County,South East,http://data.ordnancesurvey.co.uk/id/7000000000041421,England,http://data.ordnancesurvey.co.uk/id/country/england,,,
osgb4000000032999699,http://data.ordnancesurvey.co.uk/id/4000000032999699,Waddington Drive,,,,transportNetwork,Named Road,621196,139691,1000,20000,621126,139672,621267,139721,CT18,http://data.ordnancesurvey.co.uk/id/postcodedistrict/CT18,Hawkinge,http://data.ordnancesurvey.co.uk/id/4000000074566747,http://www.ordnancesurvey.co.uk/xml/codelists/localtype.xml#village,Folkestone and Hythe,http://data.ordnancesurvey.co.uk/id/7000000000018085,http://data.ordnancesurvey.co.uk/ontology/admingeo/District,Kent,http://data.ordnancesurvey.co.uk/id/7000000000018210,http://data.ordnancesurvey.co.uk/ontology/admingeo/County,South East,http://data.ordnancesurvey.co.uk/id/7000000000041421,England,http://data.ordnancesurvey.co.uk/id/country/england,,,
osgb4000000033005956,http://data.ordnancesurvey.co.uk/id/4000000033005956,Lachlan Way,,,,transportNetwork,Named Road,620682,135241,1000,20000,620680,135211,620691,135247,CT20,http://data.ordnancesurvey.co.uk/id/postcodedistrict/CT20,Folkestone,http://data.ordnancesurvey.co.uk/id/4000000074566736,http://www.ordnancesurvey.co.uk/xml/codelists/localtype.xml#town,Folkestone and Hythe,http://data.ordnancesurvey.co.uk/id/7000000000018085,http://data.ordnancesurvey.co.uk/ontology/admingeo/District,Kent,http://data.ordnancesurvey.co.uk/id/7000000000018210,http://data.ordnancesurvey.co.uk/ontology/admingeo/County,South East,http://data.ordnancesurvey.co.uk/id/7000000000041421,England,http://data.ordnancesurvey.co.uk/id/country/england,,,
osgb5000005322919577,http://data.ordnancesurvey.co.uk/id/5000005322919577,Cobden Road,,,,transportNetwork,Named Road,620031,136776,1000,20000,620031,136749,620039,136779,CT19,http://data.ordnancesurvey.co.uk/id/postcodedistrict/CT19,Folkestone,http://data.ordnancesurvey.co.uk/id/4000000074566736,http://www.ordnancesurvey.co.uk/xml/codelists/localtype.xml#town,Folkestone and Hythe,http://data.ordnancesurvey.co.uk/id/7000000000018085,http://data.ordnancesurvey.co.uk/ontology/admingeo/District,Kent,http://data.ordnancesurvey.co.uk/id/7000000000018210,http://data.ordnancesurvey.co.uk/ontology/admingeo/County,South East,http://data.ordnancesurvey.co.uk/id/7000000000041421,England,http://data.ordnancesurvey.co.uk/id/country/england,,,
osgb4000000032996196,http://data.ordnancesurvey.co.uk/id/4000000032996196,Road Of Remembrance,,,,transportNetwork,Named Road,623000,135816,2000,20000,622809,135746,623121,135891,CT20,http://data.ordnancesurvey.co.uk/id/postcodedistrict/CT20,Folkestone,http://data.ordnancesurvey.co.uk/id/4000000074566736,http://www.ordnancesurvey.co.uk/xml/codelists/localtype.xml#town,Folkestone and Hythe,http://data.ordnancesurvey.co.uk/id/7000000000018085,http://data.ordnancesurvey.co.uk/ontology/admingeo/District,Kent,http://data.ordnancesurvey.co.uk/id/7000000000018210,http://data.ordnancesurvey.co.uk/ontology/admingeo/County,South East,http://data.ordnancesurvey.co.uk/id/7000000000041421,England,http://data.ordnancesurvey.co.uk/id/country/england,,,
osgb4000000032999597,http://data.ordnancesurvey.co.uk/id/4000000032999597,Baker Road,,,,transportNetwork,Named Road,620164,136840,1000,20000,620120,136825,620206,136855,CT19,http://data.ordnancesurvey.co.uk/id/postcodedistrict/CT19,Folkestone,http://data.ordnancesurvey.co.uk/id/4000000074566736,http://www.ordnancesurvey.co.uk/xml/codelists/localtype.xml#town,Folkestone and Hythe,http://data.ordnancesurvey.co.uk/id/7000000000018085,http://data.ordnancesurvey.co.uk/ontology/admingeo/District,Kent,http://data.ordnancesurvey.co.uk/id/7000000000018210,http://data.ordnancesurvey.co.uk/ontology/admingeo/County,South East,http://data.ordnancesurvey.co.uk/id/7000000000041421,England,http://data.ordnancesurvey.co.uk/id/country/england,,,
osgb4000000032997562,http://data.ordnancesurvey.co.uk/id/4000000032997562,St Paul's Way,,,,transportNetwork,Named Road,620556,135781,1000,20000,620454,135718,620593,135828,CT20,http://data.ordnancesurvey.co.uk/id/postcodedistrict/CT20,Folkestone,http://data.ordnancesurvey.co.uk/id/4000000074566736,http://www.ordnancesurvey.co.uk/xml/codelists/localtype.xml#town,Folkestone and Hythe,http://data.ordnancesurvey.co.uk/id/7000000000018085,http://data.ordnancesurvey.co.uk/ontology/admingeo/District,Kent,http://data.ordnancesurvey.co.uk/id/7000000000018210,http://data.ordnancesurvey.co.uk/ontology/admingeo/County,South East,http://data.ordnancesurvey.co.uk/id/7000000000041421,England,http://data.ordnancesurvey.co.uk/id/country/england,,,
osgb5000005232570760,http://data.ordnancesurvey.co.uk/id/5000005232570760,Airship Way,,,,transportNetwork,Named Road,625880,138734,1000,20000,625880,138721,625908,138792,CT18,http://data.ordnancesurvey.co.uk/id/postcodedistrict/CT18,,,,Dover,http://data.ordnancesurvey.co.uk/id/7000000000017977,http://data.ordnancesurvey.co.uk/ontology/admingeo/District,Kent,http://data.ordnancesurvey.co.uk/id/7000000000018210,http://data.ordnancesurvey.co.uk/ontology/admingeo/County,South East,http://data.ordnancesurvey.co.uk/id/7000000000041421,England,http://data.ordnancesurvey.co.uk/id/country/england,,,
osgb4000000032999582,http://data.ordnancesurvey.co.uk/id/4000000032999582,Brabourne Gardens,,,,transportNetwork,Named Road,620500,136386,1000,20000,620491,136351,620508,136417,CT20,http://data.ordnancesurvey.co.uk/id/postcodedistrict/CT20,Folkestone,http://data.ordnancesurvey.co.uk/id/4000000074566736,http://www.ordnancesurvey.co.uk/xml/codelists/localtype.xml#town,Folkestone and Hythe,http://data.ordnancesurvey.co.uk/id/7000000000018085,http://data.ordnancesurvey.co.uk/ontology/admingeo/District,Kent,http://data.ordnancesurvey.co.uk/id/7000000000018210,http://data.ordnancesurvey.co.uk/ontology/admingeo/County,South East,http://data.ordnancesurvey.co.uk/id/7000000000041421,England,http://data.ordnancesurvey.co.uk/id/country/england,,,
osgb4000000033001223,http://data.ordnancesurvey.co.uk/id/4000000033001223,Grebe Close,,,,transportNetwork,Named Road,621397,139877,1000,20000,621388,139859,621400,139910,CT18,http://data.ordnancesurvey.co.uk/id/postcodedistrict/CT18,Hawkinge,http://data.ordnancesurvey.co.uk/id/4000000074566747,http://www.ordnancesurvey.co.uk/xml/codelists/localtype.xml#village,Folkestone and Hythe,http://data.ordnancesurvey.co.uk/id/7000000000018085,http://data.ordnancesurvey.co.uk/ontology/admingeo/District,Kent,http://data.ordnancesurvey.co.uk/id/7000000000018210,http://data.ordnancesurvey.co.uk/ontology/admingeo/County,South East,http://data.ordnancesurvey.co.uk/id/7000000000041421,England,http://data.ordnancesurvey.co.uk/id/country/england,,,
osgb4000000032997602,http://data.ordnancesurvey.co.uk/id/4000000032997602,Bowen Road,,,,transportNetwork,Named Road,620472,136959,1000,20000,620457,136888,620483,137032,CT19,http://data.ordnancesurvey.co.uk/id/postcodedistrict/CT19,Folkestone,http://data.ordnancesurvey.co.uk/id/4000000074566736,http://www.ordnancesurvey.co.uk/xml/codelists/localtype.xml#town,Folkestone and Hythe,http://data.ordnancesurvey.co.uk/id/7000000000018085,http://data.ordnancesurvey.co.uk/ontology/admingeo/District,Kent,http://data.ordnancesurvey.co.uk/id/7000000000018210,http://data.ordnancesurvey.co.uk/ontology/admingeo/County,South East,http://data.ordnancesurvey.co.uk/id/7000000000041421,England,http://data.ordnancesurvey.co.uk/id/country/england,,,
osgb4000000032999604,http://data.ordnancesurvey.co.uk/id/4000000032999604,Pent Vale Close,,,,transportNetwork,Named Road,621341,136962,1000,20000,621334,136925,621352,137016,CT19,http://data.ordnancesurvey.co.uk/id/postcodedistrict/CT19,Folkestone,http://data.ordnancesurvey.co.uk/id/4000000074566736,http://www.ordnancesurvey.co.uk/xml/codelists/localtype.xml#town,Folkestone and Hythe,http://data.ordnancesurvey.co.uk/id/7000000000018085,http://data.ordnancesurvey.co.uk/ontology/admingeo/District,Kent,http://data.ordnancesurvey.co.uk/id/7000000000018210,http://data.ordnancesurvey.co.uk/ontology/admingeo/County,South East,http://data.ordnancesurvey.co.uk/id/7000000000041421,England,http://data.ordnancesurvey.co.uk/id/country/england,,,
osgb4000000032996208,http://data.ordnancesurvey.co.uk/id/4000000032996208,Black Bull Road,,,,transportNetwork,Named Road,622739,136813,3000,20000,622600,136607,622858,137031,CT19,http://data.ordnancesurvey.co.uk/id/postcodedistrict/CT19,Folkestone,http://data.ordnancesurvey.co.uk/id/4000000074566736,http://www.ordnancesurvey.co.uk/xml/codelists/localtype.xml#town,Folkestone and Hythe,http://data.ordnancesurvey.co.uk/id/7000000000018085,http://data.ordnancesurvey.co.uk/ontology/admingeo/District,Kent,http://data.ordnancesurvey.co.uk/id/7000000000018210,http://data.ordnancesurvey.co.uk/ontology/admingeo/County,South East,http://data.ordnancesurvey.co.uk/id/7000000000041421,England,http://data.ordnancesurvey.co.uk/id/country/england,,,
osgb4000000032996152,http://data.ordnancesurvey.co.uk/id/4000000032996152,Sandgate High Street,,,,transportNetwork,Named Road,620460,135198,4000,20000,620118,135106,620793,135294,CT20,http://data.ordnancesurvey.co.uk/id/postcodedistrict/CT20,Folkestone,http://data.ordnancesurvey.co.uk/id/4000000074566736,http://www.ordnancesurvey.co.uk/xml/codelists/localtype.xml#town,Folkestone and Hythe,http://data.ordnancesurvey.co.uk/id/7000000000018085,http://data.ordnancesurvey.co.uk/ontology/admingeo/District,Kent,http://data.ordnancesurvey.co.uk/id/7000000000018210,http://data.ordnancesurvey.co.uk/ontology/admingeo/County,South East,http://data.ordnancesurvey.co.uk/id/7000000000041421,England,http://data.ordnancesurvey.co.uk/id/country/england,,,
osgb4000000032997680,http://data.ordnancesurvey.co.uk/id/4000000032997680,Penfold Road,,,,transportNetwork,Named Road,623567,136604,1000,20000,623454,136568,623617,136712,CT19,http://data.ordnancesurvey.co.uk/id/postcodedistrict/CT19,Folkestone,http://data.ordnancesurvey.co.uk/id/4000000074566736,http://www.ordnancesurvey.co.uk/xml/codelists/localtype.xml#town,Folkestone and Hythe,http://data.ordnancesurvey.co.uk/id/7000000000018085,http://data.ordnancesurvey.co.uk/ontology/admingeo/District,Kent,http://data.ordnancesurvey.co.uk/id/7000000000018210,http://data.ordnancesurvey.co.uk/ontology/admingeo/County,South East,http://data.ordnancesurvey.co.uk/id/7000000000041421,England,http://data.ordnancesurvey.co.uk/id/country/england,,,
osgb4000000033001228,http://data.ordnancesurvey.co.uk/id/4000000033001228,Apple Close,,,,transportNetwork,Named Road,621945,139723,1000,20000,621928,139709,621953,139755,CT18,http://data.ordnancesurvey.co.uk/id/postcodedistrict/CT18,Hawkinge,http://data.ordnancesurvey.co.uk/id/4000000074566747,http://www.ordnancesurvey.co.uk/xml/codelists/localtype.xml#village,Folkestone and Hythe,http://data.ordnancesurvey.co.uk/id/7000000000018085,http://data.ordnancesurvey.co.uk/ontology/admingeo/District,Kent,http://data.ordnancesurvey.co.uk/id/7000000000018210,http://data.ordnancesurvey.co.uk/ontology/admingeo/County,South East,http://data.ordnancesurvey.co.uk/id/7000000000041421,England,http://data.ordnancesurvey.co.uk/id/country/england,,,
f7733da7-9628-4942-afce-142ef10cc702,http://data.ordnancesurvey.co.uk/id/f7733da7-9628-4942-afce-142ef10cc702,Gibraltar Lane,,,,transportNetwork,Section Of Named Road,620705,139027,1000,25000,620636,138998,620779,139069,CT18,http://data.ordnancesurvey.co.uk/id/postcodedistrict/CT18,Gibraltar,http://data.ordnancesurvey.co.uk/id/4000000074566745,http://www.ordnancesurvey.co.uk/xml/codelists/localtype.xml#hamlet,Folkestone and Hythe,http://data.ordnancesurvey.co.uk/id/7000000000018085,http://data.ordnancesurvey.co.uk/ontology/admingeo/District,Kent,http://data.ordnancesurvey.co.uk/id/7000000000018210,http://data.ordnancesurvey.co.uk/ontology/admingeo/County,South East,http://data.ordnancesurvey.co.uk/id/7000000000041421,England,http://data.ordnancesurvey.co.uk/id/country/england,osgb4000000032995455,,
osgb5000005333186893,http://data.ordnancesurvey.co.uk/id/5000005333186893,Arras Close,,,,transportNetwork,Named Road,622785,136642,1000,20000,622760,136617,622820,136682,CT19,http://data.ordnancesurvey.co.uk/id/postcodedistrict/CT19,Folkestone,http://data.ordnancesurvey.co.uk/id/4000000074566736,http://www.ordnancesurvey.co.uk/xml/codelists/localtype.xml#town,Folkestone and Hythe,http://data.ordnancesurvey.co.uk/id/7000000000018085,http://data.ordnancesurvey.co.uk/ontology/admingeo/District,Kent,http://data.ordnancesurvey.co.uk/id/7000000000018210,http://data.ordnancesurvey.co.uk/ontology/admingeo/County,South East,http://data.ordnancesurvey.co.uk/id/7000000000041421,England,http://data.ordnancesurvey.co.uk/id/country/england,,,
osgb4000000032997615,http://data.ordnancesurvey.co.uk/id/4000000032997615,Southmead Close,,,,transportNetwork,Named Road,621276,137000,1000,20000,621268,136946,621286,137051,CT19,http://data.ordnancesurvey.co.uk/id/postcodedistrict/CT19,Folkestone,http://data.ordnancesurvey.co.uk/id/4000000074566736,http://www.ordnancesurvey.co.uk/xml/codelists/localtype.xml#town,Folkestone and Hythe,http://data.ordnancesurvey.co.uk/id/7000000000018085,http://data.ordnancesurvey.co.uk/ontology/admingeo/District,Kent,http://data.ordnancesurvey.co.uk/id/7000000000018210,http://data.ordnancesurvey.co.uk/ontology/admingeo/County,South East,http://data.ordnancesurvey.co.uk/id/7000000000041421,England,http://data.ordnancesurvey.co.uk/id/country/england,,,
osgb4000000032997601,http://data.ordnancesurvey.co.uk/id/4000000032997601,Ilex Road,,,,transportNetwork,Named Road,620555,136785,1000,20000,620533,136703,620574,136855,CT19,http://data.ordnancesurvey.co.uk/id/postcodedistrict/CT19,Folkestone,http://data.ordnancesurvey.co.uk/id/4000000074566736,http://www.ordnancesurvey.co.uk/xml/codelists/localtype.xml#town,Folkestone and Hythe,http://data.ordnancesurvey.co.uk/id/7000000000018085,http://data.ordnancesurvey.co.uk/ontology/admingeo/District,Kent,http://data.ordnancesurvey.co.uk/id/7000000000018210,http://data.ordnancesurvey.co.uk/ontology/admingeo/County,South East,http://data.ordnancesurvey.co.uk/id/7000000000041421,England,http://data.ordnancesurvey.co.uk/id/country/england,,,
1115668c-ea8e-47e7-8376-582a51d7710e,http://data.ordnancesurvey.co.uk/id/1115668c-ea8e-47e7-8376-582a51d7710e,Canterbury Road,,,,transportNetwork,Section Of Named Road,622903,137308,7000,25000,622615,136771,623284,137878,CT19,http://data.ordnancesurvey.co.uk/id/postcodedistrict/CT19,Folkestone,http://data.ordnancesurvey.co.uk/id/4000000074566736,http://www.ordnancesurvey.co.uk/xml/codelists/localtype.xml#town,Folkestone and Hythe,http://data.ordnancesurvey.co.uk/id/7000000000018085,http://data.ordnancesurvey.co.uk/ontology/admingeo/District,Kent,http://data.ordnancesurvey.co.uk/id/7000000000018210,http://data.ordnancesurvey.co.uk/ontology/admingeo/County,South East,http://data.ordnancesurvey.co.uk/id/7000000000041421,England,http://data.ordnancesurvey.co.uk/id/country/england,osgb4000000032994918,,
osgb4000000032997695,http://data.ordnancesurvey.co.uk/id/4000000032997695,Morrison Road,,,,transportNetwork,Named Road,623380,136673,1000,20000,623318,136621,623447,136723,CT20,http://data.ordnancesurvey.co.uk/id/postcodedistrict/CT20,Folkestone,http://data.ordnancesurvey.co.uk/id/4000000074566736,http://www.ordnancesurvey.co.uk/xml/codelists/localtype.xml#town,Folkestone and Hythe,http://data.ordnancesurvey.co.uk/id/7000000000018085,http://data.ordnancesurvey.co.uk/ontology/admingeo/District,Kent,http://data.ordnancesurvey.co.uk/id/7000000000018210,http://data.ordnancesurvey.co.uk/ontology/admingeo/County,South East,http://data.ordnancesurvey.co.uk/id/7000000000041421,England,http://data.ordnancesurvey.co.uk/id/country/england,,,
osgb4000000032996199,http://data.ordnancesurvey.co.uk/id/4000000032996199,Tontine Street,,,,transportNetwork,Named Road,623036,136177,2000,20000,622935,136062,623194,136335,CT20,http://data.ordnancesurvey.co.uk/id/postcodedistrict/CT20,Folkestone,http://data.ordnancesurvey.co.uk/id/4000000074566736,http://www.ordnancesurvey.co.uk/xml/codelists/localtype.xml#town,Folkestone and Hythe,http://data.ordnancesurvey.co.uk/id/7000000000018085,http://data.ordnancesurvey.co.uk/ontology/admingeo/District,Kent,http://data.ordnancesurvey.co.uk/id/7000000000018210,http://data.ordnancesurvey.co.uk/ontology/admingeo/County,South East,http://data.ordnancesurvey.co.uk/id/7000000000041421,England,http://data.ordnancesurvey.co.uk/id/country/england,,,
osgb4000000068752615,http://data.ordnancesurvey.co.uk/id/4000000068752615,Marine Walk,,,,transportNetwork,Named Road,621623,135192,14000,20000,620546,135143,622734,135593,CT20,http://data.ordnancesurvey.co.uk/id/postcodedistrict/CT20,Folkestone,http://data.ordnancesurvey.co.uk/id/4000000074566736,http://www.ordnancesurvey.co.uk/xml/codelists/localtype.xml#town,Folkestone and Hythe,http://data.ordnancesurvey.co.uk/id/7000000000018085,http://data.ordnancesurvey.co.uk/ontology/admingeo/District,Kent,http://data.ordnancesurvey.co.uk/id/7000000000018210,http://data.ordnancesurvey.co.uk/ontology/admingeo/County,South East,http://data.ordnancesurvey.co.uk/id/7000000000041421,England,http://data.ordnancesurvey.co.uk/id/country/england,,,
osgb4000000032996235,http://data.ordnancesurvey.co.uk/id/4000000032996235,Webster Way,,,,transportNetwork,Named Road,621853,139916,2000,20000,621741,139742,621888,140105,CT18,http://data.ordnancesurvey.co.uk/id/postcodedistrict/CT18,Hawkinge,http://data.ordnancesurvey.co.uk/id/4000000074566747,http://www.ordnancesurvey.co.uk/xml/codelists/localtype.xml#village,Folkestone and Hythe,http://data.ordnancesurvey.co.uk/id/7000000000018085,http://data.ordnancesurvey.co.uk/ontology/admingeo/District,Kent,http://data.ordnancesurvey.co.uk/id/7000000000018210,http://data.ordnancesurvey.co.uk/ontology/admingeo/County,South East,http://data.ordnancesurvey.co.uk/id/7000000000041421,England,http://data.ordnancesurvey.co.uk/id/country/england,,,
osgb4000000033001218,http://data.ordnancesurvey.co.uk/id/4000000033001218,Holly Close,,,,transportNetwork,Named Road,623145,137447,1000,20000,623123,137436,623167,137455,CT19,http://data.ordnancesurvey.co.uk/id/postcodedistrict/CT19,Folkestone,http://data.ordnancesurvey.co.uk/id/4000000074566736,http://www.ordnancesurvey.co.uk/xml/codelists/localtype.xml#town,Folkestone and Hythe,http://data.ordnancesurvey.co.uk/id/7000000000018085,http://data.ordnancesurvey.co.uk/ontology/admingeo/District,Kent,http://data.ordnancesurvey.co.uk/id/7000000000018210,http://data.ordnancesurvey.co.uk/ontology/admingeo/County,South East,http://data.ordnancesurvey.co.uk/id/7000000000041421,England,http://data.ordnancesurvey.co.uk/id/country/england,,,
osgb4000000032997716,http://data.ordnancesurvey.co.uk/id/4000000032997716,Ingoldsby Road,,,,transportNetwork,Named Road,623262,137309,1000,20000,623207,137199,623325,137420,CT19,http://data.ordnancesurvey.co.uk/id/postcodedistrict/CT19,Folkestone,http://data.ordnancesurvey.co.uk/id/4000000074566736,http://www.ordnancesurvey.co.uk/xml/codelists/localtype.xml#town,Folkestone and Hythe,http://data.ordnancesurvey.co.uk/id/7000000000018085,http://data.ordnancesurvey.co.uk/ontology/admingeo/District,Kent,http://data.ordnancesurvey.co.uk/id/7000000000018210,http://data.ordnancesurvey.co.uk/ontology/admingeo/County,South East,http://data.ordnancesurvey.co.uk/id/7000000000041421,England,http://data.ordnancesurvey.co.uk/id/country/england,,,
564d2c60-9f16-4a2d-bc41-e526574c7213,http://data.ordnancesurvey.co.uk/id/564d2c60-9f16-4a2d-bc41-e526574c7213,Cauldham Lane,,,,transportNetwork,Section Of Named Road,624644,138549,2000,25000,624492,138453,624752,138637,CT18,http://data.ordnancesurvey.co.uk/id/postcodedistrict/CT18,Capel-le-Ferne,http://data.ordnancesurvey.co.uk/id/4000000074568384,http://www.ordnancesurvey.co.uk/xml/codelists/localtype.xml#village,Dover,http://data.ordnancesurvey.co.uk/id/7000000000017977,http://data.ordnancesurvey.co.uk/ontology/admingeo/District,Kent,http://data.ordnancesurvey.co.uk/id/7000000000018210,http://data.ordnancesurvey.co.uk/ontology/admingeo/County,South East,http://data.ordnancesurvey.co.uk/id/7000000000041421,England,http://data.ordnancesurvey.co.uk/id/country/england,osgb4000000032995083,,
osgb4000000032997690,http://data.ordnancesurvey.co.uk/id/4000000032997690,Martello Road,,,,transportNetwork,Named Road,623325,136531,1000,20000,623236,136517,623408,136552,CT20,http://data.ordnancesurvey.co.uk/id/postcodedistrict/CT20,Folkestone,http://data.ordnancesurvey.co.uk/id/4000000074566736,http://www.ordnancesurvey.co.uk/xml/codelists/localtype.xml#town,Folkestone and Hythe,http://data.ordnancesurvey.co.uk/id/7000000000018085,http://data.ordnancesurvey.co.uk/ontology/admingeo/District,Kent,http://data.ordnancesurvey.co.uk/id/7000000000018210,http://data.ordnancesurvey.co.uk/ontology/admingeo/County,South East,http://data.ordnancesurvey.co.uk/id/7000000000041421,England,http://data.ordnancesurvey.co.uk/id/country/england,,,
osgb4000000032999586,http://data.ordnancesurvey.co.uk/id/4000000032999586,Digby Road,,,,transportNetwork,Named Road,620394,136145,1000,20000,620390,136087,620396,136183,CT20,http://data.ordnancesurvey.co.uk/id/postcodedistrict/CT20,Folkestone,http://data.ordnancesurvey.co.uk/id/4000000074566736,http://www.ordnancesurvey.co.uk/xml/codelists/localtype.xml#town,Folkestone and Hythe,http://data.ordnancesurvey.co.uk/id/7000000000018085,http://data.ordnancesurvey.co.uk/ontology/admingeo/District,Kent,http://data.ordnancesurvey.co.uk/id/7000000000018210,http://data.ordnancesurvey.co.uk/ontology/admingeo/County,South East,http://data.ordnancesurvey.co.uk/id/7000000000041421,England,http://data.ordnancesurvey.co.uk/id/country/england,,,
osgb4000000032997570,http://data.ordnancesurvey.co.uk/id/4000000032997570,Metropole Road East,,,,transportNetwork,Named Road,621663,135436,1000,20000,621616,135347,621675,135521,CT20,http://data.ordnancesurvey.co.uk/id/postcodedistrict/CT20,Folkestone,http://data.ordnancesurvey.co.uk/id/4000000074566736,http://www.ordnancesurvey.co.uk/xml/codelists/localtype.xml#town,Folkestone and Hythe,http://data.ordnancesurvey.co.uk/id/7000000000018085,http://data.ordnancesurvey.co.uk/ontology/admingeo/District,Kent,http://data.ordnancesurvey.co.uk/id/7000000000018210,http://data.ordnancesurvey.co.uk/ontology/admingeo/County,South East,http://data.ordnancesurvey.co.uk/id/7000000000041421,England,http://data.ordnancesurvey.co.uk/id/country/england,,,
osgb4000000032996184,http://data.ordnancesurvey.co.uk/id/4000000032996184,Chart Road,,,,transportNetwork,Named Road,620803,136787,2000,20000,620647,136732,620994,136835,CT19,http://data.ordnancesurvey.co.uk/id/postcodedistrict/CT19,Folkestone,http://data.ordnancesurvey.co.uk/id/4000000074566736,http://www.ordnancesurvey.co.uk/xml/codelists/localtype.xml#town,Folkestone and Hythe,http://data.ordnancesurvey.co.uk/id/7000000000018085,http://data.ordnancesurvey.co.uk/ontology/admingeo/District,Kent,http://data.ordnancesurvey.co.uk/id/7000000000018210,http://data.ordnancesurvey.co.uk/ontology/admingeo/County,South East,http://data.ordnancesurvey.co.uk/id/7000000000041421,England,http://data.ordnancesurvey.co.uk/id/country/england,,,
osgb4000000032999653,http://data.ordnancesurvey.co.uk/id/4000000032999653,Ormonde Road,,,,transportNetwork,Named Road,623404,136613,1000,20000,623387,136560,623423,136638,CT20,http://data.ordnancesurvey.co.uk/id/postcodedistrict/CT20,Folkestone,http://data.ordnancesurvey.co.uk/id/4000000074566736,http://www.ordnancesurvey.co.uk/xml/codelists/localtype.xml#town,Folkestone and Hythe,http://data.ordnancesurvey.co.uk/id/7000000000018085,http://data.ordnancesurvey.co.uk/ontology/admingeo/District,Kent,http://data.ordnancesurvey.co.uk/id/7000000000018210,http://data.ordnancesurvey.co.uk/ontology/admingeo/County,South East,http://data.ordnancesurvey.co.uk/id/7000000000041421,England,http://data.ordnancesurvey.co.uk/id/country/england,,,
osgb4000000032997621,http://data.ordnancesurvey.co.uk/id/4000000032997621,Buttermere Close,,,,transportNetwork,Named Road,621924,137000,1000,20000,621867,136948,621973,137047,CT19,http://data.ordnancesurvey.co.uk/id/postcodedistrict/CT19,Folkestone,http://data.ordnancesurvey.co.uk/id/4000000074566736,http://www.ordnancesurvey.co.uk/xml/codelists/localtype.xml#town,Folkestone and Hythe,http://data.ordnancesurvey.co.uk/id/7000000000018085,http://data.ordnancesurvey.co.uk/ontology/admingeo/District,Kent,http://data.ordnancesurvey.co.uk/id/7000000000018210,http://data.ordnancesurvey.co.uk/ontology/admingeo/County,South East,http://data.ordnancesurvey.co.uk/id/7000000000041421,England,http://data.ordnancesurvey.co.uk/id/country/england,,,
osgb4000000032997675,http://data.ordnancesurvey.co.uk/id/4000000032997675,Radnor Bridge Road,,,,transportNetwork,Named Road,623340,136364,1000,20000,623231,136308,623459,136418,CT20,http://data.ordnancesurvey.co.uk/id/postcodedistrict/CT20,Folkestone,http://data.ordnancesurvey.co.uk/id/4000000074566736,http://www.ordnancesurvey.co.uk/xml/codelists/localtype.xml#town,Folkestone and Hythe,http://data.ordnancesurvey.co.uk/id/7000000000018085,http://data.ordnancesurvey.co.uk/ontology/admingeo/District,Kent,http://data.ordnancesurvey.co.uk/id/7000000000018210,http://data.ordnancesurvey.co.uk/ontology/admingeo/County,South East,http://data.ordnancesurvey.co.uk/id/7000000000041421,England,http://data.ordnancesurvey.co.uk/id/country/england,,,
osgb4000000032997713,http://data.ordnancesurvey.co.uk/id/4000000032997713,Walton Manor Close,,,,transportNetwork,Named Road,622791,137500,1000,20000,622762,137492,622874,137568,CT19,http://data.ordnancesurvey.co.uk/id/postcodedistrict/CT19,Folkestone,http://data.ordnancesurvey.co.uk/id/4000000074566736,http://www.ordnancesurvey.co.uk/xml/codelists/localtype.xml#town,Folkestone and Hythe,http://data.ordnancesurvey.co.uk/id/7000000000018085,http://data.ordnancesurvey.co.uk/ontology/admingeo/District,Kent,http://data.ordnancesurvey.co.uk/id/7000000000018210,http://data.ordnancesurvey.co.uk/ontology/admingeo/County,South East,http://data.ordnancesurvey.co.uk/id/7000000000041421,England,http://data.ordnancesurvey.co.uk/id/country/england,,,
osgb4000000032999585,http://data.ordnancesurvey.co.uk/id/4000000032999585,Hook Close,,,,transportNetwork,Named Road,620714,136385,1000,20000,620710,136367,620725,136437,CT20,http://data.ordnancesurvey.co.uk/id/postcodedistrict/CT20,Folkestone,http://data.ordnancesurvey.co.uk/id/4000000074566736,http://www.ordnancesurvey.co.uk/xml/codelists/localtype.xml#town,Folkestone and Hythe,http://data.ordnancesurvey.co.uk/id/7000000000018085,http://data.ordnancesurvey.co.uk/ontology/admingeo/District,Kent,http://data.ordnancesurvey.co.uk/id/7000000000018210,http://data.ordnancesurvey.co.uk/ontology/admingeo/County,South East,http://data.ordnancesurvey.co.uk/id/7000000000041421,England,http://data.ordnancesurvey.co.uk/id/country/england,,,
osgb4000000033005960,http://data.ordnancesurvey.co.uk/id/4000000033005960,Plover Road,,,,transportNetwork,Named Road,620922,139291,1000,20000,620885,139281,620953,139322,CT18,http://data.ordnancesurvey.co.uk/id/postcodedistrict/CT18,Hawkinge,http://data.ordnancesurvey.co.uk/id/4000000074566747,http://www.ordnancesurvey.co.uk/xml/codelists/localtype.xml#village,Folkestone and Hythe,http://data.ordnancesurvey.co.uk/id/7000000000018085,http://data.ordnancesurvey.co.uk/ontology/admingeo/District,Kent,http://data.ordnancesurvey.co.uk/id/7000000000018210,http://data.ordnancesurvey.co.uk/ontology/admingeo/County,South East,http://data.ordnancesurvey.co.uk/id/7000000000041421,England,http://data.ordnancesurvey.co.uk/id/country/england,,,
osgb4000000033001221,http://data.ordnancesurvey.co.uk/id/4000000033001221,Browning Place,,,,transportNetwork,Named Road,623355,137333,1000,20000,623330,137278,623360,137343,CT19,http://data.ordnancesurvey.co.uk/id/postcodedistrict/CT19,Folkestone,http://data.ordnancesurvey.co.uk/id/4000000074566736,http://www.ordnancesurvey.co.uk/xml/codelists/localtype.xml#town,Folkestone and Hythe,http://data.ordnancesurvey.co.uk/id/7000000000018085,http://data.ordnancesurvey.co.uk/ontology/admingeo/District,Kent,http://data.ordnancesurvey.co.uk/id/7000000000018210,http://data.ordnancesurvey.co.uk/ontology/admingeo/County,South East,http://data.ordnancesurvey.co.uk/id/7000000000041421,England,http://data.ordnancesurvey.co.uk/id/country/england,,,
osgb4000000033005945,http://data.ordnancesurvey.co.uk/id/4000000033005945,Pritchard Drive,,,,transportNetwork,Named Road,621442,139790,1000,20000,621376,139729,621519,139839,CT18,http://data.ordnancesurvey.co.uk/id/postcodedistrict/CT18,Hawkinge,http://data.ordnancesurvey.co.uk/id/4000000074566747,http://www.ordnancesurvey.co.uk/xml/codelists/localtype.xml#village,Folkestone and Hythe,http://data.ordnancesurvey.co.uk/id/7000000000018085,http://data.ordnancesurvey.co.uk/ontology/admingeo/District,Kent,http://data.ordnancesurvey.co.uk/id/7000000000018210,http://data.ordnancesurvey.co.uk/ontology/admingeo/County,South East,http://data.ordnancesurvey.co.uk/id/7000000000041421,England,http://data.ordnancesurvey.co.uk/id/country/england,,,
osgb5000005204280272,http://data.ordnancesurvey.co.uk/id/5000005204280272,Aspen Way,,,,transportNetwork,Named Road,621260,139234,1000,20000,621220,139198,621270,139266,CT18,http://data.ordnancesurvey.co.uk/id/postcodedistrict/CT18,Hawkinge,http://data.ordnancesurvey.co.uk/id/4000000074566747,http://www.ordnancesurvey.co.uk/xml/codelists/localtype.xml#village,Folkestone and Hythe,http://data.ordnancesurvey.co.uk/id/7000000000018085,http://data.ordnancesurvey.co.uk/ontology/admingeo/District,Kent,http://data.ordnancesurvey.co.uk/id/7000000000018210,http://data.ordnancesurvey.co.uk/ontology/admingeo/County,South East,http://data.ordnancesurvey.co.uk/id/7000000000041421,England,http://data.ordnancesurvey.co.uk/id/country/england,,,
osgb4000000032999696,http://data.ordnancesurvey.co.uk/id/4000000032999696,Lysander Walk,,,,transportNetwork,Named Road,621112,139893,1000,20000,621071,139875,621137,139898,CT18,http://data.ordnancesurvey.co.uk/id/postcodedistrict/CT18,Hawkinge,http://data.ordnancesurvey.co.uk/id/4000000074566747,http://www.ordnancesurvey.co.uk/xml/codelists/localtype.xml#village,Folkestone and Hythe,http://data.ordnancesurvey.co.uk/id/7000000000018085,http://data.ordnancesurvey.co.uk/ontology/admingeo/District,Kent,http://data.ordnancesurvey.co.uk/id/7000000000018210,http://data.ordnancesurvey.co.uk/ontology/admingeo/County,South East,http://data.ordnancesurvey.co.uk/id/7000000000041421,England,http://data.ordnancesurvey.co.uk/id/country/england,,,
osgb4000000032999667,http://data.ordnancesurvey.co.uk/id/4000000032999667,Sutton Close,,,,transportNetwork,Named Road,621161,137200,1000,20000,621151,137157,621205,137246,CT19,http://data.ordnancesurvey.co.uk/id/postcodedistrict/CT19,Folkestone,http://data.ordnancesurvey.co.uk/id/4000000074566736,http://www.ordnancesurvey.co.uk/xml/codelists/localtype.xml#town,Folkestone and Hythe,http://data.ordnancesurvey.co.uk/id/7000000000018085,http://data.ordnancesurvey.co.uk/ontology/admingeo/District,Kent,http://data.ordnancesurvey.co.uk/id/7000000000018210,http://data.ordnancesurvey.co.uk/ontology/admingeo/County,South East,http://data.ordnancesurvey.co.uk/id/7000000000041421,England,http://data.ordnancesurvey.co.uk/id/country/england,,,
osgb4000000032999608,http://data.ordnancesurvey.co.uk/id/4000000032999608,West Terrace,,,,transportNetwork,Named Road,622727,135809,1000,20000,622722,135760,622791,135813,CT20,http://data.ordnancesurvey.co.uk/id/postcodedistrict/CT20,Folkestone,http://data.ordnancesurvey.co.uk/id/4000000074566736,http://www.ordnancesurvey.co.uk/xml/codelists/localtype.xml#town,Folkestone and Hythe,http://data.ordnancesurvey.co.uk/id/7000000000018085,http://data.ordnancesurvey.co.uk/ontology/admingeo/District,Kent,http://data.ordnancesurvey.co.uk/id/7000000000018210,http://data.ordnancesurvey.co.uk/ontology/admingeo/County,South East,http://data.ordnancesurvey.co.uk/id/7000000000041421,England,http://data.ordnancesurvey.co.uk/id/country/england,,,
osgb4000000032997684,http://data.ordnancesurvey.co.uk/id/4000000032997684,Whitecliff Way,,,,transportNetwork,Named Road,623923,136935,1000,20000,623906,136827,623923,136967,CT19,http://data.ordnancesurvey.co.uk/id/postcodedistrict/CT19,Folkestone,http://data.ordnancesurvey.co.uk/id/4000000074566736,http://www.ordnancesurvey.co.uk/xml/codelists/localtype.xml#town,Folkestone and Hythe,http://data.ordnancesurvey.co.uk/id/7000000000018085,http://data.ordnancesurvey.co.uk/ontology/admingeo/District,Kent,http://data.ordnancesurvey.co.uk/id/7000000000018210,http://data.ordnancesurvey.co.uk/ontology/admingeo/County,South East,http://data.ordnancesurvey.co.uk/id/7000000000041421,England,http://data.ordnancesurvey.co.uk/id/country/england,,,
osgb4000000032997685,http://data.ordnancesurvey.co.uk/id/4000000032997685,Segrave Road,,,,transportNetwork,Named Road,623584,136468,1000,20000,623505,136403,623674,136497,CT19,http://data.ordnancesurvey.co.uk/id/postcodedistrict/CT19,Folkestone,http://data.ordnancesurvey.co.uk/id/4000000074566736,http://www.ordnancesurvey.co.uk/xml/codelists/localtype.xml#town,Folkestone and Hythe,http://data.ordnancesurvey.co.uk/id/7000000000018085,http://data.ordnancesurvey.co.uk/ontology/admingeo/District,Kent,http://data.ordnancesurvey.co.uk/id/7000000000018210,http://data.ordnancesurvey.co.uk/ontology/admingeo/County,South East,http://data.ordnancesurvey.co.uk/id/7000000000041421,England,http://data.ordnancesurvey.co.uk/id/country/england,,,
osgb4000000032996158,http://data.ordnancesurvey.co.uk/id/4000000032996158,Hardwick Road,,,,transportNetwork,Named Road,621193,135760,2000,20000,621050,135746,621295,135799,CT20,http://data.ordnancesurvey.co.uk/id/postcodedistrict/CT20,Folkestone,http://data.ordnancesurvey.co.uk/id/4000000074566736,http://www.ordnancesurvey.co.uk/xml/codelists/localtype.xml#town,Folkestone and Hythe,http://data.ordnancesurvey.co.uk/id/7000000000018085,http://data.ordnancesurvey.co.uk/ontology/admingeo/District,Kent,http://data.ordnancesurvey.co.uk/id/7000000000018210,http://data.ordnancesurvey.co.uk/ontology/admingeo/County,South East,http://data.ordnancesurvey.co.uk/id/7000000000041421,England,http://data.ordnancesurvey.co.uk/id/country/england,,,
osgb4000000032997683,http://data.ordnancesurvey.co.uk/id/4000000032997683,Foreland Avenue,,,,transportNetwork,Named Road,623831,136818,2000,20000,623672,136713,624007,136834,CT19,http://data.ordnancesurvey.co.uk/id/postcodedistrict/CT19,Folkestone,http://data.ordnancesurvey.co.uk/id/4000000074566736,http://www.ordnancesurvey.co.uk/xml/codelists/localtype.xml#town,Folkestone and Hythe,http://data.ordnancesurvey.co.uk/id/7000000000018085,http://data.ordnancesurvey.co.uk/ontology/admingeo/District,Kent,http://data.ordnancesurvey.co.uk/id/7000000000018210,http://data.ordnancesurvey.co.uk/ontology/admingeo/County,South East,http://data.ordnancesurvey.co.uk/id/7000000000041421,England,http://data.ordnancesurvey.co.uk/id/country/england,,,
075ae0d7-938c-40ed-8ea1-2554c85e6d1e,http://data.ordnancesurvey.co.uk/id/075ae0d7-938c-40ed-8ea1-2554c85e6d1e,Gibraltar Lane,,,,transportNetwork,Section Of Named Road,621043,138915,1000,25000,620966,138873,621116,138948,CT18,http://data.ordnancesurvey.co.uk/id/postcodedistrict/CT18,Hawkinge,http://data.ordnancesurvey.co.uk/id/4000000074566747,http://www.ordnancesurvey.co.uk/xml/codelists/localtype.xml#village,Folkestone and Hythe,http://data.ordnancesurvey.co.uk/id/7000000000018085,http://data.ordnancesurvey.co.uk/ontology/admingeo/District,Kent,http://data.ordnancesurvey.co.uk/id/7000000000018210,http://data.ordnancesurvey.co.uk/ontology/admingeo/County,South East,http://data.ordnancesurvey.co.uk/id/7000000000041421,England,http://data.ordnancesurvey.co.uk/id/country/england,osgb4000000032995455,,
osgb5000005222161322,http://data.ordnancesurvey.co.uk/id/5000005222161322,Napier Court,,,,transportNetwork,Named Road,620853,139767,1000,20000,620836,139756,620864,139767,CT18,http://data.ordnancesurvey.co.uk/id/postcodedistrict/CT18,Hawkinge,http://data.ordnancesurvey.co.uk/id/4000000074566747,http://www.ordnancesurvey.co.uk/xml/codelists/localtype.xml#village,Folkestone and Hythe,http://data.ordnancesurvey.co.uk/id/7000000000018085,http://data.ordnancesurvey.co.uk/ontology/admingeo/District,Kent,http://data.ordnancesurvey.co.uk/id/7000000000018210,http://data.ordnancesurvey.co.uk/ontology/admingeo/County,South East,http://data.ordnancesurvey.co.uk/id/7000000000041421,England,http://data.ordnancesurvey.co.uk/id/country/england,,,
osgb4000000032996227,http://data.ordnancesurvey.co.uk/id/4000000032996227,Ivy Way,,,,transportNetwork,Named Road,623139,137379,2000,20000,623080,137262,623259,137496,CT19,http://data.ordnancesurvey.co.uk/id/postcodedistrict/CT19,Folkestone,http://data.ordnancesurvey.co.uk/id/4000000074566736,http://www.ordnancesurvey.co.uk/xml/codelists/localtype.xml#town,Folkestone and Hythe,http://data.ordnancesurvey.co.uk/id/7000000000018085,http://data.ordnancesurvey.co.uk/ontology/admingeo/District,Kent,http://data.ordnancesurvey.co.uk/id/7000000000018210,http://data.ordnancesurvey.co.uk/ontology/admingeo/County,South East,http://data.ordnancesurvey.co.uk/id/7000000000041421,England,http://data.ordnancesurvey.co.uk/id/country/england,,,
osgb4000000032994906,http://data.ordnancesurvey.co.uk/id/4000000032994906,New Dover Road,,,,transportNetwork,Named Road,625388,138687,18000,20000,624086,137872,626882,138832,CT18,http://data.ordnancesurvey.co.uk/id/postcodedistrict/CT18,Capel-le-Ferne,http://data.ordnancesurvey.co.uk/id/4000000074568384,http://www.ordnancesurvey.co.uk/xml/codelists/localtype.xml#village,Dover,http://data.ordnancesurvey.co.uk/id/7000000000017977,http://data.ordnancesurvey.co.uk/ontology/admingeo/District,Kent,http://data.ordnancesurvey.co.uk/id/7000000000018210,http://data.ordnancesurvey.co.uk/ontology/admingeo/County,South East,http://data.ordnancesurvey.co.uk/id/7000000000041421,England,http://data.ordnancesurvey.co.uk/id/country/england,,,
osgb4000000032996170,http://data.ordnancesurvey.co.uk/id/4000000032996170,Wells Road,,,,transportNetwork,Named Road,620558,136948,1000,20000,620473,136922,620672,136968,CT19,http://data.ordnancesurvey.co.uk/id/postcodedistrict/CT19,Folkestone,http://data.ordnancesurvey.co.uk/id/4000000074566736,http://www.ordnancesurvey.co.uk/xml/codelists/localtype.xml#town,Folkestone and Hythe,http://data.ordnancesurvey.co.uk/id/7000000000018085,http://data.ordnancesurvey.co.uk/ontology/admingeo/District,Kent,http://data.ordnancesurvey.co.uk/id/7000000000018210,http://data.ordnancesurvey.co.uk/ontology/admingeo/County,South East,http://data.ordnancesurvey.co.uk/id/7000000000041421,England,http://data.ordnancesurvey.co.uk/id/country/england,,,
osgb4000000032999664,http://data.ordnancesurvey.co.uk/id/4000000032999664,Cherry Garden Lane,,,,transportNetwork,Named Road,620925,137270,3000,20000,620828,136913,621233,137415,CT19,http://data.ordnancesurvey.co.uk/id/postcodedistrict/CT19,Folkestone,http://data.ordnancesurvey.co.uk/id/4000000074566736,http://www.ordnancesurvey.co.uk/xml/codelists/localtype.xml#town,Folkestone and Hythe,http://data.ordnancesurvey.co.uk/id/7000000000018085,http://data.ordnancesurvey.co.uk/ontology/admingeo/District,Kent,http://data.ordnancesurvey.co.uk/id/7000000000018210,http://data.ordnancesurvey.co.uk/ontology/admingeo/County,South East,http://data.ordnancesurvey.co.uk/id/7000000000041421,England,http://data.ordnancesurvey.co.uk/id/country/england,,,
osgb4000000032996245,http://data.ordnancesurvey.co.uk/id/4000000032996245,Hougham Court Lane,,,,transportNetwork,Named Road,627496,139379,2000,20000,627352,139259,627634,139489,CT15,http://data.ordnancesurvey.co.uk/id/postcodedistrict/CT15,,,,Dover,http://data.ordnancesurvey.co.uk/id/7000000000017977,http://data.ordnancesurvey.co.uk/ontology/admingeo/District,Kent,http://data.ordnancesurvey.co.uk/id/7000000000018210,http://data.ordnancesurvey.co.uk/ontology/admingeo/County,South East,http://data.ordnancesurvey.co.uk/id/7000000000041421,England,http://data.ordnancesurvey.co.uk/id/country/england,,,
osgb4000000032996228,http://data.ordnancesurvey.co.uk/id/4000000032996228,Calgary Crescent,,,,transportNetwork,Named Road,623099,137556,1000,20000,622998,137479,623186,137579,CT19,http://data.ordnancesurvey.co.uk/id/postcodedistrict/CT19,Folkestone,http://data.ordnancesurvey.co.uk/id/4000000074566736,http://www.ordnancesurvey.co.uk/xml/codelists/localtype.xml#town,Folkestone and Hythe,http://data.ordnancesurvey.co.uk/id/7000000000018085,http://data.ordnancesurvey.co.uk/ontology/admingeo/District,Kent,http://data.ordnancesurvey.co.uk/id/7000000000018210,http://data.ordnancesurvey.co.uk/ontology/admingeo/County,South East,http://data.ordnancesurvey.co.uk/id/7000000000041421,England,http://data.ordnancesurvey.co.uk/id/country/england,,,
osgb4000000032997688,http://data.ordnancesurvey.co.uk/id/4000000032997688,Alexandra Street,,,,transportNetwork,Named Road,623274,136953,1000,20000,623163,136913,623353,137003,CT19,http://data.ordnancesurvey.co.uk/id/postcodedistrict/CT19,Folkestone,http://data.ordnancesurvey.co.uk/id/4000000074566736,http://www.ordnancesurvey.co.uk/xml/codelists/localtype.xml#town,Folkestone and Hythe,http://data.ordnancesurvey.co.uk/id/7000000000018085,http://data.ordnancesurvey.co.uk/ontology/admingeo/District,Kent,http://data.ordnancesurvey.co.uk/id/7000000000018210,http://data.ordnancesurvey.co.uk/ontology/admingeo/County,South East,http://data.ordnancesurvey.co.uk/id/7000000000041421,England,http://data.ordnancesurvey.co.uk/id/country/england,,,
osgb4000000032996203,http://data.ordnancesurvey.co.uk/id/4000000032996203,Radnor Park Avenue,,,,transportNetwork,Named Road,622090,136642,3000,20000,621890,136570,622335,136744,CT19,http://data.ordnancesurvey.co.uk/id/postcodedistrict/CT19,Folkestone,http://data.ordnancesurvey.co.uk/id/4000000074566736,http://www.ordnancesurvey.co.uk/xml/codelists/localtype.xml#town,Folkestone and Hythe,http://data.ordnancesurvey.co.uk/id/7000000000018085,http://data.ordnancesurvey.co.uk/ontology/admingeo/District,Kent,http://data.ordnancesurvey.co.uk/id/7000000000018210,http://data.ordnancesurvey.co.uk/ontology/admingeo/County,South East,http://data.ordnancesurvey.co.uk/id/7000000000041421,England,http://data.ordnancesurvey.co.uk/id/country/england,,,
osgb4000000032995455,http://data.ordnancesurvey.co.uk/id/4000000032995455,Gibraltar Lane,,,,transportNetwork,Named Road,621136,138858,9000,20000,620430,138436,621851,139285,CT18,http://data.ordnancesurvey.co.uk/id/postcodedistrict/CT18,,,,Folkestone and Hythe,http://data.ordnancesurvey.co.uk/id/7000000000018085,http://data.ordnancesurvey.co.uk/ontology/admingeo/District,Kent,http://data.ordnancesurvey.co.uk/id/7000000000018210,http://data.ordnancesurvey.co.uk/ontology/admingeo/County,South East,http://data.ordnancesurvey.co.uk/id/7000000000041421,England,http://data.ordnancesurvey.co.uk/id/country/england,,,
osgb4000000032999614,http://data.ordnancesurvey.co.uk/id/4000000032999614,St Eanswythe Way,,,,transportNetwork,Named Road,622845,136078,1000,20000,622795,136033,622908,136128,CT20,http://data.ordnancesurvey.co.uk/id/postcodedistrict/CT20,Folkestone,http://data.ordnancesurvey.co.uk/id/4000000074566736,http://www.ordnancesurvey.co.uk/xml/codelists/localtype.xml#town,Folkestone and Hythe,http://data.ordnancesurvey.co.uk/id/7000000000018085,http://data.ordnancesurvey.co.uk/ontology/admingeo/District,Kent,http://data.ordnancesurvey.co.uk/id/7000000000018210,http://data.ordnancesurvey.co.uk/ontology/admingeo/County,South East,http://data.ordnancesurvey.co.uk/id/7000000000041421,England,http://data.ordnancesurvey.co.uk/id/country/england,,,
osgb4000000032996237,http://data.ordnancesurvey.co.uk/id/4000000032996237,Coombe Way,,,,transportNetwork,Named Road,622065,139559,1000,20000,622032,139473,622092,139649,CT18,http://data.ordnancesurvey.co.uk/id/postcodedistrict/CT18,Hawkinge,http://data.ordnancesurvey.co.uk/id/4000000074566747,http://www.ordnancesurvey.co.uk/xml/codelists/localtype.xml#village,Folkestone and Hythe,http://data.ordnancesurvey.co.uk/id/7000000000018085,http://data.ordnancesurvey.co.uk/ontology/admingeo/District,Kent,http://data.ordnancesurvey.co.uk/id/7000000000018210,http://data.ordnancesurvey.co.uk/ontology/admingeo/County,South East,http://data.ordnancesurvey.co.uk/id/7000000000041421,England,http://data.ordnancesurvey.co.uk/id/country/england,,,
osgb4000000032999568,http://data.ordnancesurvey.co.uk/id/4000000032999568,Bybrook Way,,,,transportNetwork,Named Road,620332,135541,1000,20000,620321,135514,620368,135567,CT20,http://data.ordnancesurvey.co.uk/id/postcodedistrict/CT20,Folkestone,http://data.ordnancesurvey.co.uk/id/4000000074566736,http://www.ordnancesurvey.co.uk/xml/codelists/localtype.xml#town,Folkestone and Hythe,http://data.ordnancesurvey.co.uk/id/7000000000018085,http://data.ordnancesurvey.co.uk/ontology/admingeo/District,Kent,http://data.ordnancesurvey.co.uk/id/7000000000018210,http://data.ordnancesurvey.co.uk/ontology/admingeo/County,South East,http://data.ordnancesurvey.co.uk/id/7000000000041421,England,http://data.ordnancesurvey.co.uk/id/country/england,,,
osgb4000000032996217,http://data.ordnancesurvey.co.uk/id/4000000032996217,Linksway,,,,transportNetwork,Named Road,621432,137478,3000,20000,621226,137356,621656,137580,CT19,http://data.ordnancesurvey.co.uk/id/postcodedistrict/CT19,Folkestone,http://data.ordnancesurvey.co.uk/id/4000000074566736,http://www.ordnancesurvey.co.uk/xml/codelists/localtype.xml#town,Folkestone and Hythe,http://data.ordnancesurvey.co.uk/id/7000000000018085,http://data.ordnancesurvey.co.uk/ontology/admingeo/District,Kent,http://data.ordnancesurvey.co.uk/id/7000000000018210,http://data.ordnancesurvey.co.uk/ontology/admingeo/County,South East,http://data.ordnancesurvey.co.uk/id/7000000000041421,England,http://data.ordnancesurvey.co.uk/id/country/england,,,
osgb4000000033005952,http://data.ordnancesurvey.co.uk/id/4000000033005952,Teal Close,,,,transportNetwork,Named Road,620967,139311,1000,20000,620953,139293,620987,139322,CT18,http://data.ordnancesurvey.co.uk/id/postcodedistrict/CT18,Hawkinge,http://data.ordnancesurvey.co.uk/id/4000000074566747,http://www.ordnancesurvey.co.uk/xml/codelists/localtype.xml#village,Folkestone and Hythe,http://data.ordnancesurvey.co.uk/id/7000000000018085,http://data.ordnancesurvey.co.uk/ontology/admingeo/District,Kent,http://data.ordnancesurvey.co.uk/id/7000000000018210,http://data.ordnancesurvey.co.uk/ontology/admingeo/County,South East,http://data.ordnancesurvey.co.uk/id/7000000000041421,England,http://data.ordnancesurvey.co.uk/id/country/england,,,
osgb4000000033001229,http://data.ordnancesurvey.co.uk/id/4000000033001229,Meadow Close,,,,transportNetwork,Named Road,621888,139927,1000,20000,621865,139924,621910,139939,CT18,http://data.ordnancesurvey.co.uk/id/postcodedistrict/CT18,Hawkinge,http://data.ordnancesurvey.co.uk/id/4000000074566747,http://www.ordnancesurvey.co.uk/xml/codelists/localtype.xml#village,Folkestone and Hythe,http://data.ordnancesurvey.co.uk/id/7000000000018085,http://data.ordnancesurvey.co.uk/ontology/admingeo/District,Kent,http://data.ordnancesurvey.co.uk/id/7000000000018210,http://data.ordnancesurvey.co.uk/ontology/admingeo/County,South East,http://data.ordnancesurvey.co.uk/id/7000000000041421,England,http://data.ordnancesurvey.co.uk/id/country/england,,,
osgb5000005232491232,http://data.ordnancesurvey.co.uk/id/5000005232491232,Foster Way,,,,transportNetwork,Named Road,621595,136144,1000,20000,621515,136120,621605,136192,CT20,http://data.ordnancesurvey.co.uk/id/postcodedistrict/CT20,Folkestone,http://data.ordnancesurvey.co.uk/id/4000000074566736,http://www.ordnancesurvey.co.uk/xml/codelists/localtype.xml#town,Folkestone and Hythe,http://data.ordnancesurvey.co.uk/id/7000000000018085,http://data.ordnancesurvey.co.uk/ontology/admingeo/District,Kent,http://data.ordnancesurvey.co.uk/id/7000000000018210,http://data.ordnancesurvey.co.uk/ontology/admingeo/County,South East,http://data.ordnancesurvey.co.uk/id/7000000000041421,England,http://data.ordnancesurvey.co.uk/id/country/england,,,
osgb4000000032997663,http://data.ordnancesurvey.co.uk/id/4000000032997663,Bradstone Road,,,,transportNetwork,Named Road,622817,136342,1000,20000,622754,136261,622895,136446,CT20,http://data.ordnancesurvey.co.uk/id/postcodedistrict/CT20,Folkestone,http://data.ordnancesurvey.co.uk/id/4000000074566736,http://www.ordnancesurvey.co.uk/xml/codelists/localtype.xml#town,Folkestone and Hythe,http://data.ordnancesurvey.co.uk/id/7000000000018085,http://data.ordnancesurvey.co.uk/ontology/admingeo/District,Kent,http://data.ordnancesurvey.co.uk/id/7000000000018210,http://data.ordnancesurvey.co.uk/ontology/admingeo/County,South East,http://data.ordnancesurvey.co.uk/id/7000000000041421,England,http://data.ordnancesurvey.co.uk/id/country/england,,,
osgb4000000032996216,http://data.ordnancesurvey.co.uk/id/4000000032996216,Shearway Road,,,,transportNetwork,Named Road,620849,137490,2000,20000,620667,137395,621023,137532,CT19,http://data.ordnancesurvey.co.uk/id/postcodedistrict/CT19,Folkestone,http://data.ordnancesurvey.co.uk/id/4000000074566736,http://www.ordnancesurvey.co.uk/xml/codelists/localtype.xml#town,Folkestone and Hythe,http://data.ordnancesurvey.co.uk/id/7000000000018085,http://data.ordnancesurvey.co.uk/ontology/admingeo/District,Kent,http://data.ordnancesurvey.co.uk/id/7000000000018210,http://data.ordnancesurvey.co.uk/ontology/admingeo/County,South East,http://data.ordnancesurvey.co.uk/id/7000000000041421,England,http://data.ordnancesurvey.co.uk/id/country/england,,,
osgb4000000032999603,http://data.ordnancesurvey.co.uk/id/4000000032999603,Godwyn Gardens,,,,transportNetwork,Named Road,621371,135960,1000,20000,621371,135941,621445,135960,CT20,http://data.ordnancesurvey.co.uk/id/postcodedistrict/CT20,Folkestone,http://data.ordnancesurvey.co.uk/id/4000000074566736,http://www.ordnancesurvey.co.uk/xml/codelists/localtype.xml#town,Folkestone and Hythe,http://data.ordnancesurvey.co.uk/id/7000000000018085,http://data.ordnancesurvey.co.uk/ontology/admingeo/District,Kent,http://data.ordnancesurvey.co.uk/id/7000000000018210,http://data.ordnancesurvey.co.uk/ontology/admingeo/County,South East,http://data.ordnancesurvey.co.uk/id/7000000000041421,England,http://data.ordnancesurvey.co.uk/id/country/england,,,
osgb4000000033005948,http://data.ordnancesurvey.co.uk/id/4000000033005948,The Riviera,,,,transportNetwork,Named Road,620894,135248,1000,20000,620812,135234,620949,135250,CT20,http://data.ordnancesurvey.co.uk/id/postcodedistrict/CT20,Folkestone,http://data.ordnancesurvey.co.uk/id/4000000074566736,http://www.ordnancesurvey.co.uk/xml/codelists/localtype.xml#town,Folkestone and Hythe,http://data.ordnancesurvey.co.uk/id/7000000000018085,http://data.ordnancesurvey.co.uk/ontology/admingeo/District,Kent,http://data.ordnancesurvey.co.uk/id/7000000000018210,http://data.ordnancesurvey.co.uk/ontology/admingeo/County,South East,http://data.ordnancesurvey.co.uk/id/7000000000041421,England,http://data.ordnancesurvey.co.uk/id/country/england,,,
osgb4000000032997733,http://data.ordnancesurvey.co.uk/id/4000000032997733,Green Close,,,,transportNetwork,Named Road,621595,139668,1000,20000,621542,139607,621637,139740,CT18,http://data.ordnancesurvey.co.uk/id/postcodedistrict/CT18,Hawkinge,http://data.ordnancesurvey.co.uk/id/4000000074566747,http://www.ordnancesurvey.co.uk/xml/codelists/localtype.xml#village,Folkestone and Hythe,http://data.ordnancesurvey.co.uk/id/7000000000018085,http://data.ordnancesurvey.co.uk/ontology/admingeo/District,Kent,http://data.ordnancesurvey.co.uk/id/7000000000018210,http://data.ordnancesurvey.co.uk/ontology/admingeo/County,South East,http://data.ordnancesurvey.co.uk/id/7000000000041421,England,http://data.ordnancesurvey.co.uk/id/country/england,,,
osgb4000000033001184,http://data.ordnancesurvey.co.uk/id/4000000033001184,Harvey Place,,,,transportNetwork,Named Road,623139,136279,1000,20000,623133,136270,623149,136299,CT20,http://data.ordnancesurvey.co.uk/id/postcodedistrict/CT20,Folkestone,http://data.ordnancesurvey.co.uk/id/4000000074566736,http://www.ordnancesurvey.co.uk/xml/codelists/localtype.xml#town,Folkestone and Hythe,http://data.ordnancesurvey.co.uk/id/7000000000018085,http://data.ordnancesurvey.co.uk/ontology/admingeo/District,Kent,http://data.ordnancesurvey.co.uk/id/7000000000018210,http://data.ordnancesurvey.co.uk/ontology/admingeo/County,South East,http://data.ordnancesurvey.co.uk/id/7000000000041421,England,http://data.ordnancesurvey.co.uk/id/country/england,,,
osgb4000000067705370,http://data.ordnancesurvey.co.uk/id/4000000067705370,St Richard's Walk,,,,transportNetwork,Named Road,630283,139866,1000,20000,630264,139837,630313,139893,CT17,http://data.ordnancesurvey.co.uk/id/postcodedistrict/CT17,Dover,http://data.ordnancesurvey.co.uk/id/4000000074568379,http://www.ordnancesurvey.co.uk/xml/codelists/localtype.xml#town,Dover,http://data.ordnancesurvey.co.uk/id/7000000000017977,http://data.ordnancesurvey.co.uk/ontology/admingeo/District,Kent,http://data.ordnancesurvey.co.uk/id/7000000000018210,http://data.ordnancesurvey.co.uk/ontology/admingeo/County,South East,http://data.ordnancesurvey.co.uk/id/7000000000041421,England,http://data.ordnancesurvey.co.uk/id/country/england,,,
osgb4000000032997629,http://data.ordnancesurvey.co.uk/id/4000000032997629,Middelburg Square,,,,transportNetwork,Named Road,622618,135954,1000,20000,622507,135893,622692,136059,CT20,http://data.ordnancesurvey.co.uk/id/postcodedistrict/CT20,Folkestone,http://data.ordnancesurvey.co.uk/id/4000000074566736,http://www.ordnancesurvey.co.uk/xml/codelists/localtype.xml#town,Folkestone and Hythe,http://data.ordnancesurvey.co.uk/id/7000000000018085,http://data.ordnancesurvey.co.uk/ontology/admingeo/District,Kent,http://data.ordnancesurvey.co.uk/id/7000000000018210,http://data.ordnancesurvey.co.uk/ontology/admingeo/County,South East,http://data.ordnancesurvey.co.uk/id/7000000000041421,England,http://data.ordnancesurvey.co.uk/id/country/england,,,
osgb4000000032999707,http://data.ordnancesurvey.co.uk/id/4000000032999707,Old Rectory Close,,,,transportNetwork,Named Road,621750,139970,1000,20000,621705,139890,621769,140005,CT18,http://data.ordnancesurvey.co.uk/id/postcodedistrict/CT18,Hawkinge,http://data.ordnancesurvey.co.uk/id/4000000074566747,http://www.ordnancesurvey.co.uk/xml/codelists/localtype.xml#village,Folkestone and Hythe,http://data.ordnancesurvey.co.uk/id/7000000000018085,http://data.ordnancesurvey.co.uk/ontology/admingeo/District,Kent,http://data.ordnancesurvey.co.uk/id/7000000000018210,http://data.ordnancesurvey.co.uk/ontology/admingeo/County,South East,http://data.ordnancesurvey.co.uk/id/7000000000041421,England,http://data.ordnancesurvey.co.uk/id/country/england,,,
osgb4000000033035100,http://data.ordnancesurvey.co.uk/id/4000000033035100,Stansfeld Avenue,,,,transportNetwork,Named Road,621373,139768,1000,20000,621349,139674,621490,139842,CT18,http://data.ordnancesurvey.co.uk/id/postcodedistrict/CT18,Hawkinge,http://data.ordnancesurvey.co.uk/id/4000000074566747,http://www.ordnancesurvey.co.uk/xml/codelists/localtype.xml#village,Folkestone and Hythe,http://data.ordnancesurvey.co.uk/id/7000000000018085,http://data.ordnancesurvey.co.uk/ontology/admingeo/District,Kent,http://data.ordnancesurvey.co.uk/id/7000000000018210,http://data.ordnancesurvey.co.uk/ontology/admingeo/County,South East,http://data.ordnancesurvey.co.uk/id/7000000000041421,England,http://data.ordnancesurvey.co.uk/id/country/england,,,
osgb4000000032997632,http://data.ordnancesurvey.co.uk/id/4000000032997632,Millfield,,,,transportNetwork,Named Road,622509,136000,1000,20000,622456,135964,622598,136071,CT20,http://data.ordnancesurvey.co.uk/id/postcodedistrict/CT20,Folkestone,http://data.ordnancesurvey.co.uk/id/4000000074566736,http://www.ordnancesurvey.co.uk/xml/codelists/localtype.xml#town,Folkestone and Hythe,http://data.ordnancesurvey.co.uk/id/7000000000018085,http://data.ordnancesurvey.co.uk/ontology/admingeo/District,Kent,http://data.ordnancesurvey.co.uk/id/7000000000018210,http://data.ordnancesurvey.co.uk/ontology/admingeo/County,South East,http://data.ordnancesurvey.co.uk/id/7000000000041421,England,http://data.ordnancesurvey.co.uk/id/country/england,,,
osgb4000000032999672,http://data.ordnancesurvey.co.uk/id/4000000032999672,Perries Mead,,,,transportNetwork,Named Road,621541,137136,1000,20000,621476,137089,621566,137169,CT19,http://data.ordnancesurvey.co.uk/id/postcodedistrict/CT19,Folkestone,http://data.ordnancesurvey.co.uk/id/4000000074566736,http://www.ordnancesurvey.co.uk/xml/codelists/localtype.xml#town,Folkestone and Hythe,http://data.ordnancesurvey.co.uk/id/7000000000018085,http://data.ordnancesurvey.co.uk/ontology/admingeo/District,Kent,http://data.ordnancesurvey.co.uk/id/7000000000018210,http://data.ordnancesurvey.co.uk/ontology/admingeo/County,South East,http://data.ordnancesurvey.co.uk/id/7000000000041421,England,http://data.ordnancesurvey.co.uk/id/country/england,,,
osgb4000000032999605,http://data.ordnancesurvey.co.uk/id/4000000032999605,Clifton Road,,,,transportNetwork,Named Road,622114,135500,1000,20000,622083,135448,622130,135582,CT20,http://data.ordnancesurvey.co.uk/id/postcodedistrict/CT20,Folkestone,http://data.ordnancesurvey.co.uk/id/4000000074566736,http://www.ordnancesurvey.co.uk/xml/codelists/localtype.xml#town,Folkestone and Hythe,http://data.ordnancesurvey.co.uk/id/7000000000018085,http://data.ordnancesurvey.co.uk/ontology/admingeo/District,Kent,http://data.ordnancesurvey.co.uk/id/7000000000018210,http://data.ordnancesurvey.co.uk/ontology/admingeo/County,South East,http://data.ordnancesurvey.co.uk/id/7000000000041421,England,http://data.ordnancesurvey.co.uk/id/country/england,,,
osgb4000000032997608,http://data.ordnancesurvey.co.uk/id/4000000032997608,Jointon Road,,,,transportNetwork,Named Road,621954,135957,1000,20000,621798,135875,622003,136086,CT20,http://data.ordnancesurvey.co.uk/id/postcodedistrict/CT20,Folkestone,http://data.ordnancesurvey.co.uk/id/4000000074566736,http://www.ordnancesurvey.co.uk/xml/codelists/localtype.xml#town,Folkestone and Hythe,http://data.ordnancesurvey.co.uk/id/7000000000018085,http://data.ordnancesurvey.co.uk/ontology/admingeo/District,Kent,http://data.ordnancesurvey.co.uk/id/7000000000018210,http://data.ordnancesurvey.co.uk/ontology/admingeo/County,South East,http://data.ordnancesurvey.co.uk/id/7000000000041421,England,http://data.ordnancesurvey.co.uk/id/country/england,,,
osgb4000000032995079,http://data.ordnancesurvey.co.uk/id/4000000032995079,Dover Hill,,,,transportNetwork,Named Road,623644,137647,5000,20000,623251,137579,624086,137872,CT19,http://data.ordnancesurvey.co.uk/id/postcodedistrict/CT19,,,,Folkestone and Hythe,http://data.ordnancesurvey.co.uk/id/7000000000018085,http://data.ordnancesurvey.co.uk/ontology/admingeo/District,Kent,http://data.ordnancesurvey.co.uk/id/7000000000018210,http://data.ordnancesurvey.co.uk/ontology/admingeo/County,South East,http://data.ordnancesurvey.co.uk/id/7000000000041421,England,http://data.ordnancesurvey.co.uk/id/country/england,,,
osgb4000000068752618,http://data.ordnancesurvey.co.uk/id/4000000068752618,Cambridge Terrace,,,,transportNetwork,Named Road,623138,136231,1000,20000,623114,136190,623140,136241,CT20,http://data.ordnancesurvey.co.uk/id/postcodedistrict/CT20,Folkestone,http://data.ordnancesurvey.co.uk/id/4000000074566736,http://www.ordnancesurvey.co.uk/xml/codelists/localtype.xml#town,Folkestone and Hythe,http://data.ordnancesurvey.co.uk/id/7000000000018085,http://data.ordnancesurvey.co.uk/ontology/admingeo/District,Kent,http://data.ordnancesurvey.co.uk/id/7000000000018210,http://data.ordnancesurvey.co.uk/ontology/admingeo/County,South East,http://data.ordnancesurvey.co.uk/id/7000000000041421,England,http://data.ordnancesurvey.co.uk/id/country/england,,,
osgb4000000068752613,http://data.ordnancesurvey.co.uk/id/4000000068752613,Terminus Walk,,,,transportNetwork,Named Road,623379,136504,1000,20000,623375,136490,623393,136515,CT20,http://data.ordnancesurvey.co.uk/id/postcodedistrict/CT20,Folkestone,http://data.ordnancesurvey.co.uk/id/4000000074566736,http://www.ordnancesurvey.co.uk/xml/codelists/localtype.xml#town,Folkestone and Hythe,http://data.ordnancesurvey.co.uk/id/7000000000018085,http://data.ordnancesurvey.co.uk/ontology/admingeo/District,Kent,http://data.ordnancesurvey.co.uk/id/7000000000018210,http://data.ordnancesurvey.co.uk/ontology/admingeo/County,South East,http://data.ordnancesurvey.co.uk/id/7000000000041421,England,http://data.ordnancesurvey.co.uk/id/country/england,,,
osgb5000005230908476,http://data.ordnancesurvey.co.uk/id/5000005230908476,Parkside,,,,transportNetwork,Named Road,622043,136757,1000,20000,622023,136736,622068,136772,CT19,http://data.ordnancesurvey.co.uk/id/postcodedistrict/CT19,Folkestone,http://data.ordnancesurvey.co.uk/id/4000000074566736,http://www.ordnancesurvey.co.uk/xml/codelists/localtype.xml#town,Folkestone and Hythe,http://data.ordnancesurvey.co.uk/id/7000000000018085,http://data.ordnancesurvey.co.uk/ontology/admingeo/District,Kent,http://data.ordnancesurvey.co.uk/id/7000000000018210,http://data.ordnancesurvey.co.uk/ontology/admingeo/County,South East,http://data.ordnancesurvey.co.uk/id/7000000000041421,England,http://data.ordnancesurvey.co.uk/id/country/england,,,
osgb4000000032999704,http://data.ordnancesurvey.co.uk/id/4000000032999704,Haskard Close,,,,transportNetwork,Named Road,620940,139797,1000,20000,620899,139769,620993,139841,CT18,http://data.ordnancesurvey.co.uk/id/postcodedistrict/CT18,Hawkinge,http://data.ordnancesurvey.co.uk/id/4000000074566747,http://www.ordnancesurvey.co.uk/xml/codelists/localtype.xml#village,Folkestone and Hythe,http://data.ordnancesurvey.co.uk/id/7000000000018085,http://data.ordnancesurvey.co.uk/ontology/admingeo/District,Kent,http://data.ordnancesurvey.co.uk/id/7000000000018210,http://data.ordnancesurvey.co.uk/ontology/admingeo/County,South East,http://data.ordnancesurvey.co.uk/id/7000000000041421,England,http://data.ordnancesurvey.co.uk/id/country/england,,,
osgb4000000032997664,http://data.ordnancesurvey.co.uk/id/4000000032997664,Shepway Close,,,,transportNetwork,Named Road,622781,136696,1000,20000,622714,136600,622877,136741,CT19,http://data.ordnancesurvey.co.uk/id/postcodedistrict/CT19,Folkestone,http://data.ordnancesurvey.co.uk/id/4000000074566736,http://www.ordnancesurvey.co.uk/xml/codelists/localtype.xml#town,Folkestone and Hythe,http://data.ordnancesurvey.co.uk/id/7000000000018085,http://data.ordnancesurvey.co.uk/ontology/admingeo/District,Kent,http://data.ordnancesurvey.co.uk/id/7000000000018210,http://data.ordnancesurvey.co.uk/ontology/admingeo/County,South East,http://data.ordnancesurvey.co.uk/id/7000000000041421,England,http://data.ordnancesurvey.co.uk/id/country/england,,,
osgb4000000067709008,http://data.ordnancesurvey.co.uk/id/4000000067709008,Churchill Close,,,,transportNetwork,Named Road,622781,137591,1000,20000,622765,137569,622804,137605,CT19,http://data.ordnancesurvey.co.uk/id/postcodedistrict/CT19,Folkestone,http://data.ordnancesurvey.co.uk/id/4000000074566736,http://www.ordnancesurvey.co.uk/xml/codelists/localtype.xml#town,Folkestone and Hythe,http://data.ordnancesurvey.co.uk/id/7000000000018085,http://data.ordnancesurvey.co.uk/ontology/admingeo/District,Kent,http://data.ordnancesurvey.co.uk/id/7000000000018210,http://data.ordnancesurvey.co.uk/ontology/admingeo/County,South East,http://data.ordnancesurvey.co.uk/id/7000000000041421,England,http://data.ordnancesurvey.co.uk/id/country/england,,,
osgb4000000032997612,http://data.ordnancesurvey.co.uk/id/4000000032997612,Limes Road,,,,transportNetwork,Named Road,621000,136516,1000,20000,620928,136498,621091,136607,CT19,http://data.ordnancesurvey.co.uk/id/postcodedistrict/CT19,Folkestone,http://data.ordnancesurvey.co.uk/id/4000000074566736,http://www.ordnancesurvey.co.uk/xml/codelists/localtype.xml#town,Folkestone and Hythe,http://data.ordnancesurvey.co.uk/id/7000000000018085,http://data.ordnancesurvey.co.uk/ontology/admingeo/District,Kent,http://data.ordnancesurvey.co.uk/id/7000000000018210,http://data.ordnancesurvey.co.uk/ontology/admingeo/County,South East,http://data.ordnancesurvey.co.uk/id/7000000000041421,England,http://data.ordnancesurvey.co.uk/id/country/england,,,
osgb4000000032996188,http://data.ordnancesurvey.co.uk/id/4000000032996188,Clifton Crescent,,,,transportNetwork,Named Road,622000,135466,2000,20000,621879,135397,622130,135469,CT20,http://data.ordnancesurvey.co.uk/id/postcodedistrict/CT20,Folkestone,http://data.ordnancesurvey.co.uk/id/4000000074566736,http://www.ordnancesurvey.co.uk/xml/codelists/localtype.xml#town,Folkestone and Hythe,http://data.ordnancesurvey.co.uk/id/7000000000018085,http://data.ordnancesurvey.co.uk/ontology/admingeo/District,Kent,http://data.ordnancesurvey.co.uk/id/7000000000018210,http://data.ordnancesurvey.co.uk/ontology/admingeo/County,South East,http://data.ordnancesurvey.co.uk/id/7000000000041421,England,http://data.ordnancesurvey.co.uk/id/country/england,,,
osgb4000000032997705,http://data.ordnancesurvey.co.uk/id/4000000032997705,De Havilland Close,,,,transportNetwork,Named Road,621552,139506,1000,20000,621523,139425,621576,139592,CT18,http://data.ordnancesurvey.co.uk/id/postcodedistrict/CT18,Hawkinge,http://data.ordnancesurvey.co.uk/id/4000000074566747,http://www.ordnancesurvey.co.uk/xml/codelists/localtype.xml#village,Folkestone and Hythe,http://data.ordnancesurvey.co.uk/id/7000000000018085,http://data.ordnancesurvey.co.uk/ontology/admingeo/District,Kent,http://data.ordnancesurvey.co.uk/id/7000000000018210,http://data.ordnancesurvey.co.uk/ontology/admingeo/County,South East,http://data.ordnancesurvey.co.uk/id/7000000000041421,England,http://data.ordnancesurvey.co.uk/id/country/england,,,
osgb4000000032997580,http://data.ordnancesurvey.co.uk/id/4000000032997580,Romney Avenue,,,,transportNetwork,Named Road,620656,136124,2000,20000,620493,136021,620785,136178,CT20,http://data.ordnancesurvey.co.uk/id/postcodedistrict/CT20,Folkestone,http://data.ordnancesurvey.co.uk/id/4000000074566736,http://www.ordnancesurvey.co.uk/xml/codelists/localtype.xml#town,Folkestone and Hythe,http://data.ordnancesurvey.co.uk/id/7000000000018085,http://data.ordnancesurvey.co.uk/ontology/admingeo/District,Kent,http://data.ordnancesurvey.co.uk/id/7000000000018210,http://data.ordnancesurvey.co.uk/ontology/admingeo/County,South East,http://data.ordnancesurvey.co.uk/id/7000000000041421,England,http://data.ordnancesurvey.co.uk/id/country/england,,,
osgb4000000032996161,http://data.ordnancesurvey.co.uk/id/4000000032996161,Shorncliffe Crescent,,,,transportNetwork,Named Road,620500,136265,2000,20000,620367,136249,620673,136452,CT20,http://data.ordnancesurvey.co.uk/id/postcodedistrict/CT20,Folkestone,http://data.ordnancesurvey.co.uk/id/4000000074566736,http://www.ordnancesurvey.co.uk/xml/codelists/localtype.xml#town,Folkestone and Hythe,http://data.ordnancesurvey.co.uk/id/7000000000018085,http://data.ordnancesurvey.co.uk/ontology/admingeo/District,Kent,http://data.ordnancesurvey.co.uk/id/7000000000018210,http://data.ordnancesurvey.co.uk/ontology/admingeo/County,South East,http://data.ordnancesurvey.co.uk/id/7000000000041421,England,http://data.ordnancesurvey.co.uk/id/country/england,,,
osgb4000000032997645,http://data.ordnancesurvey.co.uk/id/4000000032997645,Foresters Way,,,,transportNetwork,Named Road,622754,136116,1000,20000,622683,136051,622813,136195,CT20,http://data.ordnancesurvey.co.uk/id/postcodedistrict/CT20,Folkestone,http://data.ordnancesurvey.co.uk/id/4000000074566736,http://www.ordnancesurvey.co.uk/xml/codelists/localtype.xml#town,Folkestone and Hythe,http://data.ordnancesurvey.co.uk/id/7000000000018085,http://data.ordnancesurvey.co.uk/ontology/admingeo/District,Kent,http://data.ordnancesurvey.co.uk/id/7000000000018210,http://data.ordnancesurvey.co.uk/ontology/admingeo/County,South East,http://data.ordnancesurvey.co.uk/id/7000000000041421,England,http://data.ordnancesurvey.co.uk/id/country/england,,,
osgb4000000032999621,http://data.ordnancesurvey.co.uk/id/4000000032999621,Gloucester Place,,,,transportNetwork,Named Road,622762,136020,1000,20000,622731,135992,622780,136058,CT20,http://data.ordnancesurvey.co.uk/id/postcodedistrict/CT20,Folkestone,http://data.ordnancesurvey.co.uk/id/4000000074566736,http://www.ordnancesurvey.co.uk/xml/codelists/localtype.xml#town,Folkestone and Hythe,http://data.ordnancesurvey.co.uk/id/7000000000018085,http://data.ordnancesurvey.co.uk/ontology/admingeo/District,Kent,http://data.ordnancesurvey.co.uk/id/7000000000018210,http://data.ordnancesurvey.co.uk/ontology/admingeo/County,South East,http://data.ordnancesurvey.co.uk/id/7000000000041421,England,http://data.ordnancesurvey.co.uk/id/country/england,,,
osgb4000000033005950,http://data.ordnancesurvey.co.uk/id/4000000033005950,Ingram Close,,,,transportNetwork,Named Road,620961,139476,1000,20000,620922,139435,620961,139511,CT18,http://data.ordnancesurvey.co.uk/id/postcodedistrict/CT18,Hawkinge,http://data.ordnancesurvey.co.uk/id/4000000074566747,http://www.ordnancesurvey.co.uk/xml/codelists/localtype.xml#village,Folkestone and Hythe,http://data.ordnancesurvey.co.uk/id/7000000000018085,http://data.ordnancesurvey.co.uk/ontology/admingeo/District,Kent,http://data.ordnancesurvey.co.uk/id/7000000000018210,http://data.ordnancesurvey.co.uk/ontology/admingeo/County,South East,http://data.ordnancesurvey.co.uk/id/7000000000041421,England,http://data.ordnancesurvey.co.uk/id/country/england,,,
osgb4000000032999594,http://data.ordnancesurvey.co.uk/id/4000000032999594,Hammond's Road,,,,transportNetwork,Named Road,620468,136427,1000,20000,620468,136427,620483,136487,CT20,http://data.ordnancesurvey.co.uk/id/postcodedistrict/CT20,Folkestone,http://data.ordnancesurvey.co.uk/id/4000000074566736,http://www.ordnancesurvey.co.uk/xml/codelists/localtype.xml#town,Folkestone and Hythe,http://data.ordnancesurvey.co.uk/id/7000000000018085,http://data.ordnancesurvey.co.uk/ontology/admingeo/District,Kent,http://data.ordnancesurvey.co.uk/id/7000000000018210,http://data.ordnancesurvey.co.uk/ontology/admingeo/County,South East,http://data.ordnancesurvey.co.uk/id/7000000000041421,England,http://data.ordnancesurvey.co.uk/id/country/england,,,
osgb4000000033001178,http://data.ordnancesurvey.co.uk/id/4000000033001178,Saffron's Place,,,,transportNetwork,Named Road,623199,136195,1000,20000,623188,136191,623221,136197,CT20,http://data.ordnancesurvey.co.uk/id/postcodedistrict/CT20,Folkestone,http://data.ordnancesurvey.co.uk/id/4000000074566736,http://www.ordnancesurvey.co.uk/xml/codelists/localtype.xml#town,Folkestone and Hythe,http://data.ordnancesurvey.co.uk/id/7000000000018085,http://data.ordnancesurvey.co.uk/ontology/admingeo/District,Kent,http://data.ordnancesurvey.co.uk/id/7000000000018210,http://data.ordnancesurvey.co.uk/ontology/admingeo/County,South East,http://data.ordnancesurvey.co.uk/id/7000000000041421,England,http://data.ordnancesurvey.co.uk/id/country/england,,,
osgb4000000032997598,http://data.ordnancesurvey.co.uk/id/4000000032997598,Marler Road,,,,transportNetwork,Named Road,620361,136709,1000,20000,620350,136607,620372,136752,CT19,http://data.ordnancesurvey.co.uk/id/postcodedistrict/CT19,Folkestone,http://data.ordnancesurvey.co.uk/id/4000000074566736,http://www.ordnancesurvey.co.uk/xml/codelists/localtype.xml#town,Folkestone and Hythe,http://data.ordnancesurvey.co.uk/id/7000000000018085,http://data.ordnancesurvey.co.uk/ontology/admingeo/District,Kent,http://data.ordnancesurvey.co.uk/id/7000000000018210,http://data.ordnancesurvey.co.uk/ontology/admingeo/County,South East,http://data.ordnancesurvey.co.uk/id/7000000000041421,England,http://data.ordnancesurvey.co.uk/id/country/england,,,
osgb4000000032997607,http://data.ordnancesurvey.co.uk/id/4000000032997607,Herdson Road,,,,transportNetwork,Named Road,621000,136225,1000,20000,620995,136217,621072,136350,CT20,http://data.ordnancesurvey.co.uk/id/postcodedistrict/CT20,Folkestone,http://data.ordnancesurvey.co.uk/id/4000000074566736,http://www.ordnancesurvey.co.uk/xml/codelists/localtype.xml#town,Folkestone and Hythe,http://data.ordnancesurvey.co.uk/id/7000000000018085,http://data.ordnancesurvey.co.uk/ontology/admingeo/District,Kent,http://data.ordnancesurvey.co.uk/id/7000000000018210,http://data.ordnancesurvey.co.uk/ontology/admingeo/County,South East,http://data.ordnancesurvey.co.uk/id/7000000000041421,England,http://data.ordnancesurvey.co.uk/id/country/england,,,
osgb4000000032997673,http://data.ordnancesurvey.co.uk/id/4000000032997673,Dyke Road,,,,transportNetwork,Named Road,623352,136343,1000,20000,623282,136196,623388,136400,CT20,http://data.ordnancesurvey.co.uk/id/postcodedistrict/CT20,Folkestone,http://data.ordnancesurvey.co.uk/id/4000000074566736,http://www.ordnancesurvey.co.uk/xml/codelists/localtype.xml#town,Folkestone and Hythe,http://data.ordnancesurvey.co.uk/id/7000000000018085,http://data.ordnancesurvey.co.uk/ontology/admingeo/District,Kent,http://data.ordnancesurvey.co.uk/id/7000000000018210,http://data.ordnancesurvey.co.uk/ontology/admingeo/County,South East,http://data.ordnancesurvey.co.uk/id/7000000000041421,England,http://data.ordnancesurvey.co.uk/id/country/england,,,
osgb4000000032999645,http://data.ordnancesurvey.co.uk/id/4000000032999645,Albion Road,,,,transportNetwork,Named Road,622850,136905,1000,20000,622799,136879,622891,136935,CT19,http://data.ordnancesurvey.co.uk/id/postcodedistrict/CT19,Folkestone,http://data.ordnancesurvey.co.uk/id/4000000074566736,http://www.ordnancesurvey.co.uk/xml/codelists/localtype.xml#town,Folkestone and Hythe,http://data.ordnancesurvey.co.uk/id/7000000000018085,http://data.ordnancesurvey.co.uk/ontology/admingeo/District,Kent,http://data.ordnancesurvey.co.uk/id/7000000000018210,http://data.ordnancesurvey.co.uk/ontology/admingeo/County,South East,http://data.ordnancesurvey.co.uk/id/7000000000041421,England,http://data.ordnancesurvey.co.uk/id/country/england,,,
osgb4000000033058561,http://data.ordnancesurvey.co.uk/id/4000000033058561,Fraser Way,,,,transportNetwork,Named Road,620816,139060,1000,20000,620766,139041,620873,139084,CT18,http://data.ordnancesurvey.co.uk/id/postcodedistrict/CT18,Hawkinge,http://data.ordnancesurvey.co.uk/id/4000000074566747,http://www.ordnancesurvey.co.uk/xml/codelists/localtype.xml#village,Folkestone and Hythe,http://data.ordnancesurvey.co.uk/id/7000000000018085,http://data.ordnancesurvey.co.uk/ontology/admingeo/District,Kent,http://data.ordnancesurvey.co.uk/id/7000000000018210,http://data.ordnancesurvey.co.uk/ontology/admingeo/County,South East,http://data.ordnancesurvey.co.uk/id/7000000000041421,England,http://data.ordnancesurvey.co.uk/id/country/england,,,
osgb4000000032995075,http://data.ordnancesurvey.co.uk/id/4000000032995075,Wear Bay Road,,,,transportNetwork,Named Road,623990,136764,7000,20000,623459,136300,624059,137359,CT19,http://data.ordnancesurvey.co.uk/id/postcodedistrict/CT19,Folkestone,http://data.ordnancesurvey.co.uk/id/4000000074566736,http://www.ordnancesurvey.co.uk/xml/codelists/localtype.xml#town,Folkestone and Hythe,http://data.ordnancesurvey.co.uk/id/7000000000018085,http://data.ordnancesurvey.co.uk/ontology/admingeo/District,Kent,http://data.ordnancesurvey.co.uk/id/7000000000018210,http://data.ordnancesurvey.co.uk/ontology/admingeo/County,South East,http://data.ordnancesurvey.co.uk/id/7000000000041421,England,http://data.ordnancesurvey.co.uk/id/country/england,,,
osgb4000000032997626,http://data.ordnancesurvey.co.uk/id/4000000032997626,Pleydell Gardens,,,,transportNetwork,Named Road,622558,135677,1000,20000,622477,135647,622628,135724,CT20,http://data.ordnancesurvey.co.uk/id/postcodedistrict/CT20,Folkestone,http://data.ordnancesurvey.co.uk/id/4000000074566736,http://www.ordnancesurvey.co.uk/xml/codelists/localtype.xml#town,Folkestone and Hythe,http://data.ordnancesurvey.co.uk/id/7000000000018085,http://data.ordnancesurvey.co.uk/ontology/admingeo/District,Kent,http://data.ordnancesurvey.co.uk/id/7000000000018210,http://data.ordnancesurvey.co.uk/ontology/admingeo/County,South East,http://data.ordnancesurvey.co.uk/id/7000000000041421,England,http://data.ordnancesurvey.co.uk/id/country/england,,,
osgb4000000032996233,http://data.ordnancesurvey.co.uk/id/4000000032996233,Aerodrome Road,,,,transportNetwork,Named Road,621016,139875,7000,20000,620509,139555,621518,140021,CT18,http://data.ordnancesurvey.co.uk/id/postcodedistrict/CT18,Hawkinge,http://data.ordnancesurvey.co.uk/id/4000000074566747,http://www.ordnancesurvey.co.uk/xml/codelists/localtype.xml#village,Folkestone and Hythe,http://data.ordnancesurvey.co.uk/id/7000000000018085,http://data.ordnancesurvey.co.uk/ontology/admingeo/District,Kent,http://data.ordnancesurvey.co.uk/id/7000000000018210,http://data.ordnancesurvey.co.uk/ontology/admingeo/County,South East,http://data.ordnancesurvey.co.uk/id/7000000000041421,England,http://data.ordnancesurvey.co.uk/id/country/england,,,
osgb4000000032996247,http://data.ordnancesurvey.co.uk/id/4000000032996247,Crook's Court Lane,,,,transportNetwork,Named Road,626599,139947,1000,20000,626509,139895,626684,140023,CT15,http://data.ordnancesurvey.co.uk/id/postcodedistrict/CT15,West Hougham,http://data.ordnancesurvey.co.uk/id/4000000074568383,http://www.ordnancesurvey.co.uk/xml/codelists/localtype.xml#village,Dover,http://data.ordnancesurvey.co.uk/id/7000000000017977,http://data.ordnancesurvey.co.uk/ontology/admingeo/District,Kent,http://data.ordnancesurvey.co.uk/id/7000000000018210,http://data.ordnancesurvey.co.uk/ontology/admingeo/County,South East,http://data.ordnancesurvey.co.uk/id/7000000000041421,England,http://data.ordnancesurvey.co.uk/id/country/england,,,
osgb4000000032997730,http://data.ordnancesurvey.co.uk/id/4000000032997730,Woodcock Gardens,,,,transportNetwork,Named Road,620996,139741,1000,20000,620940,139699,621081,139757,CT18,http://data.ordnancesurvey.co.uk/id/postcodedistrict/CT18,Hawkinge,http://data.ordnancesurvey.co.uk/id/4000000074566747,http://www.ordnancesurvey.co.uk/xml/codelists/localtype.xml#village,Folkestone and Hythe,http://data.ordnancesurvey.co.uk/id/7000000000018085,http://data.ordnancesurvey.co.uk/ontology/admingeo/District,Kent,http://data.ordnancesurvey.co.uk/id/7000000000018210,http://data.ordnancesurvey.co.uk/ontology/admingeo/County,South East,http://data.ordnancesurvey.co.uk/id/7000000000041421,England,http://data.ordnancesurvey.co.uk/id/country/england,,,
osgb4000000032995083,http://data.ordnancesurvey.co.uk/id/4000000032995083,Cauldham Lane,,,,transportNetwork,Named Road,624547,139246,10000,20000,624483,138453,624752,139983,CT18,http://data.ordnancesurvey.co.uk/id/postcodedistrict/CT18,,,,Dover,http://data.ordnancesurvey.co.uk/id/7000000000017977,http://data.ordnancesurvey.co.uk/ontology/admingeo/District,Kent,http://data.ordnancesurvey.co.uk/id/7000000000018210,http://data.ordnancesurvey.co.uk/ontology/admingeo/County,South East,http://data.ordnancesurvey.co.uk/id/7000000000041421,England,http://data.ordnancesurvey.co.uk/id/country/england,,,
osgb4000000032995076,http://data.ordnancesurvey.co.uk/id/4000000032995076,Churchill Avenue,,,,transportNetwork,Named Road,622071,137821,10000,20000,621240,137583,622799,137885,CT19,http://data.ordnancesurvey.co.uk/id/postcodedistrict/CT19,,,,Folkestone and Hythe,http://data.ordnancesurvey.co.uk/id/7000000000018085,http://data.ordnancesurvey.co.uk/ontology/admingeo/District,Kent,http://data.ordnancesurvey.co.uk/id/7000000000018210,http://data.ordnancesurvey.co.uk/ontology/admingeo/County,South East,http://data.ordnancesurvey.co.uk/id/7000000000041421,England,http://data.ordnancesurvey.co.uk/id/country/england,,,
osgb4000000032999632,http://data.ordnancesurvey.co.uk/id/4000000032999632,Jesmond Street,,,,transportNetwork,Named Road,622693,136683,1000,20000,622607,136683,622693,136744,CT19,http://data.ordnancesurvey.co.uk/id/postcodedistrict/CT19,Folkestone,http://data.ordnancesurvey.co.uk/id/4000000074566736,http://www.ordnancesurvey.co.uk/xml/codelists/localtype.xml#town,Folkestone and Hythe,http://data.ordnancesurvey.co.uk/id/7000000000018085,http://data.ordnancesurvey.co.uk/ontology/admingeo/District,Kent,http://data.ordnancesurvey.co.uk/id/7000000000018210,http://data.ordnancesurvey.co.uk/ontology/admingeo/County,South East,http://data.ordnancesurvey.co.uk/id/7000000000041421,England,http://data.ordnancesurvey.co.uk/id/country/england,,,
osgb4000000032999636,http://data.ordnancesurvey.co.uk/id/4000000032999636,Lennard Road,,,,transportNetwork,Named Road,623312,136483,1000,20000,623278,136410,623334,136530,CT20,http://data.ordnancesurvey.co.uk/id/postcodedistrict/CT20,Folkestone,http://data.ordnancesurvey.co.uk/id/4000000074566736,http://www.ordnancesurvey.co.uk/xml/codelists/localtype.xml#town,Folkestone and Hythe,http://data.ordnancesurvey.co.uk/id/7000000000018085,http://data.ordnancesurvey.co.uk/ontology/admingeo/District,Kent,http://data.ordnancesurvey.co.uk/id/7000000000018210,http://data.ordnancesurvey.co.uk/ontology/admingeo/County,South East,http://data.ordnancesurvey.co.uk/id/7000000000041421,England,http://data.ordnancesurvey.co.uk/id/country/england,,,
osgb4000000033001954,http://data.ordnancesurvey.co.uk/id/4000000033001954,Papworth Close,,,,transportNetwork,Named Road,621259,137355,1000,20000,621233,137307,621295,137389,CT19,http://data.ordnancesurvey.co.uk/id/postcodedistrict/CT19,Folkestone,http://data.ordnancesurvey.co.uk/id/4000000074566736,http://www.ordnancesurvey.co.uk/xml/codelists/localtype.xml#town,Folkestone and Hythe,http://data.ordnancesurvey.co.uk/id/7000000000018085,http://data.ordnancesurvey.co.uk/ontology/admingeo/District,Kent,http://data.ordnancesurvey.co.uk/id/7000000000018210,http://data.ordnancesurvey.co.uk/ontology/admingeo/County,South East,http://data.ordnancesurvey.co.uk/id/7000000000041421,England,http://data.ordnancesurvey.co.uk/id/country/england,,,
osgb4000000033042887,http://data.ordnancesurvey.co.uk/id/4000000033042887,Atkinson Road,,,,transportNetwork,Named Road,620730,139196,1000,20000,620638,139131,620832,139240,CT18,http://data.ordnancesurvey.co.uk/id/postcodedistrict/CT18,Hawkinge,http://data.ordnancesurvey.co.uk/id/4000000074566747,http://www.ordnancesurvey.co.uk/xml/codelists/localtype.xml#village,Folkestone and Hythe,http://data.ordnancesurvey.co.uk/id/7000000000018085,http://data.ordnancesurvey.co.uk/ontology/admingeo/District,Kent,http://data.ordnancesurvey.co.uk/id/7000000000018210,http://data.ordnancesurvey.co.uk/ontology/admingeo/County,South East,http://data.ordnancesurvey.co.uk/id/7000000000041421,England,http://data.ordnancesurvey.co.uk/id/country/england,,,
osgb4000000033001190,http://data.ordnancesurvey.co.uk/id/4000000033001190,James Street,,,,transportNetwork,Named Road,622997,136984,1000,20000,622986,136962,623007,137002,CT19,http://data.ordnancesurvey.co.uk/id/postcodedistrict/CT19,Folkestone,http://data.ordnancesurvey.co.uk/id/4000000074566736,http://www.ordnancesurvey.co.uk/xml/codelists/localtype.xml#town,Folkestone and Hythe,http://data.ordnancesurvey.co.uk/id/7000000000018085,http://data.ordnancesurvey.co.uk/ontology/admingeo/District,Kent,http://data.ordnancesurvey.co.uk/id/7000000000018210,http://data.ordnancesurvey.co.uk/ontology/admingeo/County,South East,http://data.ordnancesurvey.co.uk/id/7000000000041421,England,http://data.ordnancesurvey.co.uk/id/country/england,,,
osgb4000000032997643,http://data.ordnancesurvey.co.uk/id/4000000032997643,Bouverie Place,,,,transportNetwork,Named Road,622685,135846,1000,20000,622662,135813,622722,135869,CT20,http://data.ordnancesurvey.co.uk/id/postcodedistrict/CT20,Folkestone,http://data.ordnancesurvey.co.uk/id/4000000074566736,http://www.ordnancesurvey.co.uk/xml/codelists/localtype.xml#town,Folkestone and Hythe,http://data.ordnancesurvey.co.uk/id/7000000000018085,http://data.ordnancesurvey.co.uk/ontology/admingeo/District,Kent,http://data.ordnancesurvey.co.uk/id/7000000000018210,http://data.ordnancesurvey.co.uk/ontology/admingeo/County,South East,http://data.ordnancesurvey.co.uk/id/7000000000041421,England,http://data.ordnancesurvey.co.uk/id/country/england,,,
225a9da8-fc29-431c-a691-8d606cd7c78a,http://data.ordnancesurvey.co.uk/id/225a9da8-fc29-431c-a691-8d606cd7c78a,Elvington Lane,,,,transportNetwork,Section Of Named Road,620266,138660,5000,25000,620209,138292,620300,139048,CT18,http://data.ordnancesurvey.co.uk/id/postcodedistrict/CT18,Elvington,http://data.ordnancesurvey.co.uk/id/4000000074566746,http://www.ordnancesurvey.co.uk/xml/codelists/localtype.xml#hamlet,Folkestone and Hythe,http://data.ordnancesurvey.co.uk/id/7000000000018085,http://data.ordnancesurvey.co.uk/ontology/admingeo/District,Kent,http://data.ordnancesurvey.co.uk/id/7000000000018210,http://data.ordnancesurvey.co.uk/ontology/admingeo/County,South East,http://data.ordnancesurvey.co.uk/id/7000000000041421,England,http://data.ordnancesurvey.co.uk/id/country/england,osgb4000000032995074,,
21f3fb74-a3ce-43d5-baf0-e65d8cae6fdb,http://data.ordnancesurvey.co.uk/id/21f3fb74-a3ce-43d5-baf0-e65d8cae6fdb,Canterbury Road,,,,transportNetwork,Section Of Named Road,621678,139822,7000,25000,621435,139307,622071,140394,CT18,http://data.ordnancesurvey.co.uk/id/postcodedistrict/CT18,Hawkinge,http://data.ordnancesurvey.co.uk/id/4000000074566747,http://www.ordnancesurvey.co.uk/xml/codelists/localtype.xml#village,Folkestone and Hythe,http://data.ordnancesurvey.co.uk/id/7000000000018085,http://data.ordnancesurvey.co.uk/ontology/admingeo/District,Kent,http://data.ordnancesurvey.co.uk/id/7000000000018210,http://data.ordnancesurvey.co.uk/ontology/admingeo/County,South East,http://data.ordnancesurvey.co.uk/id/7000000000041421,England,http://data.ordnancesurvey.co.uk/id/country/england,osgb4000000032994918,,
osgb4000000033032067,http://data.ordnancesurvey.co.uk/id/4000000033032067,Lapwing Close,,,,transportNetwork,Named Road,621048,139211,1000,20000,621012,139163,621103,139278,CT18,http://data.ordnancesurvey.co.uk/id/postcodedistrict/CT18,Hawkinge,http://data.ordnancesurvey.co.uk/id/4000000074566747,http://www.ordnancesurvey.co.uk/xml/codelists/localtype.xml#village,Folkestone and Hythe,http://data.ordnancesurvey.co.uk/id/7000000000018085,http://data.ordnancesurvey.co.uk/ontology/admingeo/District,Kent,http://data.ordnancesurvey.co.uk/id/7000000000018210,http://data.ordnancesurvey.co.uk/ontology/admingeo/County,South East,http://data.ordnancesurvey.co.uk/id/7000000000041421,England,http://data.ordnancesurvey.co.uk/id/country/england,,,
osgb4000000032997582,http://data.ordnancesurvey.co.uk/id/4000000032997582,Fenner Close,,,,transportNetwork,Named Road,620361,135951,1000,20000,620349,135917,620389,136026,CT20,http://data.ordnancesurvey.co.uk/id/postcodedistrict/CT20,Folkestone,http://data.ordnancesurvey.co.uk/id/4000000074566736,http://www.ordnancesurvey.co.uk/xml/codelists/localtype.xml#town,Folkestone and Hythe,http://data.ordnancesurvey.co.uk/id/7000000000018085,http://data.ordnancesurvey.co.uk/ontology/admingeo/District,Kent,http://data.ordnancesurvey.co.uk/id/7000000000018210,http://data.ordnancesurvey.co.uk/ontology/admingeo/County,South East,http://data.ordnancesurvey.co.uk/id/7000000000041421,England,http://data.ordnancesurvey.co.uk/id/country/england,,,
osgb4000000032997746,http://data.ordnancesurvey.co.uk/id/4000000032997746,Lancaster Avenue,,,,transportNetwork,Named Road,625014,138814,1000,20000,624886,138717,625111,138896,CT18,http://data.ordnancesurvey.co.uk/id/postcodedistrict/CT18,Capel-le-Ferne,http://data.ordnancesurvey.co.uk/id/4000000074568384,http://www.ordnancesurvey.co.uk/xml/codelists/localtype.xml#village,Dover,http://data.ordnancesurvey.co.uk/id/7000000000017977,http://data.ordnancesurvey.co.uk/ontology/admingeo/District,Kent,http://data.ordnancesurvey.co.uk/id/7000000000018210,http://data.ordnancesurvey.co.uk/ontology/admingeo/County,South East,http://data.ordnancesurvey.co.uk/id/7000000000041421,England,http://data.ordnancesurvey.co.uk/id/country/england,,,
osgb4000000032997569,http://data.ordnancesurvey.co.uk/id/4000000032997569,Metropole Road West,,,,transportNetwork,Named Road,621552,135416,1000,20000,621552,135339,621620,135504,CT20,http://data.ordnancesurvey.co.uk/id/postcodedistrict/CT20,Folkestone,http://data.ordnancesurvey.co.uk/id/4000000074566736,http://www.ordnancesurvey.co.uk/xml/codelists/localtype.xml#town,Folkestone and Hythe,http://data.ordnancesurvey.co.uk/id/7000000000018085,http://data.ordnancesurvey.co.uk/ontology/admingeo/District,Kent,http://data.ordnancesurvey.co.uk/id/7000000000018210,http://data.ordnancesurvey.co.uk/ontology/admingeo/County,South East,http://data.ordnancesurvey.co.uk/id/7000000000041421,England,http://data.ordnancesurvey.co.uk/id/country/england,,,
osgb4000000032996232,http://data.ordnancesurvey.co.uk/id/4000000032996232,Dallas-Brett Crescent,,,,transportNetwork,Named Road,623333,137441,1000,20000,623258,137366,623470,137589,CT19,http://data.ordnancesurvey.co.uk/id/postcodedistrict/CT19,Folkestone,http://data.ordnancesurvey.co.uk/id/4000000074566736,http://www.ordnancesurvey.co.uk/xml/codelists/localtype.xml#town,Folkestone and Hythe,http://data.ordnancesurvey.co.uk/id/7000000000018085,http://data.ordnancesurvey.co.uk/ontology/admingeo/District,Kent,http://data.ordnancesurvey.co.uk/id/7000000000018210,http://data.ordnancesurvey.co.uk/ontology/admingeo/County,South East,http://data.ordnancesurvey.co.uk/id/7000000000041421,England,http://data.ordnancesurvey.co.uk/id/country/england,,,
osgb4000000032997710,http://data.ordnancesurvey.co.uk/id/4000000032997710,Greenfield Road,,,,transportNetwork,Named Road,623070,137086,2000,20000,623035,136997,623131,137237,CT19,http://data.ordnancesurvey.co.uk/id/postcodedistrict/CT19,Folkestone,http://data.ordnancesurvey.co.uk/id/4000000074566736,http://www.ordnancesurvey.co.uk/xml/codelists/localtype.xml#town,Folkestone and Hythe,http://data.ordnancesurvey.co.uk/id/7000000000018085,http://data.ordnancesurvey.co.uk/ontology/admingeo/District,Kent,http://data.ordnancesurvey.co.uk/id/7000000000018210,http://data.ordnancesurvey.co.uk/ontology/admingeo/County,South East,http://data.ordnancesurvey.co.uk/id/7000000000041421,England,http://data.ordnancesurvey.co.uk/id/country/england,,,
osgb4000000032999692,http://data.ordnancesurvey.co.uk/id/4000000032999692,St Luke's Walk,,,,transportNetwork,Named Road,620587,139742,1000,20000,620579,139714,620594,139770,CT18,http://data.ordnancesurvey.co.uk/id/postcodedistrict/CT18,Hawkinge,http://data.ordnancesurvey.co.uk/id/4000000074566747,http://www.ordnancesurvey.co.uk/xml/codelists/localtype.xml#village,Folkestone and Hythe,http://data.ordnancesurvey.co.uk/id/7000000000018085,http://data.ordnancesurvey.co.uk/ontology/admingeo/District,Kent,http://data.ordnancesurvey.co.uk/id/7000000000018210,http://data.ordnancesurvey.co.uk/ontology/admingeo/County,South East,http://data.ordnancesurvey.co.uk/id/7000000000041421,England,http://data.ordnancesurvey.co.uk/id/country/england,,,
osgb4000000033001858,http://data.ordnancesurvey.co.uk/id/4000000033001858,Darlington Street,,,,transportNetwork,Named Road,622606,136308,1000,20000,622601,136305,622619,136315,CT20,http://data.ordnancesurvey.co.uk/id/postcodedistrict/CT20,Folkestone,http://data.ordnancesurvey.co.uk/id/4000000074566736,http://www.ordnancesurvey.co.uk/xml/codelists/localtype.xml#town,Folkestone and Hythe,http://data.ordnancesurvey.co.uk/id/7000000000018085,http://data.ordnancesurvey.co.uk/ontology/admingeo/District,Kent,http://data.ordnancesurvey.co.uk/id/7000000000018210,http://data.ordnancesurvey.co.uk/ontology/admingeo/County,South East,http://data.ordnancesurvey.co.uk/id/7000000000041421,England,http://data.ordnancesurvey.co.uk/id/country/england,,,
osgb4000000032999643,http://data.ordnancesurvey.co.uk/id/4000000032999643,Dawson Road,,,,transportNetwork,Named Road,622895,136713,1000,20000,622825,136643,622940,136790,CT19,http://data.ordnancesurvey.co.uk/id/postcodedistrict/CT19,Folkestone,http://data.ordnancesurvey.co.uk/id/4000000074566736,http://www.ordnancesurvey.co.uk/xml/codelists/localtype.xml#town,Folkestone and Hythe,http://data.ordnancesurvey.co.uk/id/7000000000018085,http://data.ordnancesurvey.co.uk/ontology/admingeo/District,Kent,http://data.ordnancesurvey.co.uk/id/7000000000018210,http://data.ordnancesurvey.co.uk/ontology/admingeo/County,South East,http://data.ordnancesurvey.co.uk/id/7000000000041421,England,http://data.ordnancesurvey.co.uk/id/country/england,,,
osgb4000000032996183,http://data.ordnancesurvey.co.uk/id/4000000032996183,Morehall Avenue,,,,transportNetwork,Named Road,620841,136700,2000,20000,620624,136666,620979,136759,CT19,http://data.ordnancesurvey.co.uk/id/postcodedistrict/CT19,Folkestone,http://data.ordnancesurvey.co.uk/id/4000000074566736,http://www.ordnancesurvey.co.uk/xml/codelists/localtype.xml#town,Folkestone and Hythe,http://data.ordnancesurvey.co.uk/id/7000000000018085,http://data.ordnancesurvey.co.uk/ontology/admingeo/District,Kent,http://data.ordnancesurvey.co.uk/id/7000000000018210,http://data.ordnancesurvey.co.uk/ontology/admingeo/County,South East,http://data.ordnancesurvey.co.uk/id/7000000000041421,England,http://data.ordnancesurvey.co.uk/id/country/england,,,
osgb4000000032997633,http://data.ordnancesurvey.co.uk/id/4000000032997633,Cambridge Gardens,,,,transportNetwork,Named Road,622610,136181,1000,20000,622519,136123,622669,136225,CT20,http://data.ordnancesurvey.co.uk/id/postcodedistrict/CT20,Folkestone,http://data.ordnancesurvey.co.uk/id/4000000074566736,http://www.ordnancesurvey.co.uk/xml/codelists/localtype.xml#town,Folkestone and Hythe,http://data.ordnancesurvey.co.uk/id/7000000000018085,http://data.ordnancesurvey.co.uk/ontology/admingeo/District,Kent,http://data.ordnancesurvey.co.uk/id/7000000000018210,http://data.ordnancesurvey.co.uk/ontology/admingeo/County,South East,http://data.ordnancesurvey.co.uk/id/7000000000041421,England,http://data.ordnancesurvey.co.uk/id/country/england,,,
osgb4000000033001857,http://data.ordnancesurvey.co.uk/id/4000000033001857,Stiles Close,,,,transportNetwork,Named Road,621404,137070,1000,20000,621404,137070,621421,137100,CT19,http://data.ordnancesurvey.co.uk/id/postcodedistrict/CT19,Folkestone,http://data.ordnancesurvey.co.uk/id/4000000074566736,http://www.ordnancesurvey.co.uk/xml/codelists/localtype.xml#town,Folkestone and Hythe,http://data.ordnancesurvey.co.uk/id/7000000000018085,http://data.ordnancesurvey.co.uk/ontology/admingeo/District,Kent,http://data.ordnancesurvey.co.uk/id/7000000000018210,http://data.ordnancesurvey.co.uk/ontology/admingeo/County,South East,http://data.ordnancesurvey.co.uk/id/7000000000041421,England,http://data.ordnancesurvey.co.uk/id/country/england,,,
osgb4000000032996246,http://data.ordnancesurvey.co.uk/id/4000000032996246,Capel Street,,,,transportNetwork,Named Road,625001,139253,12000,20000,624749,138331,625367,140124,CT18,http://data.ordnancesurvey.co.uk/id/postcodedistrict/CT18,Capel-le-Ferne,http://data.ordnancesurvey.co.uk/id/4000000074568384,http://www.ordnancesurvey.co.uk/xml/codelists/localtype.xml#village,Dover,http://data.ordnancesurvey.co.uk/id/7000000000017977,http://data.ordnancesurvey.co.uk/ontology/admingeo/District,Kent,http://data.ordnancesurvey.co.uk/id/7000000000018210,http://data.ordnancesurvey.co.uk/ontology/admingeo/County,South East,http://data.ordnancesurvey.co.uk/id/7000000000041421,England,http://data.ordnancesurvey.co.uk/id/country/england,,,
osgb4000000032997635,http://data.ordnancesurvey.co.uk/id/4000000032997635,Kingsnorth Gardens,,,,transportNetwork,Named Road,622042,136191,2000,20000,621939,136083,622183,136209,CT20,http://data.ordnancesurvey.co.uk/id/postcodedistrict/CT20,Folkestone,http://data.ordnancesurvey.co.uk/id/4000000074566736,http://www.ordnancesurvey.co.uk/xml/codelists/localtype.xml#town,Folkestone and Hythe,http://data.ordnancesurvey.co.uk/id/7000000000018085,http://data.ordnancesurvey.co.uk/ontology/admingeo/District,Kent,http://data.ordnancesurvey.co.uk/id/7000000000018210,http://data.ordnancesurvey.co.uk/ontology/admingeo/County,South East,http://data.ordnancesurvey.co.uk/id/7000000000041421,England,http://data.ordnancesurvey.co.uk/id/country/england,,,
osgb4000000032999580,http://data.ordnancesurvey.co.uk/id/4000000032999580,Hythe Close,,,,transportNetwork,Named Road,620625,136162,1000,20000,620591,136124,620656,136182,CT20,http://data.ordnancesurvey.co.uk/id/postcodedistrict/CT20,Folkestone,http://data.ordnancesurvey.co.uk/id/4000000074566736,http://www.ordnancesurvey.co.uk/xml/codelists/localtype.xml#town,Folkestone and Hythe,http://data.ordnancesurvey.co.uk/id/7000000000018085,http://data.ordnancesurvey.co.uk/ontology/admingeo/District,Kent,http://data.ordnancesurvey.co.uk/id/7000000000018210,http://data.ordnancesurvey.co.uk/ontology/admingeo/County,South East,http://data.ordnancesurvey.co.uk/id/7000000000041421,England,http://data.ordnancesurvey.co.uk/id/country/england,,,
osgb4000000032997560,http://data.ordnancesurvey.co.uk/id/4000000032997560,Wilberforce Road,,,,transportNetwork,Named Road,620197,135167,1000,20000,620108,135106,620242,135175,CT20,http://data.ordnancesurvey.co.uk/id/postcodedistrict/CT20,Folkestone,http://data.ordnancesurvey.co.uk/id/4000000074566736,http://www.ordnancesurvey.co.uk/xml/codelists/localtype.xml#town,Folkestone and Hythe,http://data.ordnancesurvey.co.uk/id/7000000000018085,http://data.ordnancesurvey.co.uk/ontology/admingeo/District,Kent,http://data.ordnancesurvey.co.uk/id/7000000000018210,http://data.ordnancesurvey.co.uk/ontology/admingeo/County,South East,http://data.ordnancesurvey.co.uk/id/7000000000041421,England,http://data.ordnancesurvey.co.uk/id/country/england,,,
osgb4000000032995446,http://data.ordnancesurvey.co.uk/id/4000000032995446,Lower Sandgate Road,,,,transportNetwork,Named Road,622689,135611,10000,20000,621605,135233,623214,135960,CT20,http://data.ordnancesurvey.co.uk/id/postcodedistrict/CT20,Folkestone,http://data.ordnancesurvey.co.uk/id/4000000074566736,http://www.ordnancesurvey.co.uk/xml/codelists/localtype.xml#town,Folkestone and Hythe,http://data.ordnancesurvey.co.uk/id/7000000000018085,http://data.ordnancesurvey.co.uk/ontology/admingeo/District,Kent,http://data.ordnancesurvey.co.uk/id/7000000000018210,http://data.ordnancesurvey.co.uk/ontology/admingeo/County,South East,http://data.ordnancesurvey.co.uk/id/7000000000041421,England,http://data.ordnancesurvey.co.uk/id/country/england,,,
osgb4000000032997727,http://data.ordnancesurvey.co.uk/id/4000000032997727,The Meade,,,,transportNetwork,Named Road,620665,139662,1000,20000,620607,139607,620722,139727,CT18,http://data.ordnancesurvey.co.uk/id/postcodedistrict/CT18,Hawkinge,http://data.ordnancesurvey.co.uk/id/4000000074566747,http://www.ordnancesurvey.co.uk/xml/codelists/localtype.xml#village,Folkestone and Hythe,http://data.ordnancesurvey.co.uk/id/7000000000018085,http://data.ordnancesurvey.co.uk/ontology/admingeo/District,Kent,http://data.ordnancesurvey.co.uk/id/7000000000018210,http://data.ordnancesurvey.co.uk/ontology/admingeo/County,South East,http://data.ordnancesurvey.co.uk/id/7000000000041421,England,http://data.ordnancesurvey.co.uk/id/country/england,,,
osgb4000000032995466,http://data.ordnancesurvey.co.uk/id/4000000032995466,Church Hill,,,,transportNetwork,Named Road,622805,139533,4000,20000,622718,139211,622891,139853,CT18,http://data.ordnancesurvey.co.uk/id/postcodedistrict/CT18,,,,Folkestone and Hythe,http://data.ordnancesurvey.co.uk/id/7000000000018085,http://data.ordnancesurvey.co.uk/ontology/admingeo/District,Kent,http://data.ordnancesurvey.co.uk/id/7000000000018210,http://data.ordnancesurvey.co.uk/ontology/admingeo/County,South East,http://data.ordnancesurvey.co.uk/id/7000000000041421,England,http://data.ordnancesurvey.co.uk/id/country/england,,,
osgb4000000032996223,http://data.ordnancesurvey.co.uk/id/4000000032996223,Lynwood,,,,transportNetwork,Named Road,622149,137000,2000,20000,621995,136856,622160,137139,CT19,http://data.ordnancesurvey.co.uk/id/postcodedistrict/CT19,Folkestone,http://data.ordnancesurvey.co.uk/id/4000000074566736,http://www.ordnancesurvey.co.uk/xml/codelists/localtype.xml#town,Folkestone and Hythe,http://data.ordnancesurvey.co.uk/id/7000000000018085,http://data.ordnancesurvey.co.uk/ontology/admingeo/District,Kent,http://data.ordnancesurvey.co.uk/id/7000000000018210,http://data.ordnancesurvey.co.uk/ontology/admingeo/County,South East,http://data.ordnancesurvey.co.uk/id/7000000000041421,England,http://data.ordnancesurvey.co.uk/id/country/england,,,
osgb4000000032999567,http://data.ordnancesurvey.co.uk/id/4000000032999567,Granville Road East,,,,transportNetwork,Named Road,620549,135181,1000,20000,620548,135154,620549,135214,CT20,http://data.ordnancesurvey.co.uk/id/postcodedistrict/CT20,Folkestone,http://data.ordnancesurvey.co.uk/id/4000000074566736,http://www.ordnancesurvey.co.uk/xml/codelists/localtype.xml#town,Folkestone and Hythe,http://data.ordnancesurvey.co.uk/id/7000000000018085,http://data.ordnancesurvey.co.uk/ontology/admingeo/District,Kent,http://data.ordnancesurvey.co.uk/id/7000000000018210,http://data.ordnancesurvey.co.uk/ontology/admingeo/County,South East,http://data.ordnancesurvey.co.uk/id/7000000000041421,England,http://data.ordnancesurvey.co.uk/id/country/england,,,
osgb4000000033001200,http://data.ordnancesurvey.co.uk/id/4000000033001200,Dennis Way,,,,transportNetwork,Named Road,620378,137200,1000,20000,620349,137136,620391,137283,CT19,http://data.ordnancesurvey.co.uk/id/postcodedistrict/CT19,Folkestone,http://data.ordnancesurvey.co.uk/id/4000000074566736,http://www.ordnancesurvey.co.uk/xml/codelists/localtype.xml#town,Folkestone and Hythe,http://data.ordnancesurvey.co.uk/id/7000000000018085,http://data.ordnancesurvey.co.uk/ontology/admingeo/District,Kent,http://data.ordnancesurvey.co.uk/id/7000000000018210,http://data.ordnancesurvey.co.uk/ontology/admingeo/County,South East,http://data.ordnancesurvey.co.uk/id/7000000000041421,England,http://data.ordnancesurvey.co.uk/id/country/england,,,
osgb4000000032999637,http://data.ordnancesurvey.co.uk/id/4000000032999637,Fern Bank Crescent,,,,transportNetwork,Named Road,622809,136844,1000,20000,622736,136799,622850,136905,CT19,http://data.ordnancesurvey.co.uk/id/postcodedistrict/CT19,Folkestone,http://data.ordnancesurvey.co.uk/id/4000000074566736,http://www.ordnancesurvey.co.uk/xml/codelists/localtype.xml#town,Folkestone and Hythe,http://data.ordnancesurvey.co.uk/id/7000000000018085,http://data.ordnancesurvey.co.uk/ontology/admingeo/District,Kent,http://data.ordnancesurvey.co.uk/id/7000000000018210,http://data.ordnancesurvey.co.uk/ontology/admingeo/County,South East,http://data.ordnancesurvey.co.uk/id/7000000000041421,England,http://data.ordnancesurvey.co.uk/id/country/england,,,
b0b49c31-75ff-430d-9796-0d744d80163e,http://data.ordnancesurvey.co.uk/id/b0b49c31-75ff-430d-9796-0d744d80163e,Old Dover Road,,,,transportNetwork,Section Of Named Road,625362,138466,10000,25000,624584,138281,626142,138639,CT18,http://data.ordnancesurvey.co.uk/id/postcodedistrict/CT18,Capel-le-Ferne,http://data.ordnancesurvey.co.uk/id/4000000074568384,http://www.ordnancesurvey.co.uk/xml/codelists/localtype.xml#village,Dover,http://data.ordnancesurvey.co.uk/id/7000000000017977,http://data.ordnancesurvey.co.uk/ontology/admingeo/District,Kent,http://data.ordnancesurvey.co.uk/id/7000000000018210,http://data.ordnancesurvey.co.uk/ontology/admingeo/County,South East,http://data.ordnancesurvey.co.uk/id/7000000000041421,England,http://data.ordnancesurvey.co.uk/id/country/england,osgb4000000032994907,,
osgb5000005125445778,http://data.ordnancesurvey.co.uk/id/5000005125445778,Terlingham Lane,,,,transportNetwork,Named Road,621185,138930,1000,20000,621139,138850,621249,139025,CT18,http://data.ordnancesurvey.co.uk/id/postcodedistrict/CT18,Hawkinge,http://data.ordnancesurvey.co.uk/id/4000000074566747,http://www.ordnancesurvey.co.uk/xml/codelists/localtype.xml#village,Folkestone and Hythe,http://data.ordnancesurvey.co.uk/id/7000000000018085,http://data.ordnancesurvey.co.uk/ontology/admingeo/District,Kent,http://data.ordnancesurvey.co.uk/id/7000000000018210,http://data.ordnancesurvey.co.uk/ontology/admingeo/County,South East,http://data.ordnancesurvey.co.uk/id/7000000000041421,England,http://data.ordnancesurvey.co.uk/id/country/england,,,
osgb4000000032999705,http://data.ordnancesurvey.co.uk/id/4000000032999705,Heyford Close,,,,transportNetwork,Named Road,621660,139639,1000,20000,621624,139608,621730,139657,CT18,http://data.ordnancesurvey.co.uk/id/postcodedistrict/CT18,Hawkinge,http://data.ordnancesurvey.co.uk/id/4000000074566747,http://www.ordnancesurvey.co.uk/xml/codelists/localtype.xml#village,Folkestone and Hythe,http://data.ordnancesurvey.co.uk/id/7000000000018085,http://data.ordnancesurvey.co.uk/ontology/admingeo/District,Kent,http://data.ordnancesurvey.co.uk/id/7000000000018210,http://data.ordnancesurvey.co.uk/ontology/admingeo/County,South East,http://data.ordnancesurvey.co.uk/id/7000000000041421,England,http://data.ordnancesurvey.co.uk/id/country/england,,,
osgb4000000032995470,http://data.ordnancesurvey.co.uk/id/4000000032995470,Winehouse Lane,,,,transportNetwork,Named Road,625590,139024,6000,20000,625068,138546,625731,139433,CT18,http://data.ordnancesurvey.co.uk/id/postcodedistrict/CT18,,,,Dover,http://data.ordnancesurvey.co.uk/id/7000000000017977,http://data.ordnancesurvey.co.uk/ontology/admingeo/District,Kent,http://data.ordnancesurvey.co.uk/id/7000000000018210,http://data.ordnancesurvey.co.uk/ontology/admingeo/County,South East,http://data.ordnancesurvey.co.uk/id/7000000000041421,England,http://data.ordnancesurvey.co.uk/id/country/england,,,
osgb4000000032997718,http://data.ordnancesurvey.co.uk/id/4000000032997718,Plimsoll Avenue,,,,transportNetwork,Named Road,623029,137810,1000,20000,622948,137740,623129,137813,CT19,http://data.ordnancesurvey.co.uk/id/postcodedistrict/CT19,Folkestone,http://data.ordnancesurvey.co.uk/id/4000000074566736,http://www.ordnancesurvey.co.uk/xml/codelists/localtype.xml#town,Folkestone and Hythe,http://data.ordnancesurvey.co.uk/id/7000000000018085,http://data.ordnancesurvey.co.uk/ontology/admingeo/District,Kent,http://data.ordnancesurvey.co.uk/id/7000000000018210,http://data.ordnancesurvey.co.uk/ontology/admingeo/County,South East,http://data.ordnancesurvey.co.uk/id/7000000000041421,England,http://data.ordnancesurvey.co.uk/id/country/england,,,
osgb5000005181633248,http://data.ordnancesurvey.co.uk/id/5000005181633248,Back Street,,,,transportNetwork,Named Road,623313,136060,1000,20000,623269,136051,623355,136075,CT19,http://data.ordnancesurvey.co.uk/id/postcodedistrict/CT19,Folkestone,http://data.ordnancesurvey.co.uk/id/4000000074566736,http://www.ordnancesurvey.co.uk/xml/codelists/localtype.xml#town,Folkestone and Hythe,http://data.ordnancesurvey.co.uk/id/7000000000018085,http://data.ordnancesurvey.co.uk/ontology/admingeo/District,Kent,http://data.ordnancesurvey.co.uk/id/7000000000018210,http://data.ordnancesurvey.co.uk/ontology/admingeo/County,South East,http://data.ordnancesurvey.co.uk/id/7000000000041421,England,http://data.ordnancesurvey.co.uk/id/country/england,,,
osgb4000000032997583,http://data.ordnancesurvey.co.uk/id/4000000032997583,Brambley Crescent,,,,transportNetwork,Named Road,620246,136344,1000,20000,620177,136226,620279,136442,CT20,http://data.ordnancesurvey.co.uk/id/postcodedistrict/CT20,Folkestone,http://data.ordnancesurvey.co.uk/id/4000000074566736,http://www.ordnancesurvey.co.uk/xml/codelists/localtype.xml#town,Folkestone and Hythe,http://data.ordnancesurvey.co.uk/id/7000000000018085,http://data.ordnancesurvey.co.uk/ontology/admingeo/District,Kent,http://data.ordnancesurvey.co.uk/id/7000000000018210,http://data.ordnancesurvey.co.uk/ontology/admingeo/County,South East,http://data.ordnancesurvey.co.uk/id/7000000000041421,England,http://data.ordnancesurvey.co.uk/id/country/england,,,
osgb4000000032996219,http://data.ordnancesurvey.co.uk/id/4000000032996219,Kingsmead,,,,transportNetwork,Named Road,621845,137500,2000,20000,621814,137409,621861,137676,CT19,http://data.ordnancesurvey.co.uk/id/postcodedistrict/CT19,Folkestone,http://data.ordnancesurvey.co.uk/id/4000000074566736,http://www.ordnancesurvey.co.uk/xml/codelists/localtype.xml#town,Folkestone and Hythe,http://data.ordnancesurvey.co.uk/id/7000000000018085,http://data.ordnancesurvey.co.uk/ontology/admingeo/District,Kent,http://data.ordnancesurvey.co.uk/id/7000000000018210,http://data.ordnancesurvey.co.uk/ontology/admingeo/County,South East,http://data.ordnancesurvey.co.uk/id/7000000000041421,England,http://data.ordnancesurvey.co.uk/id/country/england,,,
osgb4000000033005951,http://data.ordnancesurvey.co.uk/id/4000000033005951,Sandpiper Road,,,,transportNetwork,Named Road,621055,139437,1000,20000,621019,139391,621067,139478,CT18,http://data.ordnancesurvey.co.uk/id/postcodedistrict/CT18,Hawkinge,http://data.ordnancesurvey.co.uk/id/4000000074566747,http://www.ordnancesurvey.co.uk/xml/codelists/localtype.xml#village,Folkestone and Hythe,http://data.ordnancesurvey.co.uk/id/7000000000018085,http://data.ordnancesurvey.co.uk/ontology/admingeo/District,Kent,http://data.ordnancesurvey.co.uk/id/7000000000018210,http://data.ordnancesurvey.co.uk/ontology/admingeo/County,South East,http://data.ordnancesurvey.co.uk/id/7000000000041421,England,http://data.ordnancesurvey.co.uk/id/country/england,,,
osgb4000000032997715,http://data.ordnancesurvey.co.uk/id/4000000032997715,Invicta Road,,,,transportNetwork,Named Road,623000,137111,1000,20000,622882,137076,623066,137175,CT19,http://data.ordnancesurvey.co.uk/id/postcodedistrict/CT19,Folkestone,http://data.ordnancesurvey.co.uk/id/4000000074566736,http://www.ordnancesurvey.co.uk/xml/codelists/localtype.xml#town,Folkestone and Hythe,http://data.ordnancesurvey.co.uk/id/7000000000018085,http://data.ordnancesurvey.co.uk/ontology/admingeo/District,Kent,http://data.ordnancesurvey.co.uk/id/7000000000018210,http://data.ordnancesurvey.co.uk/ontology/admingeo/County,South East,http://data.ordnancesurvey.co.uk/id/7000000000041421,England,http://data.ordnancesurvey.co.uk/id/country/england,,,
osgb4000000032999693,http://data.ordnancesurvey.co.uk/id/4000000032999693,Demozay Close,,,,transportNetwork,Named Road,621071,139586,1000,20000,621032,139561,621091,139659,CT18,http://data.ordnancesurvey.co.uk/id/postcodedistrict/CT18,Hawkinge,http://data.ordnancesurvey.co.uk/id/4000000074566747,http://www.ordnancesurvey.co.uk/xml/codelists/localtype.xml#village,Folkestone and Hythe,http://data.ordnancesurvey.co.uk/id/7000000000018085,http://data.ordnancesurvey.co.uk/ontology/admingeo/District,Kent,http://data.ordnancesurvey.co.uk/id/7000000000018210,http://data.ordnancesurvey.co.uk/ontology/admingeo/County,South East,http://data.ordnancesurvey.co.uk/id/7000000000041421,England,http://data.ordnancesurvey.co.uk/id/country/england,,,
osgb4000000032996187,http://data.ordnancesurvey.co.uk/id/4000000032996187,Coniston Road,,,,transportNetwork,Named Road,621846,136947,2000,20000,621688,136935,622000,137049,CT19,http://data.ordnancesurvey.co.uk/id/postcodedistrict/CT19,Folkestone,http://data.ordnancesurvey.co.uk/id/4000000074566736,http://www.ordnancesurvey.co.uk/xml/codelists/localtype.xml#town,Folkestone and Hythe,http://data.ordnancesurvey.co.uk/id/7000000000018085,http://data.ordnancesurvey.co.uk/ontology/admingeo/District,Kent,http://data.ordnancesurvey.co.uk/id/7000000000018210,http://data.ordnancesurvey.co.uk/ontology/admingeo/County,South East,http://data.ordnancesurvey.co.uk/id/7000000000041421,England,http://data.ordnancesurvey.co.uk/id/country/england,,,
osgb4000000033044365,http://data.ordnancesurvey.co.uk/id/4000000033044365,Canterbury Close,,,,transportNetwork,Named Road,623035,136964,1000,20000,623024,136942,623035,136964,CT19,http://data.ordnancesurvey.co.uk/id/postcodedistrict/CT19,Folkestone,http://data.ordnancesurvey.co.uk/id/4000000074566736,http://www.ordnancesurvey.co.uk/xml/codelists/localtype.xml#town,Folkestone and Hythe,http://data.ordnancesurvey.co.uk/id/7000000000018085,http://data.ordnancesurvey.co.uk/ontology/admingeo/District,Kent,http://data.ordnancesurvey.co.uk/id/7000000000018210,http://data.ordnancesurvey.co.uk/ontology/admingeo/County,South East,http://data.ordnancesurvey.co.uk/id/7000000000041421,England,http://data.ordnancesurvey.co.uk/id/country/england,,,
osgb4000000032997693,http://data.ordnancesurvey.co.uk/id/4000000032997693,Varne Road,,,,transportNetwork,Named Road,623855,136500,1000,20000,623767,136469,623938,136531,CT19,http://data.ordnancesurvey.co.uk/id/postcodedistrict/CT19,Folkestone,http://data.ordnancesurvey.co.uk/id/4000000074566736,http://www.ordnancesurvey.co.uk/xml/codelists/localtype.xml#town,Folkestone and Hythe,http://data.ordnancesurvey.co.uk/id/7000000000018085,http://data.ordnancesurvey.co.uk/ontology/admingeo/District,Kent,http://data.ordnancesurvey.co.uk/id/7000000000018210,http://data.ordnancesurvey.co.uk/ontology/admingeo/County,South East,http://data.ordnancesurvey.co.uk/id/7000000000041421,England,http://data.ordnancesurvey.co.uk/id/country/england,,,
osgb4000000033001169,http://data.ordnancesurvey.co.uk/id/4000000033001169,Cheriton Road,,,,transportNetwork,Named Road,621591,136434,15000,20000,620437,136051,622683,136733,CT19,http://data.ordnancesurvey.co.uk/id/postcodedistrict/CT19,Folkestone,http://data.ordnancesurvey.co.uk/id/4000000074566736,http://www.ordnancesurvey.co.uk/xml/codelists/localtype.xml#town,Folkestone and Hythe,http://data.ordnancesurvey.co.uk/id/7000000000018085,http://data.ordnancesurvey.co.uk/ontology/admingeo/District,Kent,http://data.ordnancesurvey.co.uk/id/7000000000018210,http://data.ordnancesurvey.co.uk/ontology/admingeo/County,South East,http://data.ordnancesurvey.co.uk/id/7000000000041421,England,http://data.ordnancesurvey.co.uk/id/country/england,,,
osgb4000000032996163,http://data.ordnancesurvey.co.uk/id/4000000032996163,Oxenden Road,,,,transportNetwork,Named Road,620361,135951,2000,20000,620174,135804,620504,135998,CT20,http://data.ordnancesurvey.co.uk/id/postcodedistrict/CT20,Folkestone,http://data.ordnancesurvey.co.uk/id/4000000074566736,http://www.ordnancesurvey.co.uk/xml/codelists/localtype.xml#town,Folkestone and Hythe,http://data.ordnancesurvey.co.uk/id/7000000000018085,http://data.ordnancesurvey.co.uk/ontology/admingeo/District,Kent,http://data.ordnancesurvey.co.uk/id/7000000000018210,http://data.ordnancesurvey.co.uk/ontology/admingeo/County,South East,http://data.ordnancesurvey.co.uk/id/7000000000041421,England,http://data.ordnancesurvey.co.uk/id/country/england,,,
osgb4000000032997618,http://data.ordnancesurvey.co.uk/id/4000000032997618,Trimworth Road,,,,transportNetwork,Named Road,620979,136666,1000,20000,620962,136603,620994,136732,CT19,http://data.ordnancesurvey.co.uk/id/postcodedistrict/CT19,Folkestone,http://data.ordnancesurvey.co.uk/id/4000000074566736,http://www.ordnancesurvey.co.uk/xml/codelists/localtype.xml#town,Folkestone and Hythe,http://data.ordnancesurvey.co.uk/id/7000000000018085,http://data.ordnancesurvey.co.uk/ontology/admingeo/District,Kent,http://data.ordnancesurvey.co.uk/id/7000000000018210,http://data.ordnancesurvey.co.uk/ontology/admingeo/County,South East,http://data.ordnancesurvey.co.uk/id/7000000000041421,England,http://data.ordnancesurvey.co.uk/id/country/england,,,
1def0d0c-b326-4e4a-8018-3b0851b82cfb,http://data.ordnancesurvey.co.uk/id/1def0d0c-b326-4e4a-8018-3b0851b82cfb,Plough Hill,,,,transportNetwork,Section Of Named Road,627956,139908,1000,25000,627923,139847,628015,139997,CT15,http://data.ordnancesurvey.co.uk/id/postcodedistrict/CT15,Church Hougham,http://data.ordnancesurvey.co.uk/id/4000000074568381,http://www.ordnancesurvey.co.uk/xml/codelists/localtype.xml#hamlet,Dover,http://data.ordnancesurvey.co.uk/id/7000000000017977,http://data.ordnancesurvey.co.uk/ontology/admingeo/District,Kent,http://data.ordnancesurvey.co.uk/id/7000000000018210,http://data.ordnancesurvey.co.uk/ontology/admingeo/County,South East,http://data.ordnancesurvey.co.uk/id/7000000000041421,England,http://data.ordnancesurvey.co.uk/id/country/england,osgb4000000032996249,,
osgb4000000032995437,http://data.ordnancesurvey.co.uk/id/4000000032995437,Military Road,,,,transportNetwork,Named Road,620168,135741,7000,20000,619819,135221,620582,136252,CT20,http://data.ordnancesurvey.co.uk/id/postcodedistrict/CT20,Folkestone,http://data.ordnancesurvey.co.uk/id/4000000074566736,http://www.ordnancesurvey.co.uk/xml/codelists/localtype.xml#town,Folkestone and Hythe,http://data.ordnancesurvey.co.uk/id/7000000000018085,http://data.ordnancesurvey.co.uk/ontology/admingeo/District,Kent,http://data.ordnancesurvey.co.uk/id/7000000000018210,http://data.ordnancesurvey.co.uk/ontology/admingeo/County,South East,http://data.ordnancesurvey.co.uk/id/7000000000041421,England,http://data.ordnancesurvey.co.uk/id/country/england,,,
osgb4000000033058562,http://data.ordnancesurvey.co.uk/id/4000000033058562,Marre Lane,,,,transportNetwork,Named Road,620835,139093,1000,20000,620816,139060,620849,139114,CT18,http://data.ordnancesurvey.co.uk/id/postcodedistrict/CT18,Hawkinge,http://data.ordnancesurvey.co.uk/id/4000000074566747,http://www.ordnancesurvey.co.uk/xml/codelists/localtype.xml#village,Folkestone and Hythe,http://data.ordnancesurvey.co.uk/id/7000000000018085,http://data.ordnancesurvey.co.uk/ontology/admingeo/District,Kent,http://data.ordnancesurvey.co.uk/id/7000000000018210,http://data.ordnancesurvey.co.uk/ontology/admingeo/County,South East,http://data.ordnancesurvey.co.uk/id/7000000000041421,England,http://data.ordnancesurvey.co.uk/id/country/england,,,
osgb4000000032997669,http://data.ordnancesurvey.co.uk/id/4000000032997669,Bridge Street,,,,transportNetwork,Named Road,623146,136957,1000,20000,623111,136864,623184,137042,CT19,http://data.ordnancesurvey.co.uk/id/postcodedistrict/CT19,Folkestone,http://data.ordnancesurvey.co.uk/id/4000000074566736,http://www.ordnancesurvey.co.uk/xml/codelists/localtype.xml#town,Folkestone and Hythe,http://data.ordnancesurvey.co.uk/id/7000000000018085,http://data.ordnancesurvey.co.uk/ontology/admingeo/District,Kent,http://data.ordnancesurvey.co.uk/id/7000000000018210,http://data.ordnancesurvey.co.uk/ontology/admingeo/County,South East,http://data.ordnancesurvey.co.uk/id/7000000000041421,England,http://data.ordnancesurvey.co.uk/id/country/england,,,
osgb4000000032997597,http://data.ordnancesurvey.co.uk/id/4000000032997597,Phillip Road,,,,transportNetwork,Named Road,620462,136887,2000,20000,620325,136847,620602,136925,CT19,http://data.ordnancesurvey.co.uk/id/postcodedistrict/CT19,Folkestone,http://data.ordnancesurvey.co.uk/id/4000000074566736,http://www.ordnancesurvey.co.uk/xml/codelists/localtype.xml#town,Folkestone and Hythe,http://data.ordnancesurvey.co.uk/id/7000000000018085,http://data.ordnancesurvey.co.uk/ontology/admingeo/District,Kent,http://data.ordnancesurvey.co.uk/id/7000000000018210,http://data.ordnancesurvey.co.uk/ontology/admingeo/County,South East,http://data.ordnancesurvey.co.uk/id/7000000000041421,England,http://data.ordnancesurvey.co.uk/id/country/england,,,
osgb4000000032997694,http://data.ordnancesurvey.co.uk/id/4000000032997694,Warren Close,,,,transportNetwork,Named Road,623770,136941,1000,20000,623692,136867,623843,137010,CT19,http://data.ordnancesurvey.co.uk/id/postcodedistrict/CT19,Folkestone,http://data.ordnancesurvey.co.uk/id/4000000074566736,http://www.ordnancesurvey.co.uk/xml/codelists/localtype.xml#town,Folkestone and Hythe,http://data.ordnancesurvey.co.uk/id/7000000000018085,http://data.ordnancesurvey.co.uk/ontology/admingeo/District,Kent,http://data.ordnancesurvey.co.uk/id/7000000000018210,http://data.ordnancesurvey.co.uk/ontology/admingeo/County,South East,http://data.ordnancesurvey.co.uk/id/7000000000041421,England,http://data.ordnancesurvey.co.uk/id/country/england,,,
osgb4000000032997628,http://data.ordnancesurvey.co.uk/id/4000000032997628,Cheriton Gardens,,,,transportNetwork,Named Road,622422,136000,1000,20000,622338,135899,622524,136095,CT20,http://data.ordnancesurvey.co.uk/id/postcodedistrict/CT20,Folkestone,http://data.ordnancesurvey.co.uk/id/4000000074566736,http://www.ordnancesurvey.co.uk/xml/codelists/localtype.xml#town,Folkestone and Hythe,http://data.ordnancesurvey.co.uk/id/7000000000018085,http://data.ordnancesurvey.co.uk/ontology/admingeo/District,Kent,http://data.ordnancesurvey.co.uk/id/7000000000018210,http://data.ordnancesurvey.co.uk/ontology/admingeo/County,South East,http://data.ordnancesurvey.co.uk/id/7000000000041421,England,http://data.ordnancesurvey.co.uk/id/country/england,,,
osgb4000000033032059,http://data.ordnancesurvey.co.uk/id/4000000033032059,Earl's Avenue,,,,transportNetwork,Named Road,621823,135714,5000,20000,621763,135371,621879,136070,CT20,http://data.ordnancesurvey.co.uk/id/postcodedistrict/CT20,Folkestone,http://data.ordnancesurvey.co.uk/id/4000000074566736,http://www.ordnancesurvey.co.uk/xml/codelists/localtype.xml#town,Folkestone and Hythe,http://data.ordnancesurvey.co.uk/id/7000000000018085,http://data.ordnancesurvey.co.uk/ontology/admingeo/District,Kent,http://data.ordnancesurvey.co.uk/id/7000000000018210,http://data.ordnancesurvey.co.uk/ontology/admingeo/County,South East,http://data.ordnancesurvey.co.uk/id/7000000000041421,England,http://data.ordnancesurvey.co.uk/id/country/england,,,
osgb4000000032997595,http://data.ordnancesurvey.co.uk/id/4000000032997595,Park Road,,,,transportNetwork,Named Road,620286,136683,1000,20000,620207,136591,620292,136772,CT19,http://data.ordnancesurvey.co.uk/id/postcodedistrict/CT19,Folkestone,http://data.ordnancesurvey.co.uk/id/4000000074566736,http://www.ordnancesurvey.co.uk/xml/codelists/localtype.xml#town,Folkestone and Hythe,http://data.ordnancesurvey.co.uk/id/7000000000018085,http://data.ordnancesurvey.co.uk/ontology/admingeo/District,Kent,http://data.ordnancesurvey.co.uk/id/7000000000018210,http://data.ordnancesurvey.co.uk/ontology/admingeo/County,South East,http://data.ordnancesurvey.co.uk/id/7000000000041421,England,http://data.ordnancesurvey.co.uk/id/country/england,,,
osgb4000000033044363,http://data.ordnancesurvey.co.uk/id/4000000033044363,Lewis Road,,,,transportNetwork,Named Road,620835,139122,1000,20000,620710,139030,620919,139170,CT18,http://data.ordnancesurvey.co.uk/id/postcodedistrict/CT18,Hawkinge,http://data.ordnancesurvey.co.uk/id/4000000074566747,http://www.ordnancesurvey.co.uk/xml/codelists/localtype.xml#village,Folkestone and Hythe,http://data.ordnancesurvey.co.uk/id/7000000000018085,http://data.ordnancesurvey.co.uk/ontology/admingeo/District,Kent,http://data.ordnancesurvey.co.uk/id/7000000000018210,http://data.ordnancesurvey.co.uk/ontology/admingeo/County,South East,http://data.ordnancesurvey.co.uk/id/7000000000041421,England,http://data.ordnancesurvey.co.uk/id/country/england,,,
osgb4000000033001158,http://data.ordnancesurvey.co.uk/id/4000000033001158,Parade Road,,,,transportNetwork,Named Road,620498,135190,1000,20000,620496,135148,620503,135203,CT20,http://data.ordnancesurvey.co.uk/id/postcodedistrict/CT20,Folkestone,http://data.ordnancesurvey.co.uk/id/4000000074566736,http://www.ordnancesurvey.co.uk/xml/codelists/localtype.xml#town,Folkestone and Hythe,http://data.ordnancesurvey.co.uk/id/7000000000018085,http://data.ordnancesurvey.co.uk/ontology/admingeo/District,Kent,http://data.ordnancesurvey.co.uk/id/7000000000018210,http://data.ordnancesurvey.co.uk/ontology/admingeo/County,South East,http://data.ordnancesurvey.co.uk/id/7000000000041421,England,http://data.ordnancesurvey.co.uk/id/country/england,,,
5318445d-5798-4eb6-b8bb-9dd1a244e836,http://data.ordnancesurvey.co.uk/id/5318445d-5798-4eb6-b8bb-9dd1a244e836,Satmar Lane,,,,transportNetwork,Section Of Named Road,625681,139331,2000,25000,625549,139143,625779,139458,CT18,http://data.ordnancesurvey.co.uk/id/postcodedistrict/CT18,Satmar,http://data.ordnancesurvey.co.uk/id/4000000074568382,http://www.ordnancesurvey.co.uk/xml/codelists/localtype.xml#hamlet,Dover,http://data.ordnancesurvey.co.uk/id/7000000000017977,http://data.ordnancesurvey.co.uk/ontology/admingeo/District,Kent,http://data.ordnancesurvey.co.uk/id/7000000000018210,http://data.ordnancesurvey.co.uk/ontology/admingeo/County,South East,http://data.ordnancesurvey.co.uk/id/7000000000041421,England,http://data.ordnancesurvey.co.uk/id/country/england,osgb4000000032995471,,
osgb4000000032999676,http://data.ordnancesurvey.co.uk/id/4000000032999676,Sunningdale Avenue,,,,transportNetwork,Named Road,621447,137448,1000,20000,621432,137420,621455,137478,CT19,http://data.ordnancesurvey.co.uk/id/postcodedistrict/CT19,Folkestone,http://data.ordnancesurvey.co.uk/id/4000000074566736,http://www.ordnancesurvey.co.uk/xml/codelists/localtype.xml#town,Folkestone and Hythe,http://data.ordnancesurvey.co.uk/id/7000000000018085,http://data.ordnancesurvey.co.uk/ontology/admingeo/District,Kent,http://data.ordnancesurvey.co.uk/id/7000000000018210,http://data.ordnancesurvey.co.uk/ontology/admingeo/County,South East,http://data.ordnancesurvey.co.uk/id/7000000000041421,England,http://data.ordnancesurvey.co.uk/id/country/england,,,
osgb4000000033001193,http://data.ordnancesurvey.co.uk/id/4000000033001193,Ash Tree Road,,,,transportNetwork,Named Road,623281,136856,1000,20000,623242,136856,623281,136875,CT19,http://data.ordnancesurvey.co.uk/id/postcodedistrict/CT19,Folkestone,http://data.ordnancesurvey.co.uk/id/4000000074566736,http://www.ordnancesurvey.co.uk/xml/codelists/localtype.xml#town,Folkestone and Hythe,http://data.ordnancesurvey.co.uk/id/7000000000018085,http://data.ordnancesurvey.co.uk/ontology/admingeo/District,Kent,http://data.ordnancesurvey.co.uk/id/7000000000018210,http://data.ordnancesurvey.co.uk/ontology/admingeo/County,South East,http://data.ordnancesurvey.co.uk/id/7000000000041421,England,http://data.ordnancesurvey.co.uk/id/country/england,,,
osgb4000000032997571,http://data.ordnancesurvey.co.uk/id/4000000032997571,Plain Road,,,,transportNetwork,Named Road,621478,135602,1000,20000,621408,135525,621557,135606,CT20,http://data.ordnancesurvey.co.uk/id/postcodedistrict/CT20,Folkestone,http://data.ordnancesurvey.co.uk/id/4000000074566736,http://www.ordnancesurvey.co.uk/xml/codelists/localtype.xml#town,Folkestone and Hythe,http://data.ordnancesurvey.co.uk/id/7000000000018085,http://data.ordnancesurvey.co.uk/ontology/admingeo/District,Kent,http://data.ordnancesurvey.co.uk/id/7000000000018210,http://data.ordnancesurvey.co.uk/ontology/admingeo/County,South East,http://data.ordnancesurvey.co.uk/id/7000000000041421,England,http://data.ordnancesurvey.co.uk/id/country/england,,,
osgb5000005106593193,http://data.ordnancesurvey.co.uk/id/5000005106593193,The Acers,,,,transportNetwork,Named Road,620902,135659,1000,20000,620900,135623,620932,135691,CT20,http://data.ordnancesurvey.co.uk/id/postcodedistrict/CT20,Folkestone,http://data.ordnancesurvey.co.uk/id/4000000074566736,http://www.ordnancesurvey.co.uk/xml/codelists/localtype.xml#town,Folkestone and Hythe,http://data.ordnancesurvey.co.uk/id/7000000000018085,http://data.ordnancesurvey.co.uk/ontology/admingeo/District,Kent,http://data.ordnancesurvey.co.uk/id/7000000000018210,http://data.ordnancesurvey.co.uk/ontology/admingeo/County,South East,http://data.ordnancesurvey.co.uk/id/7000000000041421,England,http://data.ordnancesurvey.co.uk/id/country/england,,,
osgb4000000032999581,http://data.ordnancesurvey.co.uk/id/4000000032999581,Collingwood Rise,,,,transportNetwork,Named Road,620327,136222,1000,20000,620276,136217,620366,136245,CT20,http://data.ordnancesurvey.co.uk/id/postcodedistrict/CT20,Folkestone,http://data.ordnancesurvey.co.uk/id/4000000074566736,http://www.ordnancesurvey.co.uk/xml/codelists/localtype.xml#town,Folkestone and Hythe,http://data.ordnancesurvey.co.uk/id/7000000000018085,http://data.ordnancesurvey.co.uk/ontology/admingeo/District,Kent,http://data.ordnancesurvey.co.uk/id/7000000000018210,http://data.ordnancesurvey.co.uk/ontology/admingeo/County,South East,http://data.ordnancesurvey.co.uk/id/7000000000041421,England,http://data.ordnancesurvey.co.uk/id/country/england,,,
c12c3544-4916-46e5-96b6-cb3903b11add,http://data.ordnancesurvey.co.uk/id/c12c3544-4916-46e5-96b6-cb3903b11add,Wear Bay Road,,,,transportNetwork,Section Of Named Road,623990,136764,7000,25000,623459,136300,624049,137359,CT19,http://data.ordnancesurvey.co.uk/id/postcodedistrict/CT19,Folkestone,http://data.ordnancesurvey.co.uk/id/4000000074566736,http://www.ordnancesurvey.co.uk/xml/codelists/localtype.xml#town,Folkestone and Hythe,http://data.ordnancesurvey.co.uk/id/7000000000018085,http://data.ordnancesurvey.co.uk/ontology/admingeo/District,Kent,http://data.ordnancesurvey.co.uk/id/7000000000018210,http://data.ordnancesurvey.co.uk/ontology/admingeo/County,South East,http://data.ordnancesurvey.co.uk/id/7000000000041421,England,http://data.ordnancesurvey.co.uk/id/country/england,osgb4000000032995075,,
osgb4000000032997711,http://data.ordnancesurvey.co.uk/id/4000000032997711,Ethelbert Road,,,,transportNetwork,Named Road,623000,137170,1000,20000,622893,137157,623027,137219,CT19,http://data.ordnancesurvey.co.uk/id/postcodedistrict/CT19,Folkestone,http://data.ordnancesurvey.co.uk/id/4000000074566736,http://www.ordnancesurvey.co.uk/xml/codelists/localtype.xml#town,Folkestone and Hythe,http://data.ordnancesurvey.co.uk/id/7000000000018085,http://data.ordnancesurvey.co.uk/ontology/admingeo/District,Kent,http://data.ordnancesurvey.co.uk/id/7000000000018210,http://data.ordnancesurvey.co.uk/ontology/admingeo/County,South East,http://data.ordnancesurvey.co.uk/id/7000000000041421,England,http://data.ordnancesurvey.co.uk/id/country/england,,,
osgb5000005221492025,http://data.ordnancesurvey.co.uk/id/5000005221492025,North Lane,,,,transportNetwork,Named Road,620397,135209,1000,20000,620388,135188,620404,135226,CT20,http://data.ordnancesurvey.co.uk/id/postcodedistrict/CT20,Folkestone,http://data.ordnancesurvey.co.uk/id/4000000074566736,http://www.ordnancesurvey.co.uk/xml/codelists/localtype.xml#town,Folkestone and Hythe,http://data.ordnancesurvey.co.uk/id/7000000000018085,http://data.ordnancesurvey.co.uk/ontology/admingeo/District,Kent,http://data.ordnancesurvey.co.uk/id/7000000000018210,http://data.ordnancesurvey.co.uk/ontology/admingeo/County,South East,http://data.ordnancesurvey.co.uk/id/7000000000041421,England,http://data.ordnancesurvey.co.uk/id/country/england,,,
osgb4000000068752606,http://data.ordnancesurvey.co.uk/id/4000000068752606,Bail Steps,,,,transportNetwork,Named Road,623066,136038,1000,20000,623062,136016,623071,136055,CT20,http://data.ordnancesurvey.co.uk/id/postcodedistrict/CT20,Folkestone,http://data.ordnancesurvey.co.uk/id/4000000074566736,http://www.ordnancesurvey.co.uk/xml/codelists/localtype.xml#town,Folkestone and Hythe,http://data.ordnancesurvey.co.uk/id/7000000000018085,http://data.ordnancesurvey.co.uk/ontology/admingeo/District,Kent,http://data.ordnancesurvey.co.uk/id/7000000000018210,http://data.ordnancesurvey.co.uk/ontology/admingeo/County,South East,http://data.ordnancesurvey.co.uk/id/7000000000041421,England,http://data.ordnancesurvey.co.uk/id/country/england,,,
osgb4000000032997577,http://data.ordnancesurvey.co.uk/id/4000000032997577,Fremantle Road,,,,transportNetwork,Named Road,620396,136183,3000,20000,620202,136080,620587,136228,CT20,http://data.ordnancesurvey.co.uk/id/postcodedistrict/CT20,Folkestone,http://data.ordnancesurvey.co.uk/id/4000000074566736,http://www.ordnancesurvey.co.uk/xml/codelists/localtype.xml#town,Folkestone and Hythe,http://data.ordnancesurvey.co.uk/id/7000000000018085,http://data.ordnancesurvey.co.uk/ontology/admingeo/District,Kent,http://data.ordnancesurvey.co.uk/id/7000000000018210,http://data.ordnancesurvey.co.uk/ontology/admingeo/County,South East,http://data.ordnancesurvey.co.uk/id/7000000000041421,England,http://data.ordnancesurvey.co.uk/id/country/england,,,
osgb4000000032996156,http://data.ordnancesurvey.co.uk/id/4000000032996156,Dixwell Road,,,,transportNetwork,Named Road,621364,135520,2000,20000,621333,135353,621377,135669,CT20,http://data.ordnancesurvey.co.uk/id/postcodedistrict/CT20,Folkestone,http://data.ordnancesurvey.co.uk/id/4000000074566736,http://www.ordnancesurvey.co.uk/xml/codelists/localtype.xml#town,Folkestone and Hythe,http://data.ordnancesurvey.co.uk/id/7000000000018085,http://data.ordnancesurvey.co.uk/ontology/admingeo/District,Kent,http://data.ordnancesurvey.co.uk/id/7000000000018210,http://data.ordnancesurvey.co.uk/ontology/admingeo/County,South East,http://data.ordnancesurvey.co.uk/id/7000000000041421,England,http://data.ordnancesurvey.co.uk/id/country/england,,,
osgb4000000032997656,http://data.ordnancesurvey.co.uk/id/4000000032997656,Garden Road,,,,transportNetwork,Named Road,622639,136813,1000,20000,622586,136708,622663,136938,CT19,http://data.ordnancesurvey.co.uk/id/postcodedistrict/CT19,Folkestone,http://data.ordnancesurvey.co.uk/id/4000000074566736,http://www.ordnancesurvey.co.uk/xml/codelists/localtype.xml#town,Folkestone and Hythe,http://data.ordnancesurvey.co.uk/id/7000000000018085,http://data.ordnancesurvey.co.uk/ontology/admingeo/District,Kent,http://data.ordnancesurvey.co.uk/id/7000000000018210,http://data.ordnancesurvey.co.uk/ontology/admingeo/County,South East,http://data.ordnancesurvey.co.uk/id/7000000000041421,England,http://data.ordnancesurvey.co.uk/id/country/england,,,
osgb4000000032999606,http://data.ordnancesurvey.co.uk/id/4000000032999606,Langhorne Gardens,,,,transportNetwork,Named Road,622333,135578,1000,20000,622312,135528,622353,135630,CT20,http://data.ordnancesurvey.co.uk/id/postcodedistrict/CT20,Folkestone,http://data.ordnancesurvey.co.uk/id/4000000074566736,http://www.ordnancesurvey.co.uk/xml/codelists/localtype.xml#town,Folkestone and Hythe,http://data.ordnancesurvey.co.uk/id/7000000000018085,http://data.ordnancesurvey.co.uk/ontology/admingeo/District,Kent,http://data.ordnancesurvey.co.uk/id/7000000000018210,http://data.ordnancesurvey.co.uk/ontology/admingeo/County,South East,http://data.ordnancesurvey.co.uk/id/7000000000041421,England,http://data.ordnancesurvey.co.uk/id/country/england,,,
osgb5000005162574930,http://data.ordnancesurvey.co.uk/id/5000005162574930,Vicarage Road,,,,transportNetwork,Named Road,620873,135278,1000,20000,620798,135275,620941,135300,CT20,http://data.ordnancesurvey.co.uk/id/postcodedistrict/CT20,Folkestone,http://data.ordnancesurvey.co.uk/id/4000000074566736,http://www.ordnancesurvey.co.uk/xml/codelists/localtype.xml#town,Folkestone and Hythe,http://data.ordnancesurvey.co.uk/id/7000000000018085,http://data.ordnancesurvey.co.uk/ontology/admingeo/District,Kent,http://data.ordnancesurvey.co.uk/id/7000000000018210,http://data.ordnancesurvey.co.uk/ontology/admingeo/County,South East,http://data.ordnancesurvey.co.uk/id/7000000000041421,England,http://data.ordnancesurvey.co.uk/id/country/england,,,
osgb4000000032999717,http://data.ordnancesurvey.co.uk/id/4000000032999717,Green Lane,,,,transportNetwork,Named Road,624727,139105,2000,20000,624544,139038,624918,139165,CT18,http://data.ordnancesurvey.co.uk/id/postcodedistrict/CT18,,,,Dover,http://data.ordnancesurvey.co.uk/id/7000000000017977,http://data.ordnancesurvey.co.uk/ontology/admingeo/District,Kent,http://data.ordnancesurvey.co.uk/id/7000000000018210,http://data.ordnancesurvey.co.uk/ontology/admingeo/County,South East,http://data.ordnancesurvey.co.uk/id/7000000000041421,England,http://data.ordnancesurvey.co.uk/id/country/england,,,
osgb4000000032999658,http://data.ordnancesurvey.co.uk/id/4000000032999658,Lawrence Court,,,,transportNetwork,Named Road,623361,136864,1000,20000,623336,136843,623396,136898,CT19,http://data.ordnancesurvey.co.uk/id/postcodedistrict/CT19,Folkestone,http://data.ordnancesurvey.co.uk/id/4000000074566736,http://www.ordnancesurvey.co.uk/xml/codelists/localtype.xml#town,Folkestone and Hythe,http://data.ordnancesurvey.co.uk/id/7000000000018085,http://data.ordnancesurvey.co.uk/ontology/admingeo/District,Kent,http://data.ordnancesurvey.co.uk/id/7000000000018210,http://data.ordnancesurvey.co.uk/ontology/admingeo/County,South East,http://data.ordnancesurvey.co.uk/id/7000000000041421,England,http://data.ordnancesurvey.co.uk/id/country/england,,,
osgb4000000032997561,http://data.ordnancesurvey.co.uk/id/4000000032997561,Gough Road,,,,transportNetwork,Named Road,620503,135232,1000,20000,620437,135195,620574,135243,CT20,http://data.ordnancesurvey.co.uk/id/postcodedistrict/CT20,Folkestone,http://data.ordnancesurvey.co.uk/id/4000000074566736,http://www.ordnancesurvey.co.uk/xml/codelists/localtype.xml#town,Folkestone and Hythe,http://data.ordnancesurvey.co.uk/id/7000000000018085,http://data.ordnancesurvey.co.uk/ontology/admingeo/District,Kent,http://data.ordnancesurvey.co.uk/id/7000000000018210,http://data.ordnancesurvey.co.uk/ontology/admingeo/County,South East,http://data.ordnancesurvey.co.uk/id/7000000000041421,England,http://data.ordnancesurvey.co.uk/id/country/england,,,
osgb4000000032996176,http://data.ordnancesurvey.co.uk/id/4000000032996176,Bodenham Road,,,,transportNetwork,Named Road,621166,135900,2000,20000,621133,135760,621193,136017,CT20,http://data.ordnancesurvey.co.uk/id/postcodedistrict/CT20,Folkestone,http://data.ordnancesurvey.co.uk/id/4000000074566736,http://www.ordnancesurvey.co.uk/xml/codelists/localtype.xml#town,Folkestone and Hythe,http://data.ordnancesurvey.co.uk/id/7000000000018085,http://data.ordnancesurvey.co.uk/ontology/admingeo/District,Kent,http://data.ordnancesurvey.co.uk/id/7000000000018210,http://data.ordnancesurvey.co.uk/ontology/admingeo/County,South East,http://data.ordnancesurvey.co.uk/id/7000000000041421,England,http://data.ordnancesurvey.co.uk/id/country/england,,,
osgb5000005150953872,http://data.ordnancesurvey.co.uk/id/5000005150953872,Court Approach,,,,transportNetwork,Named Road,622139,135832,1000,20000,622117,135794,622190,135896,CT20,http://data.ordnancesurvey.co.uk/id/postcodedistrict/CT20,Folkestone,http://data.ordnancesurvey.co.uk/id/4000000074566736,http://www.ordnancesurvey.co.uk/xml/codelists/localtype.xml#town,Folkestone and Hythe,http://data.ordnancesurvey.co.uk/id/7000000000018085,http://data.ordnancesurvey.co.uk/ontology/admingeo/District,Kent,http://data.ordnancesurvey.co.uk/id/7000000000018210,http://data.ordnancesurvey.co.uk/ontology/admingeo/County,South East,http://data.ordnancesurvey.co.uk/id/7000000000041421,England,http://data.ordnancesurvey.co.uk/id/country/england,,,
osgb4000000032996190,http://data.ordnancesurvey.co.uk/id/4000000032996190,Castle Hill Avenue,,,,transportNetwork,Named Road,622194,135934,4000,20000,622115,135639,622304,136226,CT20,http://data.ordnancesurvey.co.uk/id/postcodedistrict/CT20,Folkestone,http://data.ordnancesurvey.co.uk/id/4000000074566736,http://www.ordnancesurvey.co.uk/xml/codelists/localtype.xml#town,Folkestone and Hythe,http://data.ordnancesurvey.co.uk/id/7000000000018085,http://data.ordnancesurvey.co.uk/ontology/admingeo/District,Kent,http://data.ordnancesurvey.co.uk/id/7000000000018210,http://data.ordnancesurvey.co.uk/ontology/admingeo/County,South East,http://data.ordnancesurvey.co.uk/id/7000000000041421,England,http://data.ordnancesurvey.co.uk/id/country/england,,,
osgb4000000032996192,http://data.ordnancesurvey.co.uk/id/4000000032996192,Broadmead Road,,,,transportNetwork,Named Road,622377,136343,3000,20000,622180,136297,622580,136411,CT19,http://data.ordnancesurvey.co.uk/id/postcodedistrict/CT19,Folkestone,http://data.ordnancesurvey.co.uk/id/4000000074566736,http://www.ordnancesurvey.co.uk/xml/codelists/localtype.xml#town,Folkestone and Hythe,http://data.ordnancesurvey.co.uk/id/7000000000018085,http://data.ordnancesurvey.co.uk/ontology/admingeo/District,Kent,http://data.ordnancesurvey.co.uk/id/7000000000018210,http://data.ordnancesurvey.co.uk/ontology/admingeo/County,South East,http://data.ordnancesurvey.co.uk/id/7000000000041421,England,http://data.ordnancesurvey.co.uk/id/country/england,,,
osgb4000000032997706,http://data.ordnancesurvey.co.uk/id/4000000032997706,Dragonfly Way,,,,transportNetwork,Named Road,621759,139539,1000,20000,621708,139489,621795,139583,CT18,http://data.ordnancesurvey.co.uk/id/postcodedistrict/CT18,Hawkinge,http://data.ordnancesurvey.co.uk/id/4000000074566747,http://www.ordnancesurvey.co.uk/xml/codelists/localtype.xml#village,Folkestone and Hythe,http://data.ordnancesurvey.co.uk/id/7000000000018085,http://data.ordnancesurvey.co.uk/ontology/admingeo/District,Kent,http://data.ordnancesurvey.co.uk/id/7000000000018210,http://data.ordnancesurvey.co.uk/ontology/admingeo/County,South East,http://data.ordnancesurvey.co.uk/id/7000000000041421,England,http://data.ordnancesurvey.co.uk/id/country/england,,,
osgb4000000033001215,http://data.ordnancesurvey.co.uk/id/4000000033001215,Moat Farm Close,,,,transportNetwork,Named Road,622434,137190,1000,20000,622420,137161,622441,137213,CT19,http://data.ordnancesurvey.co.uk/id/postcodedistrict/CT19,Folkestone,http://data.ordnancesurvey.co.uk/id/4000000074566736,http://www.ordnancesurvey.co.uk/xml/codelists/localtype.xml#town,Folkestone and Hythe,http://data.ordnancesurvey.co.uk/id/7000000000018085,http://data.ordnancesurvey.co.uk/ontology/admingeo/District,Kent,http://data.ordnancesurvey.co.uk/id/7000000000018210,http://data.ordnancesurvey.co.uk/ontology/admingeo/County,South East,http://data.ordnancesurvey.co.uk/id/7000000000041421,England,http://data.ordnancesurvey.co.uk/id/country/england,,,
osgb4000000032997565,http://data.ordnancesurvey.co.uk/id/4000000032997565,Meadowbrook,,,,transportNetwork,Named Road,620402,135765,1000,20000,620329,135674,620459,135822,CT20,http://data.ordnancesurvey.co.uk/id/postcodedistrict/CT20,Folkestone,http://data.ordnancesurvey.co.uk/id/4000000074566736,http://www.ordnancesurvey.co.uk/xml/codelists/localtype.xml#town,Folkestone and Hythe,http://data.ordnancesurvey.co.uk/id/7000000000018085,http://data.ordnancesurvey.co.uk/ontology/admingeo/District,Kent,http://data.ordnancesurvey.co.uk/id/7000000000018210,http://data.ordnancesurvey.co.uk/ontology/admingeo/County,South East,http://data.ordnancesurvey.co.uk/id/7000000000041421,England,http://data.ordnancesurvey.co.uk/id/country/england,,,
3234efa1-7415-4061-a9df-ecbcbbae3814,http://data.ordnancesurvey.co.uk/id/3234efa1-7415-4061-a9df-ecbcbbae3814,Dover Hill,,,,transportNetwork,Section Of Named Road,623438,137619,2000,25000,623251,137579,623618,137665,CT19,http://data.ordnancesurvey.co.uk/id/postcodedistrict/CT19,Folkestone,http://data.ordnancesurvey.co.uk/id/4000000074566736,http://www.ordnancesurvey.co.uk/xml/codelists/localtype.xml#town,Folkestone and Hythe,http://data.ordnancesurvey.co.uk/id/7000000000018085,http://data.ordnancesurvey.co.uk/ontology/admingeo/District,Kent,http://data.ordnancesurvey.co.uk/id/7000000000018210,http://data.ordnancesurvey.co.uk/ontology/admingeo/County,South East,http://data.ordnancesurvey.co.uk/id/7000000000041421,England,http://data.ordnancesurvey.co.uk/id/country/england,osgb4000000032995079,,
osgb4000000032997707,http://data.ordnancesurvey.co.uk/id/4000000032997707,Walton Gardens,,,,transportNetwork,Named Road,622617,137281,2000,20000,622562,137156,622626,137413,CT19,http://data.ordnancesurvey.co.uk/id/postcodedistrict/CT19,Folkestone,http://data.ordnancesurvey.co.uk/id/4000000074566736,http://www.ordnancesurvey.co.uk/xml/codelists/localtype.xml#town,Folkestone and Hythe,http://data.ordnancesurvey.co.uk/id/7000000000018085,http://data.ordnancesurvey.co.uk/ontology/admingeo/District,Kent,http://data.ordnancesurvey.co.uk/id/7000000000018210,http://data.ordnancesurvey.co.uk/ontology/admingeo/County,South East,http://data.ordnancesurvey.co.uk/id/7000000000041421,England,http://data.ordnancesurvey.co.uk/id/country/england,,,
osgb4000000032997596,http://data.ordnancesurvey.co.uk/id/4000000032997596,Darlinghurst Road,,,,transportNetwork,Named Road,620399,137056,1000,20000,620364,137032,620483,137066,CT19,http://data.ordnancesurvey.co.uk/id/postcodedistrict/CT19,Folkestone,http://data.ordnancesurvey.co.uk/id/4000000074566736,http://www.ordnancesurvey.co.uk/xml/codelists/localtype.xml#town,Folkestone and Hythe,http://data.ordnancesurvey.co.uk/id/7000000000018085,http://data.ordnancesurvey.co.uk/ontology/admingeo/District,Kent,http://data.ordnancesurvey.co.uk/id/7000000000018210,http://data.ordnancesurvey.co.uk/ontology/admingeo/County,South East,http://data.ordnancesurvey.co.uk/id/7000000000041421,England,http://data.ordnancesurvey.co.uk/id/country/england,,,
osgb5000005100223427,http://data.ordnancesurvey.co.uk/id/5000005100223427,Ridley Close,,,,transportNetwork,Named Road,620925,139055,1000,20000,620919,139030,620937,139082,CT18,http://data.ordnancesurvey.co.uk/id/postcodedistrict/CT18,Hawkinge,http://data.ordnancesurvey.co.uk/id/4000000074566747,http://www.ordnancesurvey.co.uk/xml/codelists/localtype.xml#village,Folkestone and Hythe,http://data.ordnancesurvey.co.uk/id/7000000000018085,http://data.ordnancesurvey.co.uk/ontology/admingeo/District,Kent,http://data.ordnancesurvey.co.uk/id/7000000000018210,http://data.ordnancesurvey.co.uk/ontology/admingeo/County,South East,http://data.ordnancesurvey.co.uk/id/7000000000041421,England,http://data.ordnancesurvey.co.uk/id/country/england,,,
osgb4000000032999666,http://data.ordnancesurvey.co.uk/id/4000000032999666,Chalk Close,,,,transportNetwork,Named Road,621423,137363,1000,20000,621423,137337,621430,137390,CT19,http://data.ordnancesurvey.co.uk/id/postcodedistrict/CT19,Folkestone,http://data.ordnancesurvey.co.uk/id/4000000074566736,http://www.ordnancesurvey.co.uk/xml/codelists/localtype.xml#town,Folkestone and Hythe,http://data.ordnancesurvey.co.uk/id/7000000000018085,http://data.ordnancesurvey.co.uk/ontology/admingeo/District,Kent,http://data.ordnancesurvey.co.uk/id/7000000000018210,http://data.ordnancesurvey.co.uk/ontology/admingeo/County,South East,http://data.ordnancesurvey.co.uk/id/7000000000041421,England,http://data.ordnancesurvey.co.uk/id/country/england,,,
osgb4000000032996195,http://data.ordnancesurvey.co.uk/id/4000000032996195,Ingles Road,,,,transportNetwork,Named Road,622336,135923,2000,20000,622215,135880,622456,135964,CT20,http://data.ordnancesurvey.co.uk/id/postcodedistrict/CT20,Folkestone,http://data.ordnancesurvey.co.uk/id/4000000074566736,http://www.ordnancesurvey.co.uk/xml/codelists/localtype.xml#town,Folkestone and Hythe,http://data.ordnancesurvey.co.uk/id/7000000000018085,http://data.ordnancesurvey.co.uk/ontology/admingeo/District,Kent,http://data.ordnancesurvey.co.uk/id/7000000000018210,http://data.ordnancesurvey.co.uk/ontology/admingeo/County,South East,http://data.ordnancesurvey.co.uk/id/7000000000041421,England,http://data.ordnancesurvey.co.uk/id/country/england,,,
osgb4000000032995445,http://data.ordnancesurvey.co.uk/id/4000000032995445,The Leas,,,,transportNetwork,Named Road,621884,135345,12000,20000,620994,135301,622798,135742,CT20,http://data.ordnancesurvey.co.uk/id/postcodedistrict/CT20,Folkestone,http://data.ordnancesurvey.co.uk/id/4000000074566736,http://www.ordnancesurvey.co.uk/xml/codelists/localtype.xml#town,Folkestone and Hythe,http://data.ordnancesurvey.co.uk/id/7000000000018085,http://data.ordnancesurvey.co.uk/ontology/admingeo/District,Kent,http://data.ordnancesurvey.co.uk/id/7000000000018210,http://data.ordnancesurvey.co.uk/ontology/admingeo/County,South East,http://data.ordnancesurvey.co.uk/id/7000000000041421,England,http://data.ordnancesurvey.co.uk/id/country/england,,,
osgb4000000032995072,http://data.ordnancesurvey.co.uk/id/4000000032995072,Shorncliffe Road,,,,transportNetwork,Named Road,621209,136237,14000,20000,620193,136066,622346,136538,CT20,http://data.ordnancesurvey.co.uk/id/postcodedistrict/CT20,Folkestone,http://data.ordnancesurvey.co.uk/id/4000000074566736,http://www.ordnancesurvey.co.uk/xml/codelists/localtype.xml#town,Folkestone and Hythe,http://data.ordnancesurvey.co.uk/id/7000000000018085,http://data.ordnancesurvey.co.uk/ontology/admingeo/District,Kent,http://data.ordnancesurvey.co.uk/id/7000000000018210,http://data.ordnancesurvey.co.uk/ontology/admingeo/County,South East,http://data.ordnancesurvey.co.uk/id/7000000000041421,England,http://data.ordnancesurvey.co.uk/id/country/england,,,
osgb4000000067708999,http://data.ordnancesurvey.co.uk/id/4000000067708999,Gilbert Place,,,,transportNetwork,Named Road,620473,135174,1000,20000,620471,135150,620481,135190,CT20,http://data.ordnancesurvey.co.uk/id/postcodedistrict/CT20,Folkestone,http://data.ordnancesurvey.co.uk/id/4000000074566736,http://www.ordnancesurvey.co.uk/xml/codelists/localtype.xml#town,Folkestone and Hythe,http://data.ordnancesurvey.co.uk/id/7000000000018085,http://data.ordnancesurvey.co.uk/ontology/admingeo/District,Kent,http://data.ordnancesurvey.co.uk/id/7000000000018210,http://data.ordnancesurvey.co.uk/ontology/admingeo/County,South East,http://data.ordnancesurvey.co.uk/id/7000000000041421,England,http://data.ordnancesurvey.co.uk/id/country/england,,,
34028eb0-7db1-4bd5-9d70-9543f6b87b40,http://data.ordnancesurvey.co.uk/id/34028eb0-7db1-4bd5-9d70-9543f6b87b40,Green Lane,,,,transportNetwork,Section Of Named Road,624870,139058,1000,25000,624803,139038,624918,139080,CT18,http://data.ordnancesurvey.co.uk/id/postcodedistrict/CT18,Capel-le-Ferne,http://data.ordnancesurvey.co.uk/id/4000000074568384,http://www.ordnancesurvey.co.uk/xml/codelists/localtype.xml#village,Dover,http://data.ordnancesurvey.co.uk/id/7000000000017977,http://data.ordnancesurvey.co.uk/ontology/admingeo/District,Kent,http://data.ordnancesurvey.co.uk/id/7000000000018210,http://data.ordnancesurvey.co.uk/ontology/admingeo/County,South East,http://data.ordnancesurvey.co.uk/id/7000000000041421,England,http://data.ordnancesurvey.co.uk/id/country/england,osgb4000000032999717,,
osgb4000000032995471,http://data.ordnancesurvey.co.uk/id/4000000032995471,Satmar Lane,,,,transportNetwork,Named Road,626031,139618,8000,20000,625309,139143,626520,140145,CT18,http://data.ordnancesurvey.co.uk/id/postcodedistrict/CT18,,,,Dover,http://data.ordnancesurvey.co.uk/id/7000000000017977,http://data.ordnancesurvey.co.uk/ontology/admingeo/District,Kent,http://data.ordnancesurvey.co.uk/id/7000000000018210,http://data.ordnancesurvey.co.uk/ontology/admingeo/County,South East,http://data.ordnancesurvey.co.uk/id/7000000000041421,England,http://data.ordnancesurvey.co.uk/id/country/england,,,
osgb4000000067709003,http://data.ordnancesurvey.co.uk/id/4000000067709003,Sea Walk,,,,transportNetwork,Named Road,620453,135147,1000,20000,620448,135147,620453,135187,CT20,http://data.ordnancesurvey.co.uk/id/postcodedistrict/CT20,Folkestone,http://data.ordnancesurvey.co.uk/id/4000000074566736,http://www.ordnancesurvey.co.uk/xml/codelists/localtype.xml#town,Folkestone and Hythe,http://data.ordnancesurvey.co.uk/id/7000000000018085,http://data.ordnancesurvey.co.uk/ontology/admingeo/District,Kent,http://data.ordnancesurvey.co.uk/id/7000000000018210,http://data.ordnancesurvey.co.uk/ontology/admingeo/County,South East,http://data.ordnancesurvey.co.uk/id/7000000000041421,England,http://data.ordnancesurvey.co.uk/id/country/england,,,
osgb4000000033001222,http://data.ordnancesurvey.co.uk/id/4000000033001222,Crete Road West,,,,transportNetwork,Named Road,621000,138238,16000,20000,619775,138154,622224,138483,CT18,http://data.ordnancesurvey.co.uk/id/postcodedistrict/CT18,,,,Folkestone and Hythe,http://data.ordnancesurvey.co.uk/id/7000000000018085,http://data.ordnancesurvey.co.uk/ontology/admingeo/District,Kent,http://data.ordnancesurvey.co.uk/id/7000000000018210,http://data.ordnancesurvey.co.uk/ontology/admingeo/County,South East,http://data.ordnancesurvey.co.uk/id/7000000000041421,England,http://data.ordnancesurvey.co.uk/id/country/england,,,
osgb4000000032997747,http://data.ordnancesurvey.co.uk/id/4000000032997747,Beatrice Road,,,,transportNetwork,Named Road,625116,138722,1000,20000,625044,138639,625210,138830,CT18,http://data.ordnancesurvey.co.uk/id/postcodedistrict/CT18,Capel-le-Ferne,http://data.ordnancesurvey.co.uk/id/4000000074568384,http://www.ordnancesurvey.co.uk/xml/codelists/localtype.xml#village,Dover,http://data.ordnancesurvey.co.uk/id/7000000000017977,http://data.ordnancesurvey.co.uk/ontology/admingeo/District,Kent,http://data.ordnancesurvey.co.uk/id/7000000000018210,http://data.ordnancesurvey.co.uk/ontology/admingeo/County,South East,http://data.ordnancesurvey.co.uk/id/7000000000041421,England,http://data.ordnancesurvey.co.uk/id/country/england,,,
osgb5000005260247902,http://data.ordnancesurvey.co.uk/id/5000005260247902,Park Mews,,,,transportNetwork,Named Road,621978,135971,1000,20000,621968,135943,621985,135997,CT20,http://data.ordnancesurvey.co.uk/id/postcodedistrict/CT20,Folkestone,http://data.ordnancesurvey.co.uk/id/4000000074566736,http://www.ordnancesurvey.co.uk/xml/codelists/localtype.xml#town,Folkestone and Hythe,http://data.ordnancesurvey.co.uk/id/7000000000018085,http://data.ordnancesurvey.co.uk/ontology/admingeo/District,Kent,http://data.ordnancesurvey.co.uk/id/7000000000018210,http://data.ordnancesurvey.co.uk/ontology/admingeo/County,South East,http://data.ordnancesurvey.co.uk/id/7000000000041421,England,http://data.ordnancesurvey.co.uk/id/country/england,,,
osgb4000000032999635,http://data.ordnancesurvey.co.uk/id/4000000032999635,Bournemouth Gardens,,,,transportNetwork,Named Road,622428,136567,1000,20000,622402,136516,622432,136618,CT19,http://data.ordnancesurvey.co.uk/id/postcodedistrict/CT19,Folkestone,http://data.ordnancesurvey.co.uk/id/4000000074566736,http://www.ordnancesurvey.co.uk/xml/codelists/localtype.xml#town,Folkestone and Hythe,http://data.ordnancesurvey.co.uk/id/7000000000018085,http://data.ordnancesurvey.co.uk/ontology/admingeo/District,Kent,http://data.ordnancesurvey.co.uk/id/7000000000018210,http://data.ordnancesurvey.co.uk/ontology/admingeo/County,South East,http://data.ordnancesurvey.co.uk/id/7000000000041421,England,http://data.ordnancesurvey.co.uk/id/country/england,,,
osgb4000000032996154,http://data.ordnancesurvey.co.uk/id/4000000032996154,Riviera Road,,,,transportNetwork,Named Road,621089,135225,2000,20000,620949,135207,621183,135250,CT20,http://data.ordnancesurvey.co.uk/id/postcodedistrict/CT20,Folkestone,http://data.ordnancesurvey.co.uk/id/4000000074566736,http://www.ordnancesurvey.co.uk/xml/codelists/localtype.xml#town,Folkestone and Hythe,http://data.ordnancesurvey.co.uk/id/7000000000018085,http://data.ordnancesurvey.co.uk/ontology/admingeo/District,Kent,http://data.ordnancesurvey.co.uk/id/7000000000018210,http://data.ordnancesurvey.co.uk/ontology/admingeo/County,South East,http://data.ordnancesurvey.co.uk/id/7000000000041421,England,http://data.ordnancesurvey.co.uk/id/country/england,,,
osgb4000000032997732,http://data.ordnancesurvey.co.uk/id/4000000032997732,Uphill,,,,transportNetwork,Named Road,621715,139593,1000,20000,621634,139518,621797,139679,CT18,http://data.ordnancesurvey.co.uk/id/postcodedistrict/CT18,Hawkinge,http://data.ordnancesurvey.co.uk/id/4000000074566747,http://www.ordnancesurvey.co.uk/xml/codelists/localtype.xml#village,Folkestone and Hythe,http://data.ordnancesurvey.co.uk/id/7000000000018085,http://data.ordnancesurvey.co.uk/ontology/admingeo/District,Kent,http://data.ordnancesurvey.co.uk/id/7000000000018210,http://data.ordnancesurvey.co.uk/ontology/admingeo/County,South East,http://data.ordnancesurvey.co.uk/id/7000000000041421,England,http://data.ordnancesurvey.co.uk/id/country/england,,,
osgb4000000032999610,http://data.ordnancesurvey.co.uk/id/4000000032999610,Connaught Road,,,,transportNetwork,Named Road,622662,136170,1000,20000,622562,136079,622691,136190,CT20,http://data.ordnancesurvey.co.uk/id/postcodedistrict/CT20,Folkestone,http://data.ordnancesurvey.co.uk/id/4000000074566736,http://www.ordnancesurvey.co.uk/xml/codelists/localtype.xml#town,Folkestone and Hythe,http://data.ordnancesurvey.co.uk/id/7000000000018085,http://data.ordnancesurvey.co.uk/ontology/admingeo/District,Kent,http://data.ordnancesurvey.co.uk/id/7000000000018210,http://data.ordnancesurvey.co.uk/ontology/admingeo/County,South East,http://data.ordnancesurvey.co.uk/id/7000000000041421,England,http://data.ordnancesurvey.co.uk/id/country/england,,,
osgb4000000033001213,http://data.ordnancesurvey.co.uk/id/4000000033001213,Gloster Close,,,,transportNetwork,Named Road,621812,139480,1000,20000,621804,139458,621829,139495,CT18,http://data.ordnancesurvey.co.uk/id/postcodedistrict/CT18,Hawkinge,http://data.ordnancesurvey.co.uk/id/4000000074566747,http://www.ordnancesurvey.co.uk/xml/codelists/localtype.xml#village,Folkestone and Hythe,http://data.ordnancesurvey.co.uk/id/7000000000018085,http://data.ordnancesurvey.co.uk/ontology/admingeo/District,Kent,http://data.ordnancesurvey.co.uk/id/7000000000018210,http://data.ordnancesurvey.co.uk/ontology/admingeo/County,South East,http://data.ordnancesurvey.co.uk/id/7000000000041421,England,http://data.ordnancesurvey.co.uk/id/country/england,,,
osgb5000005202334016,http://data.ordnancesurvey.co.uk/id/5000005202334016,Smallpox Hill,,,,transportNetwork,Named Road,623372,137901,4000,20000,623071,137645,623649,138141,CT19,http://data.ordnancesurvey.co.uk/id/postcodedistrict/CT19,,,,Folkestone and Hythe,http://data.ordnancesurvey.co.uk/id/7000000000018085,http://data.ordnancesurvey.co.uk/ontology/admingeo/District,Kent,http://data.ordnancesurvey.co.uk/id/7000000000018210,http://data.ordnancesurvey.co.uk/ontology/admingeo/County,South East,http://data.ordnancesurvey.co.uk/id/7000000000041421,England,http://data.ordnancesurvey.co.uk/id/country/england,,,
osgb4000000032999609,http://data.ordnancesurvey.co.uk/id/4000000032999609,Albion Villas,,,,transportNetwork,Named Road,622844,135780,1000,20000,622820,135770,622900,135802,CT20,http://data.ordnancesurvey.co.uk/id/postcodedistrict/CT20,Folkestone,http://data.ordnancesurvey.co.uk/id/4000000074566736,http://www.ordnancesurvey.co.uk/xml/codelists/localtype.xml#town,Folkestone and Hythe,http://data.ordnancesurvey.co.uk/id/7000000000018085,http://data.ordnancesurvey.co.uk/ontology/admingeo/District,Kent,http://data.ordnancesurvey.co.uk/id/7000000000018210,http://data.ordnancesurvey.co.uk/ontology/admingeo/County,South East,http://data.ordnancesurvey.co.uk/id/7000000000041421,England,http://data.ordnancesurvey.co.uk/id/country/england,,,
8e6cca88-bbd8-4ee1-aa6f-2b323892c520,http://data.ordnancesurvey.co.uk/id/8e6cca88-bbd8-4ee1-aa6f-2b323892c520,Elvington Lane,,,,transportNetwork,Section Of Named Road,620549,139455,1000,25000,620475,139341,620607,139569,CT18,http://data.ordnancesurvey.co.uk/id/postcodedistrict/CT18,Hawkinge,http://data.ordnancesurvey.co.uk/id/4000000074566747,http://www.ordnancesurvey.co.uk/xml/codelists/localtype.xml#village,Folkestone and Hythe,http://data.ordnancesurvey.co.uk/id/7000000000018085,http://data.ordnancesurvey.co.uk/ontology/admingeo/District,Kent,http://data.ordnancesurvey.co.uk/id/7000000000018210,http://data.ordnancesurvey.co.uk/ontology/admingeo/County,South East,http://data.ordnancesurvey.co.uk/id/7000000000041421,England,http://data.ordnancesurvey.co.uk/id/country/england,osgb4000000032995074,,
osgb4000000032999599,http://data.ordnancesurvey.co.uk/id/4000000032999599,Coolinge Lane,,,,transportNetwork,Named Road,620893,135951,6000,20000,620764,135520,621078,136394,CT20,http://data.ordnancesurvey.co.uk/id/postcodedistrict/CT20,Folkestone,http://data.ordnancesurvey.co.uk/id/4000000074566736,http://www.ordnancesurvey.co.uk/xml/codelists/localtype.xml#town,Folkestone and Hythe,http://data.ordnancesurvey.co.uk/id/7000000000018085,http://data.ordnancesurvey.co.uk/ontology/admingeo/District,Kent,http://data.ordnancesurvey.co.uk/id/7000000000018210,http://data.ordnancesurvey.co.uk/ontology/admingeo/County,South East,http://data.ordnancesurvey.co.uk/id/7000000000041421,England,http://data.ordnancesurvey.co.uk/id/country/england,,,
osgb4000000033001227,http://data.ordnancesurvey.co.uk/id/4000000033001227,Hart Close,,,,transportNetwork,Named Road,621448,139894,1000,20000,621441,139884,621458,139923,CT18,http://data.ordnancesurvey.co.uk/id/postcodedistrict/CT18,Hawkinge,http://data.ordnancesurvey.co.uk/id/4000000074566747,http://www.ordnancesurvey.co.uk/xml/codelists/localtype.xml#village,Folkestone and Hythe,http://data.ordnancesurvey.co.uk/id/7000000000018085,http://data.ordnancesurvey.co.uk/ontology/admingeo/District,Kent,http://data.ordnancesurvey.co.uk/id/7000000000018210,http://data.ordnancesurvey.co.uk/ontology/admingeo/County,South East,http://data.ordnancesurvey.co.uk/id/7000000000041421,England,http://data.ordnancesurvey.co.uk/id/country/england,,,
osgb5000005186043032,http://data.ordnancesurvey.co.uk/id/5000005186043032,Marine Parade Mews,,,,transportNetwork,Named Road,623101,135793,1000,20000,623052,135769,623145,135809,CT20,http://data.ordnancesurvey.co.uk/id/postcodedistrict/CT20,Folkestone,http://data.ordnancesurvey.co.uk/id/4000000074566736,http://www.ordnancesurvey.co.uk/xml/codelists/localtype.xml#town,Folkestone and Hythe,http://data.ordnancesurvey.co.uk/id/7000000000018085,http://data.ordnancesurvey.co.uk/ontology/admingeo/District,Kent,http://data.ordnancesurvey.co.uk/id/7000000000018210,http://data.ordnancesurvey.co.uk/ontology/admingeo/County,South East,http://data.ordnancesurvey.co.uk/id/7000000000041421,England,http://data.ordnancesurvey.co.uk/id/country/england,,,
osgb4000000033002011,http://data.ordnancesurvey.co.uk/id/4000000033002011,A2034,,,,transportNetwork,Numbered Road,621738,136383,11000,1000000,621085,135912,622655,137560,CT19,http://data.ordnancesurvey.co.uk/id/postcodedistrict/CT19,Folkestone,http://data.ordnancesurvey.co.uk/id/4000000074566736,http://www.ordnancesurvey.co.uk/xml/codelists/localtype.xml#town,Folkestone and Hythe,http://data.ordnancesurvey.co.uk/id/7000000000018085,http://data.ordnancesurvey.co.uk/ontology/admingeo/District,Kent,http://data.ordnancesurvey.co.uk/id/7000000000018210,http://data.ordnancesurvey.co.uk/ontology/admingeo/County,South East,http://data.ordnancesurvey.co.uk/id/7000000000041421,England,http://data.ordnancesurvey.co.uk/id/country/england,,,
osgb4000000033001861,http://data.ordnancesurvey.co.uk/id/4000000033001861,Page Road,,,,transportNetwork,Named Road,620924,139377,3000,20000,620822,139130,621124,139565,CT18,http://data.ordnancesurvey.co.uk/id/postcodedistrict/CT18,Hawkinge,http://data.ordnancesurvey.co.uk/id/4000000074566747,http://www.ordnancesurvey.co.uk/xml/codelists/localtype.xml#village,Folkestone and Hythe,http://data.ordnancesurvey.co.uk/id/7000000000018085,http://data.ordnancesurvey.co.uk/ontology/admingeo/District,Kent,http://data.ordnancesurvey.co.uk/id/7000000000018210,http://data.ordnancesurvey.co.uk/ontology/admingeo/County,South East,http://data.ordnancesurvey.co.uk/id/7000000000041421,England,http://data.ordnancesurvey.co.uk/id/country/england,,,
osgb4000000032999600,http://data.ordnancesurvey.co.uk/id/4000000032999600,Wellfield Road,,,,transportNetwork,Named Road,621084,136177,1000,20000,621084,136177,621160,136288,CT20,http://data.ordnancesurvey.co.uk/id/postcodedistrict/CT20,Folkestone,http://data.ordnancesurvey.co.uk/id/4000000074566736,http://www.ordnancesurvey.co.uk/xml/codelists/localtype.xml#town,Folkestone and Hythe,http://data.ordnancesurvey.co.uk/id/7000000000018085,http://data.ordnancesurvey.co.uk/ontology/admingeo/District,Kent,http://data.ordnancesurvey.co.uk/id/7000000000018210,http://data.ordnancesurvey.co.uk/ontology/admingeo/County,South East,http://data.ordnancesurvey.co.uk/id/7000000000041421,England,http://data.ordnancesurvey.co.uk/id/country/england,,,
osgb4000000032995073,http://data.ordnancesurvey.co.uk/id/4000000032995073,Sandgate Road,,,,transportNetwork,Named Road,622156,135591,10000,20000,621364,135519,622894,135992,CT20,http://data.ordnancesurvey.co.uk/id/postcodedistrict/CT20,Folkestone,http://data.ordnancesurvey.co.uk/id/4000000074566736,http://www.ordnancesurvey.co.uk/xml/codelists/localtype.xml#town,Folkestone and Hythe,http://data.ordnancesurvey.co.uk/id/7000000000018085,http://data.ordnancesurvey.co.uk/ontology/admingeo/District,Kent,http://data.ordnancesurvey.co.uk/id/7000000000018210,http://data.ordnancesurvey.co.uk/ontology/admingeo/County,South East,http://data.ordnancesurvey.co.uk/id/7000000000041421,England,http://data.ordnancesurvey.co.uk/id/country/england,,,
osgb4000000033041405,http://data.ordnancesurvey.co.uk/id/4000000033041405,Diamond Close,,,,transportNetwork,Named Road,620475,137195,1000,20000,620475,137185,620499,137195,CT19,http://data.ordnancesurvey.co.uk/id/postcodedistrict/CT19,Folkestone,http://data.ordnancesurvey.co.uk/id/4000000074566736,http://www.ordnancesurvey.co.uk/xml/codelists/localtype.xml#town,Folkestone and Hythe,http://data.ordnancesurvey.co.uk/id/7000000000018085,http://data.ordnancesurvey.co.uk/ontology/admingeo/District,Kent,http://data.ordnancesurvey.co.uk/id/7000000000018210,http://data.ordnancesurvey.co.uk/ontology/admingeo/County,South East,http://data.ordnancesurvey.co.uk/id/7000000000041421,England,http://data.ordnancesurvey.co.uk/id/country/england,,,
osgb4000000032997600,http://data.ordnancesurvey.co.uk/id/4000000032997600,Risborough Way,,,,transportNetwork,Named Road,620142,136564,1000,20000,620066,136538,620193,136595,CT20,http://data.ordnancesurvey.co.uk/id/postcodedistrict/CT20,Folkestone,http://data.ordnancesurvey.co.uk/id/4000000074566736,http://www.ordnancesurvey.co.uk/xml/codelists/localtype.xml#town,Folkestone and Hythe,http://data.ordnancesurvey.co.uk/id/7000000000018085,http://data.ordnancesurvey.co.uk/ontology/admingeo/District,Kent,http://data.ordnancesurvey.co.uk/id/7000000000018210,http://data.ordnancesurvey.co.uk/ontology/admingeo/County,South East,http://data.ordnancesurvey.co.uk/id/7000000000041421,England,http://data.ordnancesurvey.co.uk/id/country/england,,,
osgb4000000033005943,http://data.ordnancesurvey.co.uk/id/4000000033005943,Paxton Avenue,,,,transportNetwork,Named Road,621001,139025,1000,20000,620971,139007,621096,139126,CT18,http://data.ordnancesurvey.co.uk/id/postcodedistrict/CT18,Hawkinge,http://data.ordnancesurvey.co.uk/id/4000000074566747,http://www.ordnancesurvey.co.uk/xml/codelists/localtype.xml#village,Folkestone and Hythe,http://data.ordnancesurvey.co.uk/id/7000000000018085,http://data.ordnancesurvey.co.uk/ontology/admingeo/District,Kent,http://data.ordnancesurvey.co.uk/id/7000000000018210,http://data.ordnancesurvey.co.uk/ontology/admingeo/County,South East,http://data.ordnancesurvey.co.uk/id/7000000000041421,England,http://data.ordnancesurvey.co.uk/id/country/england,,,
osgb4000000032995461,http://data.ordnancesurvey.co.uk/id/4000000032995461,White Horse Hill,,,,transportNetwork,Named Road,622086,139000,4000,20000,622069,138656,622156,139307,CT18,http://data.ordnancesurvey.co.uk/id/postcodedistrict/CT18,,,,Folkestone and Hythe,http://data.ordnancesurvey.co.uk/id/7000000000018085,http://data.ordnancesurvey.co.uk/ontology/admingeo/District,Kent,http://data.ordnancesurvey.co.uk/id/7000000000018210,http://data.ordnancesurvey.co.uk/ontology/admingeo/County,South East,http://data.ordnancesurvey.co.uk/id/7000000000041421,England,http://data.ordnancesurvey.co.uk/id/country/england,,,
osgb4000000033031328,http://data.ordnancesurvey.co.uk/id/4000000033031328,Guildhall Street,,,,transportNetwork,Named Road,622813,136040,1000,20000,622767,135992,622894,136093,CT20,http://data.ordnancesurvey.co.uk/id/postcodedistrict/CT20,Folkestone,http://data.ordnancesurvey.co.uk/id/4000000074566736,http://www.ordnancesurvey.co.uk/xml/codelists/localtype.xml#town,Folkestone and Hythe,http://data.ordnancesurvey.co.uk/id/7000000000018085,http://data.ordnancesurvey.co.uk/ontology/admingeo/District,Kent,http://data.ordnancesurvey.co.uk/id/7000000000018210,http://data.ordnancesurvey.co.uk/ontology/admingeo/County,South East,http://data.ordnancesurvey.co.uk/id/7000000000041421,England,http://data.ordnancesurvey.co.uk/id/country/england,,,
osgb4000000032997641,http://data.ordnancesurvey.co.uk/id/4000000032997641,Queen Street,,,,transportNetwork,Named Road,623070,136439,1000,20000,623009,136397,623111,136464,CT20,http://data.ordnancesurvey.co.uk/id/postcodedistrict/CT20,Folkestone,http://data.ordnancesurvey.co.uk/id/4000000074566736,http://www.ordnancesurvey.co.uk/xml/codelists/localtype.xml#town,Folkestone and Hythe,http://data.ordnancesurvey.co.uk/id/7000000000018085,http://data.ordnancesurvey.co.uk/ontology/admingeo/District,Kent,http://data.ordnancesurvey.co.uk/id/7000000000018210,http://data.ordnancesurvey.co.uk/ontology/admingeo/County,South East,http://data.ordnancesurvey.co.uk/id/7000000000041421,England,http://data.ordnancesurvey.co.uk/id/country/england,,,
osgb4000000033001172,http://data.ordnancesurvey.co.uk/id/4000000033001172,Darby Place,,,,transportNetwork,Named Road,622643,136270,1000,20000,622643,136270,622689,136295,CT20,http://data.ordnancesurvey.co.uk/id/postcodedistrict/CT20,Folkestone,http://data.ordnancesurvey.co.uk/id/4000000074566736,http://www.ordnancesurvey.co.uk/xml/codelists/localtype.xml#town,Folkestone and Hythe,http://data.ordnancesurvey.co.uk/id/7000000000018085,http://data.ordnancesurvey.co.uk/ontology/admingeo/District,Kent,http://data.ordnancesurvey.co.uk/id/7000000000018210,http://data.ordnancesurvey.co.uk/ontology/admingeo/County,South East,http://data.ordnancesurvey.co.uk/id/7000000000041421,England,http://data.ordnancesurvey.co.uk/id/country/england,,,
osgb4000000032999634,http://data.ordnancesurvey.co.uk/id/4000000032999634,Watkin Road,,,,transportNetwork,Named Road,622477,136787,1000,20000,622465,136724,622486,136867,CT19,http://data.ordnancesurvey.co.uk/id/postcodedistrict/CT19,Folkestone,http://data.ordnancesurvey.co.uk/id/4000000074566736,http://www.ordnancesurvey.co.uk/xml/codelists/localtype.xml#town,Folkestone and Hythe,http://data.ordnancesurvey.co.uk/id/7000000000018085,http://data.ordnancesurvey.co.uk/ontology/admingeo/District,Kent,http://data.ordnancesurvey.co.uk/id/7000000000018210,http://data.ordnancesurvey.co.uk/ontology/admingeo/County,South East,http://data.ordnancesurvey.co.uk/id/7000000000041421,England,http://data.ordnancesurvey.co.uk/id/country/england,,,
osgb4000000032997674,http://data.ordnancesurvey.co.uk/id/4000000032997674,The Stade,,,,transportNetwork,Named Road,623427,136100,1000,20000,623303,136075,623529,136154,CT19,http://data.ordnancesurvey.co.uk/id/postcodedistrict/CT19,Folkestone,http://data.ordnancesurvey.co.uk/id/4000000074566736,http://www.ordnancesurvey.co.uk/xml/codelists/localtype.xml#town,Folkestone and Hythe,http://data.ordnancesurvey.co.uk/id/7000000000018085,http://data.ordnancesurvey.co.uk/ontology/admingeo/District,Kent,http://data.ordnancesurvey.co.uk/id/7000000000018210,http://data.ordnancesurvey.co.uk/ontology/admingeo/County,South East,http://data.ordnancesurvey.co.uk/id/7000000000041421,England,http://data.ordnancesurvey.co.uk/id/country/england,,,
osgb4000000032999684,http://data.ordnancesurvey.co.uk/id/4000000032999684,Wallace Mews,,,,transportNetwork,Named Road,622923,137393,1000,20000,622888,137384,622949,137399,CT19,http://data.ordnancesurvey.co.uk/id/postcodedistrict/CT19,Folkestone,http://data.ordnancesurvey.co.uk/id/4000000074566736,http://www.ordnancesurvey.co.uk/xml/codelists/localtype.xml#town,Folkestone and Hythe,http://data.ordnancesurvey.co.uk/id/7000000000018085,http://data.ordnancesurvey.co.uk/ontology/admingeo/District,Kent,http://data.ordnancesurvey.co.uk/id/7000000000018210,http://data.ordnancesurvey.co.uk/ontology/admingeo/County,South East,http://data.ordnancesurvey.co.uk/id/7000000000041421,England,http://data.ordnancesurvey.co.uk/id/country/england,,,
osgb4000000032996205,http://data.ordnancesurvey.co.uk/id/4000000032996205,Eastfields,,,,transportNetwork,Named Road,622997,136629,2000,20000,622835,136560,623149,136723,CT19,http://data.ordnancesurvey.co.uk/id/postcodedistrict/CT19,Folkestone,http://data.ordnancesurvey.co.uk/id/4000000074566736,http://www.ordnancesurvey.co.uk/xml/codelists/localtype.xml#town,Folkestone and Hythe,http://data.ordnancesurvey.co.uk/id/7000000000018085,http://data.ordnancesurvey.co.uk/ontology/admingeo/District,Kent,http://data.ordnancesurvey.co.uk/id/7000000000018210,http://data.ordnancesurvey.co.uk/ontology/admingeo/County,South East,http://data.ordnancesurvey.co.uk/id/7000000000041421,England,http://data.ordnancesurvey.co.uk/id/country/england,,,
osgb4000000032997653,http://data.ordnancesurvey.co.uk/id/4000000032997653,Wiltie Gardens,,,,transportNetwork,Named Road,622310,136394,1000,20000,622259,136319,622316,136483,CT19,http://data.ordnancesurvey.co.uk/id/postcodedistrict/CT19,Folkestone,http://data.ordnancesurvey.co.uk/id/4000000074566736,http://www.ordnancesurvey.co.uk/xml/codelists/localtype.xml#town,Folkestone and Hythe,http://data.ordnancesurvey.co.uk/id/7000000000018085,http://data.ordnancesurvey.co.uk/ontology/admingeo/District,Kent,http://data.ordnancesurvey.co.uk/id/7000000000018210,http://data.ordnancesurvey.co.uk/ontology/admingeo/County,South East,http://data.ordnancesurvey.co.uk/id/7000000000041421,England,http://data.ordnancesurvey.co.uk/id/country/england,,,
osgb4000000032996200,http://data.ordnancesurvey.co.uk/id/4000000032996200,St Michael's Street,,,,transportNetwork,Named Road,623070,136226,1000,20000,622978,136145,623184,136341,CT20,http://data.ordnancesurvey.co.uk/id/postcodedistrict/CT20,Folkestone,http://data.ordnancesurvey.co.uk/id/4000000074566736,http://www.ordnancesurvey.co.uk/xml/codelists/localtype.xml#town,Folkestone and Hythe,http://data.ordnancesurvey.co.uk/id/7000000000018085,http://data.ordnancesurvey.co.uk/ontology/admingeo/District,Kent,http://data.ordnancesurvey.co.uk/id/7000000000018210,http://data.ordnancesurvey.co.uk/ontology/admingeo/County,South East,http://data.ordnancesurvey.co.uk/id/7000000000041421,England,http://data.ordnancesurvey.co.uk/id/country/england,,,
osgb4000000032999595,http://data.ordnancesurvey.co.uk/id/4000000032999595,Grange Road,,,,transportNetwork,Named Road,620398,136782,1000,20000,620388,136748,620410,136824,CT19,http://data.ordnancesurvey.co.uk/id/postcodedistrict/CT19,Folkestone,http://data.ordnancesurvey.co.uk/id/4000000074566736,http://www.ordnancesurvey.co.uk/xml/codelists/localtype.xml#town,Folkestone and Hythe,http://data.ordnancesurvey.co.uk/id/7000000000018085,http://data.ordnancesurvey.co.uk/ontology/admingeo/District,Kent,http://data.ordnancesurvey.co.uk/id/7000000000018210,http://data.ordnancesurvey.co.uk/ontology/admingeo/County,South East,http://data.ordnancesurvey.co.uk/id/7000000000041421,England,http://data.ordnancesurvey.co.uk/id/country/england,,,
4dbd86ee-0d65-424b-bc67-999b95c59d08,http://data.ordnancesurvey.co.uk/id/4dbd86ee-0d65-424b-bc67-999b95c59d08,Spitfire Way,,,,transportNetwork,Section Of Named Road,621324,139727,7000,25000,621178,139222,621632,140326,CT18,http://data.ordnancesurvey.co.uk/id/postcodedistrict/CT18,Hawkinge,http://data.ordnancesurvey.co.uk/id/4000000074566747,http://www.ordnancesurvey.co.uk/xml/codelists/localtype.xml#village,Folkestone and Hythe,http://data.ordnancesurvey.co.uk/id/7000000000018085,http://data.ordnancesurvey.co.uk/ontology/admingeo/District,Kent,http://data.ordnancesurvey.co.uk/id/7000000000018210,http://data.ordnancesurvey.co.uk/ontology/admingeo/County,South East,http://data.ordnancesurvey.co.uk/id/7000000000041421,England,http://data.ordnancesurvey.co.uk/id/country/england,osgb4000000032995077,,
osgb4000000032997686,http://data.ordnancesurvey.co.uk/id/4000000032997686,Rossendale Road,,,,transportNetwork,Named Road,623336,136610,1000,20000,623295,136536,623380,136673,CT20,http://data.ordnancesurvey.co.uk/id/postcodedistrict/CT20,Folkestone,http://data.ordnancesurvey.co.uk/id/4000000074566736,http://www.ordnancesurvey.co.uk/xml/codelists/localtype.xml#town,Folkestone and Hythe,http://data.ordnancesurvey.co.uk/id/7000000000018085,http://data.ordnancesurvey.co.uk/ontology/admingeo/District,Kent,http://data.ordnancesurvey.co.uk/id/7000000000018210,http://data.ordnancesurvey.co.uk/ontology/admingeo/County,South East,http://data.ordnancesurvey.co.uk/id/7000000000041421,England,http://data.ordnancesurvey.co.uk/id/country/england,,,
osgb4000000033001186,http://data.ordnancesurvey.co.uk/id/4000000033001186,Allendale Street,,,,transportNetwork,Named Road,622577,136788,1000,20000,622557,136766,622620,136798,CT19,http://data.ordnancesurvey.co.uk/id/postcodedistrict/CT19,Folkestone,http://data.ordnancesurvey.co.uk/id/4000000074566736,http://www.ordnancesurvey.co.uk/xml/codelists/localtype.xml#town,Folkestone and Hythe,http://data.ordnancesurvey.co.uk/id/7000000000018085,http://data.ordnancesurvey.co.uk/ontology/admingeo/District,Kent,http://data.ordnancesurvey.co.uk/id/7000000000018210,http://data.ordnancesurvey.co.uk/ontology/admingeo/County,South East,http://data.ordnancesurvey.co.uk/id/7000000000041421,England,http://data.ordnancesurvey.co.uk/id/country/england,,,
osgb4000000032997564,http://data.ordnancesurvey.co.uk/id/4000000032997564,Bybrook Field,,,,transportNetwork,Named Road,620421,135381,1000,20000,620358,135302,620499,135427,CT20,http://data.ordnancesurvey.co.uk/id/postcodedistrict/CT20,Folkestone,http://data.ordnancesurvey.co.uk/id/4000000074566736,http://www.ordnancesurvey.co.uk/xml/codelists/localtype.xml#town,Folkestone and Hythe,http://data.ordnancesurvey.co.uk/id/7000000000018085,http://data.ordnancesurvey.co.uk/ontology/admingeo/District,Kent,http://data.ordnancesurvey.co.uk/id/7000000000018210,http://data.ordnancesurvey.co.uk/ontology/admingeo/County,South East,http://data.ordnancesurvey.co.uk/id/7000000000041421,England,http://data.ordnancesurvey.co.uk/id/country/england,,,
osgb4000000032997611,http://data.ordnancesurvey.co.uk/id/4000000032997611,Station Road,,,,transportNetwork,Named Road,620951,136478,2000,20000,620842,136447,621095,136616,CT20,http://data.ordnancesurvey.co.uk/id/postcodedistrict/CT20,Folkestone,http://data.ordnancesurvey.co.uk/id/4000000074566736,http://www.ordnancesurvey.co.uk/xml/codelists/localtype.xml#town,Folkestone and Hythe,http://data.ordnancesurvey.co.uk/id/7000000000018085,http://data.ordnancesurvey.co.uk/ontology/admingeo/District,Kent,http://data.ordnancesurvey.co.uk/id/7000000000018210,http://data.ordnancesurvey.co.uk/ontology/admingeo/County,South East,http://data.ordnancesurvey.co.uk/id/7000000000041421,England,http://data.ordnancesurvey.co.uk/id/country/england,,,
osgb4000000032997667,http://data.ordnancesurvey.co.uk/id/4000000032997667,Grove Road,,,,transportNetwork,Named Road,623170,136576,1000,20000,623085,136481,623265,136658,CT20,http://data.ordnancesurvey.co.uk/id/postcodedistrict/CT20,Folkestone,http://data.ordnancesurvey.co.uk/id/4000000074566736,http://www.ordnancesurvey.co.uk/xml/codelists/localtype.xml#town,Folkestone and Hythe,http://data.ordnancesurvey.co.uk/id/7000000000018085,http://data.ordnancesurvey.co.uk/ontology/admingeo/District,Kent,http://data.ordnancesurvey.co.uk/id/7000000000018210,http://data.ordnancesurvey.co.uk/ontology/admingeo/County,South East,http://data.ordnancesurvey.co.uk/id/7000000000041421,England,http://data.ordnancesurvey.co.uk/id/country/england,,,
osgb4000000032999646,http://data.ordnancesurvey.co.uk/id/4000000032999646,Abbott Road,,,,transportNetwork,Named Road,623156,136543,1000,20000,623123,136530,623187,136557,CT20,http://data.ordnancesurvey.co.uk/id/postcodedistrict/CT20,Folkestone,http://data.ordnancesurvey.co.uk/id/4000000074566736,http://www.ordnancesurvey.co.uk/xml/codelists/localtype.xml#town,Folkestone and Hythe,http://data.ordnancesurvey.co.uk/id/7000000000018085,http://data.ordnancesurvey.co.uk/ontology/admingeo/District,Kent,http://data.ordnancesurvey.co.uk/id/7000000000018210,http://data.ordnancesurvey.co.uk/ontology/admingeo/County,South East,http://data.ordnancesurvey.co.uk/id/7000000000041421,England,http://data.ordnancesurvey.co.uk/id/country/england,,,
45a242ea-6e67-4006-af53-6e3a7f76eb25,http://data.ordnancesurvey.co.uk/id/45a242ea-6e67-4006-af53-6e3a7f76eb25,Capel Street,,,,transportNetwork,Section Of Named Road,624906,138995,9000,25000,624749,138331,625126,139650,CT18,http://data.ordnancesurvey.co.uk/id/postcodedistrict/CT18,Capel-le-Ferne,http://data.ordnancesurvey.co.uk/id/4000000074568384,http://www.ordnancesurvey.co.uk/xml/codelists/localtype.xml#village,Dover,http://data.ordnancesurvey.co.uk/id/7000000000017977,http://data.ordnancesurvey.co.uk/ontology/admingeo/District,Kent,http://data.ordnancesurvey.co.uk/id/7000000000018210,http://data.ordnancesurvey.co.uk/ontology/admingeo/County,South East,http://data.ordnancesurvey.co.uk/id/7000000000041421,England,http://data.ordnancesurvey.co.uk/id/country/england,osgb4000000032996246,,
osgb4000000032997662,http://data.ordnancesurvey.co.uk/id/4000000032997662,Albert Road,,,,transportNetwork,Named Road,622606,136863,1000,20000,622577,136788,622614,136930,CT19,http://data.ordnancesurvey.co.uk/id/postcodedistrict/CT19,Folkestone,http://data.ordnancesurvey.co.uk/id/4000000074566736,http://www.ordnancesurvey.co.uk/xml/codelists/localtype.xml#town,Folkestone and Hythe,http://data.ordnancesurvey.co.uk/id/7000000000018085,http://data.ordnancesurvey.co.uk/ontology/admingeo/District,Kent,http://data.ordnancesurvey.co.uk/id/7000000000018210,http://data.ordnancesurvey.co.uk/ontology/admingeo/County,South East,http://data.ordnancesurvey.co.uk/id/7000000000041421,England,http://data.ordnancesurvey.co.uk/id/country/england,,,
osgb4000000032999626,http://data.ordnancesurvey.co.uk/id/4000000032999626,Rendezvous Street,,,,transportNetwork,Named Road,622938,136065,1000,20000,622909,135980,622954,136134,CT20,http://data.ordnancesurvey.co.uk/id/postcodedistrict/CT20,Folkestone,http://data.ordnancesurvey.co.uk/id/4000000074566736,http://www.ordnancesurvey.co.uk/xml/codelists/localtype.xml#town,Folkestone and Hythe,http://data.ordnancesurvey.co.uk/id/7000000000018085,http://data.ordnancesurvey.co.uk/ontology/admingeo/District,Kent,http://data.ordnancesurvey.co.uk/id/7000000000018210,http://data.ordnancesurvey.co.uk/ontology/admingeo/County,South East,http://data.ordnancesurvey.co.uk/id/7000000000041421,England,http://data.ordnancesurvey.co.uk/id/country/england,,,
osgb4000000032997638,http://data.ordnancesurvey.co.uk/id/4000000032997638,Victoria Grove,,,,transportNetwork,Named Road,622683,136123,1000,20000,622621,136066,622718,136155,CT20,http://data.ordnancesurvey.co.uk/id/postcodedistrict/CT20,Folkestone,http://data.ordnancesurvey.co.uk/id/4000000074566736,http://www.ordnancesurvey.co.uk/xml/codelists/localtype.xml#town,Folkestone and Hythe,http://data.ordnancesurvey.co.uk/id/7000000000018085,http://data.ordnancesurvey.co.uk/ontology/admingeo/District,Kent,http://data.ordnancesurvey.co.uk/id/7000000000018210,http://data.ordnancesurvey.co.uk/ontology/admingeo/County,South East,http://data.ordnancesurvey.co.uk/id/7000000000041421,England,http://data.ordnancesurvey.co.uk/id/country/england,,,
osgb4000000033005965,http://data.ordnancesurvey.co.uk/id/4000000033005965,Gardner Close,,,,transportNetwork,Named Road,620785,139427,1000,20000,620785,139408,620804,139427,CT18,http://data.ordnancesurvey.co.uk/id/postcodedistrict/CT18,Hawkinge,http://data.ordnancesurvey.co.uk/id/4000000074566747,http://www.ordnancesurvey.co.uk/xml/codelists/localtype.xml#village,Folkestone and Hythe,http://data.ordnancesurvey.co.uk/id/7000000000018085,http://data.ordnancesurvey.co.uk/ontology/admingeo/District,Kent,http://data.ordnancesurvey.co.uk/id/7000000000018210,http://data.ordnancesurvey.co.uk/ontology/admingeo/County,South East,http://data.ordnancesurvey.co.uk/id/7000000000041421,England,http://data.ordnancesurvey.co.uk/id/country/england,,,
osgb4000000032996206,http://data.ordnancesurvey.co.uk/id/4000000032996206,Linden Crescent,,,,transportNetwork,Named Road,622865,136838,2000,20000,622719,136741,622944,136984,CT19,http://data.ordnancesurvey.co.uk/id/postcodedistrict/CT19,Folkestone,http://data.ordnancesurvey.co.uk/id/4000000074566736,http://www.ordnancesurvey.co.uk/xml/codelists/localtype.xml#town,Folkestone and Hythe,http://data.ordnancesurvey.co.uk/id/7000000000018085,http://data.ordnancesurvey.co.uk/ontology/admingeo/District,Kent,http://data.ordnancesurvey.co.uk/id/7000000000018210,http://data.ordnancesurvey.co.uk/ontology/admingeo/County,South East,http://data.ordnancesurvey.co.uk/id/7000000000041421,England,http://data.ordnancesurvey.co.uk/id/country/england,,,
osgb4000000033001206,http://data.ordnancesurvey.co.uk/id/4000000033001206,Pike Close,,,,transportNetwork,Named Road,621496,137388,1000,20000,621495,137353,621498,137395,CT19,http://data.ordnancesurvey.co.uk/id/postcodedistrict/CT19,Folkestone,http://data.ordnancesurvey.co.uk/id/4000000074566736,http://www.ordnancesurvey.co.uk/xml/codelists/localtype.xml#town,Folkestone and Hythe,http://data.ordnancesurvey.co.uk/id/7000000000018085,http://data.ordnancesurvey.co.uk/ontology/admingeo/District,Kent,http://data.ordnancesurvey.co.uk/id/7000000000018210,http://data.ordnancesurvey.co.uk/ontology/admingeo/County,South East,http://data.ordnancesurvey.co.uk/id/7000000000041421,England,http://data.ordnancesurvey.co.uk/id/country/england,,,
osgb4000000032996229,http://data.ordnancesurvey.co.uk/id/4000000032996229,Pilgrim Spring,,,,transportNetwork,Named Road,622520,137838,1000,20000,622438,137742,622586,137911,CT19,http://data.ordnancesurvey.co.uk/id/postcodedistrict/CT19,Folkestone,http://data.ordnancesurvey.co.uk/id/4000000074566736,http://www.ordnancesurvey.co.uk/xml/codelists/localtype.xml#town,Folkestone and Hythe,http://data.ordnancesurvey.co.uk/id/7000000000018085,http://data.ordnancesurvey.co.uk/ontology/admingeo/District,Kent,http://data.ordnancesurvey.co.uk/id/7000000000018210,http://data.ordnancesurvey.co.uk/ontology/admingeo/County,South East,http://data.ordnancesurvey.co.uk/id/7000000000041421,England,http://data.ordnancesurvey.co.uk/id/country/england,,,
osgb4000000032997568,http://data.ordnancesurvey.co.uk/id/4000000032997568,Castle Road,,,,transportNetwork,Named Road,620691,135211,1000,20000,620582,135203,620812,135234,CT20,http://data.ordnancesurvey.co.uk/id/postcodedistrict/CT20,Folkestone,http://data.ordnancesurvey.co.uk/id/4000000074566736,http://www.ordnancesurvey.co.uk/xml/codelists/localtype.xml#town,Folkestone and Hythe,http://data.ordnancesurvey.co.uk/id/7000000000018085,http://data.ordnancesurvey.co.uk/ontology/admingeo/District,Kent,http://data.ordnancesurvey.co.uk/id/7000000000018210,http://data.ordnancesurvey.co.uk/ontology/admingeo/County,South East,http://data.ordnancesurvey.co.uk/id/7000000000041421,England,http://data.ordnancesurvey.co.uk/id/country/england,,,
osgb4000000032999583,http://data.ordnancesurvey.co.uk/id/4000000032999583,Sandwich Close,,,,transportNetwork,Named Road,620704,136184,1000,20000,620669,136160,620718,136244,CT20,http://data.ordnancesurvey.co.uk/id/postcodedistrict/CT20,Folkestone,http://data.ordnancesurvey.co.uk/id/4000000074566736,http://www.ordnancesurvey.co.uk/xml/codelists/localtype.xml#town,Folkestone and Hythe,http://data.ordnancesurvey.co.uk/id/7000000000018085,http://data.ordnancesurvey.co.uk/ontology/admingeo/District,Kent,http://data.ordnancesurvey.co.uk/id/7000000000018210,http://data.ordnancesurvey.co.uk/ontology/admingeo/County,South East,http://data.ordnancesurvey.co.uk/id/7000000000041421,England,http://data.ordnancesurvey.co.uk/id/country/england,,,
osgb5000005100406638,http://data.ordnancesurvey.co.uk/id/5000005100406638,Corbett Road,,,,transportNetwork,Named Road,620943,139196,1000,20000,620853,139126,621027,139245,CT18,http://data.ordnancesurvey.co.uk/id/postcodedistrict/CT18,Hawkinge,http://data.ordnancesurvey.co.uk/id/4000000074566747,http://www.ordnancesurvey.co.uk/xml/codelists/localtype.xml#village,Folkestone and Hythe,http://data.ordnancesurvey.co.uk/id/7000000000018085,http://data.ordnancesurvey.co.uk/ontology/admingeo/District,Kent,http://data.ordnancesurvey.co.uk/id/7000000000018210,http://data.ordnancesurvey.co.uk/ontology/admingeo/County,South East,http://data.ordnancesurvey.co.uk/id/7000000000041421,England,http://data.ordnancesurvey.co.uk/id/country/england,,,
osgb4000000032997581,http://data.ordnancesurvey.co.uk/id/4000000032997581,Chalcroft Road,,,,transportNetwork,Named Road,620407,135864,1000,20000,620390,135824,620445,135981,CT20,http://data.ordnancesurvey.co.uk/id/postcodedistrict/CT20,Folkestone,http://data.ordnancesurvey.co.uk/id/4000000074566736,http://www.ordnancesurvey.co.uk/xml/codelists/localtype.xml#town,Folkestone and Hythe,http://data.ordnancesurvey.co.uk/id/7000000000018085,http://data.ordnancesurvey.co.uk/ontology/admingeo/District,Kent,http://data.ordnancesurvey.co.uk/id/7000000000018210,http://data.ordnancesurvey.co.uk/ontology/admingeo/County,South East,http://data.ordnancesurvey.co.uk/id/7000000000041421,England,http://data.ordnancesurvey.co.uk/id/country/england,,,
osgb4000000032997623,http://data.ordnancesurvey.co.uk/id/4000000032997623,Avereng Road,,,,transportNetwork,Named Road,621839,136644,1000,20000,621805,136558,621890,136744,CT19,http://data.ordnancesurvey.co.uk/id/postcodedistrict/CT19,Folkestone,http://data.ordnancesurvey.co.uk/id/4000000074566736,http://www.ordnancesurvey.co.uk/xml/codelists/localtype.xml#town,Folkestone and Hythe,http://data.ordnancesurvey.co.uk/id/7000000000018085,http://data.ordnancesurvey.co.uk/ontology/admingeo/District,Kent,http://data.ordnancesurvey.co.uk/id/7000000000018210,http://data.ordnancesurvey.co.uk/ontology/admingeo/County,South East,http://data.ordnancesurvey.co.uk/id/7000000000041421,England,http://data.ordnancesurvey.co.uk/id/country/england,,,
osgb4000000032997679,http://data.ordnancesurvey.co.uk/id/4000000032997679,Neason Way,,,,transportNetwork,Named Road,623668,136790,1000,20000,623661,136720,623681,136878,CT19,http://data.ordnancesurvey.co.uk/id/postcodedistrict/CT19,Folkestone,http://data.ordnancesurvey.co.uk/id/4000000074566736,http://www.ordnancesurvey.co.uk/xml/codelists/localtype.xml#town,Folkestone and Hythe,http://data.ordnancesurvey.co.uk/id/7000000000018085,http://data.ordnancesurvey.co.uk/ontology/admingeo/District,Kent,http://data.ordnancesurvey.co.uk/id/7000000000018210,http://data.ordnancesurvey.co.uk/ontology/admingeo/County,South East,http://data.ordnancesurvey.co.uk/id/7000000000041421,England,http://data.ordnancesurvey.co.uk/id/country/england,,,
osgb4000000033032063,http://data.ordnancesurvey.co.uk/id/4000000033032063,Hillside,,,,transportNetwork,Named Road,620072,135137,1000,20000,620035,135134,620108,135144,CT20,http://data.ordnancesurvey.co.uk/id/postcodedistrict/CT20,Folkestone,http://data.ordnancesurvey.co.uk/id/4000000074566736,http://www.ordnancesurvey.co.uk/xml/codelists/localtype.xml#town,Folkestone and Hythe,http://data.ordnancesurvey.co.uk/id/7000000000018085,http://data.ordnancesurvey.co.uk/ontology/admingeo/District,Kent,http://data.ordnancesurvey.co.uk/id/7000000000018210,http://data.ordnancesurvey.co.uk/ontology/admingeo/County,South East,http://data.ordnancesurvey.co.uk/id/7000000000041421,England,http://data.ordnancesurvey.co.uk/id/country/england,,,
osgb4000000033056229,http://data.ordnancesurvey.co.uk/id/4000000033056229,Harrier Close,,,,transportNetwork,Named Road,621065,139061,1000,20000,621053,139052,621086,139072,CT18,http://data.ordnancesurvey.co.uk/id/postcodedistrict/CT18,Hawkinge,http://data.ordnancesurvey.co.uk/id/4000000074566747,http://www.ordnancesurvey.co.uk/xml/codelists/localtype.xml#village,Folkestone and Hythe,http://data.ordnancesurvey.co.uk/id/7000000000018085,http://data.ordnancesurvey.co.uk/ontology/admingeo/District,Kent,http://data.ordnancesurvey.co.uk/id/7000000000018210,http://data.ordnancesurvey.co.uk/ontology/admingeo/County,South East,http://data.ordnancesurvey.co.uk/id/7000000000041421,England,http://data.ordnancesurvey.co.uk/id/country/england,,,
osgb4000000032999694,http://data.ordnancesurvey.co.uk/id/4000000032999694,Spence Close,,,,transportNetwork,Named Road,621155,139745,1000,20000,621115,139723,621185,139746,CT18,http://data.ordnancesurvey.co.uk/id/postcodedistrict/CT18,Hawkinge,http://data.ordnancesurvey.co.uk/id/4000000074566747,http://www.ordnancesurvey.co.uk/xml/codelists/localtype.xml#village,Folkestone and Hythe,http://data.ordnancesurvey.co.uk/id/7000000000018085,http://data.ordnancesurvey.co.uk/ontology/admingeo/District,Kent,http://data.ordnancesurvey.co.uk/id/7000000000018210,http://data.ordnancesurvey.co.uk/ontology/admingeo/County,South East,http://data.ordnancesurvey.co.uk/id/7000000000041421,England,http://data.ordnancesurvey.co.uk/id/country/england,,,
osgb4000000068752624,http://data.ordnancesurvey.co.uk/id/4000000068752624,Zig Zag Path,,,,transportNetwork,Named Road,622293,135436,1000,20000,622233,135398,622360,135467,CT20,http://data.ordnancesurvey.co.uk/id/postcodedistrict/CT20,Folkestone,http://data.ordnancesurvey.co.uk/id/4000000074566736,http://www.ordnancesurvey.co.uk/xml/codelists/localtype.xml#town,Folkestone and Hythe,http://data.ordnancesurvey.co.uk/id/7000000000018085,http://data.ordnancesurvey.co.uk/ontology/admingeo/District,Kent,http://data.ordnancesurvey.co.uk/id/7000000000018210,http://data.ordnancesurvey.co.uk/ontology/admingeo/County,South East,http://data.ordnancesurvey.co.uk/id/7000000000041421,England,http://data.ordnancesurvey.co.uk/id/country/england,,,
osgb4000000032999660,http://data.ordnancesurvey.co.uk/id/4000000032999660,Salisbury Road,,,,transportNetwork,Named Road,620137,137178,1000,20000,620134,137145,620139,137205,CT19,http://data.ordnancesurvey.co.uk/id/postcodedistrict/CT19,Folkestone,http://data.ordnancesurvey.co.uk/id/4000000074566736,http://www.ordnancesurvey.co.uk/xml/codelists/localtype.xml#town,Folkestone and Hythe,http://data.ordnancesurvey.co.uk/id/7000000000018085,http://data.ordnancesurvey.co.uk/ontology/admingeo/District,Kent,http://data.ordnancesurvey.co.uk/id/7000000000018210,http://data.ordnancesurvey.co.uk/ontology/admingeo/County,South East,http://data.ordnancesurvey.co.uk/id/7000000000041421,England,http://data.ordnancesurvey.co.uk/id/country/england,,,
e5947e3b-04e9-4e2a-9dbd-491833c9aa8e,http://data.ordnancesurvey.co.uk/id/e5947e3b-04e9-4e2a-9dbd-491833c9aa8e,Hurst Lane,,,,transportNetwork,Section Of Named Road,625002,139451,1000,25000,624962,139423,625065,139472,CT18,http://data.ordnancesurvey.co.uk/id/postcodedistrict/CT18,Capel-le-Ferne,http://data.ordnancesurvey.co.uk/id/4000000074568384,http://www.ordnancesurvey.co.uk/xml/codelists/localtype.xml#village,Dover,http://data.ordnancesurvey.co.uk/id/7000000000017977,http://data.ordnancesurvey.co.uk/ontology/admingeo/District,Kent,http://data.ordnancesurvey.co.uk/id/7000000000018210,http://data.ordnancesurvey.co.uk/ontology/admingeo/County,South East,http://data.ordnancesurvey.co.uk/id/7000000000041421,England,http://data.ordnancesurvey.co.uk/id/country/england,osgb4000000032995469,,
osgb4000000032997722,http://data.ordnancesurvey.co.uk/id/4000000032997722,Bowles Well Gardens,,,,transportNetwork,Named Road,623661,137232,1000,20000,623602,137178,623698,137349,CT19,http://data.ordnancesurvey.co.uk/id/postcodedistrict/CT19,Folkestone,http://data.ordnancesurvey.co.uk/id/4000000074566736,http://www.ordnancesurvey.co.uk/xml/codelists/localtype.xml#town,Folkestone and Hythe,http://data.ordnancesurvey.co.uk/id/7000000000018085,http://data.ordnancesurvey.co.uk/ontology/admingeo/District,Kent,http://data.ordnancesurvey.co.uk/id/7000000000018210,http://data.ordnancesurvey.co.uk/ontology/admingeo/County,South East,http://data.ordnancesurvey.co.uk/id/7000000000041421,England,http://data.ordnancesurvey.co.uk/id/country/england,,,
osgb4000000032997689,http://data.ordnancesurvey.co.uk/id/4000000032997689,Southern Way,,,,transportNetwork,Named Road,623386,136742,1000,20000,623297,136713,623479,136746,CT20,http://data.ordnancesurvey.co.uk/id/postcodedistrict/CT20,Folkestone,http://data.ordnancesurvey.co.uk/id/4000000074566736,http://www.ordnancesurvey.co.uk/xml/codelists/localtype.xml#town,Folkestone and Hythe,http://data.ordnancesurvey.co.uk/id/7000000000018085,http://data.ordnancesurvey.co.uk/ontology/admingeo/District,Kent,http://data.ordnancesurvey.co.uk/id/7000000000018210,http://data.ordnancesurvey.co.uk/ontology/admingeo/County,South East,http://data.ordnancesurvey.co.uk/id/7000000000041421,England,http://data.ordnancesurvey.co.uk/id/country/england,,,
osgb5000005174925873,http://data.ordnancesurvey.co.uk/id/5000005174925873,Trinity Drive,,,,transportNetwork,Named Road,622294,136951,1000,20000,622200,136942,622414,136960,CT19,http://data.ordnancesurvey.co.uk/id/postcodedistrict/CT19,Folkestone,http://data.ordnancesurvey.co.uk/id/4000000074566736,http://www.ordnancesurvey.co.uk/xml/codelists/localtype.xml#town,Folkestone and Hythe,http://data.ordnancesurvey.co.uk/id/7000000000018085,http://data.ordnancesurvey.co.uk/ontology/admingeo/District,Kent,http://data.ordnancesurvey.co.uk/id/7000000000018210,http://data.ordnancesurvey.co.uk/ontology/admingeo/County,South East,http://data.ordnancesurvey.co.uk/id/7000000000041421,England,http://data.ordnancesurvey.co.uk/id/country/england,,,
osgb4000000032996155,http://data.ordnancesurvey.co.uk/id/4000000032996155,Radnor Cliff Crescent,,,,transportNetwork,Named Road,621042,135424,2000,20000,620978,135263,621184,135520,CT20,http://data.ordnancesurvey.co.uk/id/postcodedistrict/CT20,Folkestone,http://data.ordnancesurvey.co.uk/id/4000000074566736,http://www.ordnancesurvey.co.uk/xml/codelists/localtype.xml#town,Folkestone and Hythe,http://data.ordnancesurvey.co.uk/id/7000000000018085,http://data.ordnancesurvey.co.uk/ontology/admingeo/District,Kent,http://data.ordnancesurvey.co.uk/id/7000000000018210,http://data.ordnancesurvey.co.uk/ontology/admingeo/County,South East,http://data.ordnancesurvey.co.uk/id/7000000000041421,England,http://data.ordnancesurvey.co.uk/id/country/england,,,
osgb4000000033001174,http://data.ordnancesurvey.co.uk/id/4000000033001174,Radnor Street,,,,transportNetwork,Named Road,623290,136084,1000,20000,623256,136072,623303,136085,CT19,http://data.ordnancesurvey.co.uk/id/postcodedistrict/CT19,Folkestone,http://data.ordnancesurvey.co.uk/id/4000000074566736,http://www.ordnancesurvey.co.uk/xml/codelists/localtype.xml#town,Folkestone and Hythe,http://data.ordnancesurvey.co.uk/id/7000000000018085,http://data.ordnancesurvey.co.uk/ontology/admingeo/District,Kent,http://data.ordnancesurvey.co.uk/id/7000000000018210,http://data.ordnancesurvey.co.uk/ontology/admingeo/County,South East,http://data.ordnancesurvey.co.uk/id/7000000000041421,England,http://data.ordnancesurvey.co.uk/id/country/england,,,
osgb4000000032997729,http://data.ordnancesurvey.co.uk/id/4000000032997729,Proctor Walk,,,,transportNetwork,Named Road,620874,139630,1000,20000,620846,139516,620939,139714,CT18,http://data.ordnancesurvey.co.uk/id/postcodedistrict/CT18,Hawkinge,http://data.ordnancesurvey.co.uk/id/4000000074566747,http://www.ordnancesurvey.co.uk/xml/codelists/localtype.xml#village,Folkestone and Hythe,http://data.ordnancesurvey.co.uk/id/7000000000018085,http://data.ordnancesurvey.co.uk/ontology/admingeo/District,Kent,http://data.ordnancesurvey.co.uk/id/7000000000018210,http://data.ordnancesurvey.co.uk/ontology/admingeo/County,South East,http://data.ordnancesurvey.co.uk/id/7000000000041421,England,http://data.ordnancesurvey.co.uk/id/country/england,,,
osgb4000000032995473,http://data.ordnancesurvey.co.uk/id/4000000032995473,Gravel Lane,,,,transportNetwork,Named Road,627130,139770,4000,20000,626684,139489,627366,139900,CT15,http://data.ordnancesurvey.co.uk/id/postcodedistrict/CT15,,,,Dover,http://data.ordnancesurvey.co.uk/id/7000000000017977,http://data.ordnancesurvey.co.uk/ontology/admingeo/District,Kent,http://data.ordnancesurvey.co.uk/id/7000000000018210,http://data.ordnancesurvey.co.uk/ontology/admingeo/County,South East,http://data.ordnancesurvey.co.uk/id/7000000000041421,England,http://data.ordnancesurvey.co.uk/id/country/england,,,
osgb4000000033005962,http://data.ordnancesurvey.co.uk/id/4000000033005962,Puffin Court,,,,transportNetwork,Named Road,621072,139483,1000,20000,621067,139467,621079,139504,CT18,http://data.ordnancesurvey.co.uk/id/postcodedistrict/CT18,Hawkinge,http://data.ordnancesurvey.co.uk/id/4000000074566747,http://www.ordnancesurvey.co.uk/xml/codelists/localtype.xml#village,Folkestone and Hythe,http://data.ordnancesurvey.co.uk/id/7000000000018085,http://data.ordnancesurvey.co.uk/ontology/admingeo/District,Kent,http://data.ordnancesurvey.co.uk/id/7000000000018210,http://data.ordnancesurvey.co.uk/ontology/admingeo/County,South East,http://data.ordnancesurvey.co.uk/id/7000000000041421,England,http://data.ordnancesurvey.co.uk/id/country/england,,,
osgb4000000032996230,http://data.ordnancesurvey.co.uk/id/4000000032996230,George Gurr Crescent,,,,transportNetwork,Named Road,623000,137743,2000,20000,622823,137737,623120,137918,CT19,http://data.ordnancesurvey.co.uk/id/postcodedistrict/CT19,Folkestone,http://data.ordnancesurvey.co.uk/id/4000000074566736,http://www.ordnancesurvey.co.uk/xml/codelists/localtype.xml#town,Folkestone and Hythe,http://data.ordnancesurvey.co.uk/id/7000000000018085,http://data.ordnancesurvey.co.uk/ontology/admingeo/District,Kent,http://data.ordnancesurvey.co.uk/id/7000000000018210,http://data.ordnancesurvey.co.uk/ontology/admingeo/County,South East,http://data.ordnancesurvey.co.uk/id/7000000000041421,England,http://data.ordnancesurvey.co.uk/id/country/england,,,
osgb4000000032996153,http://data.ordnancesurvey.co.uk/id/4000000032996153,Sandgate Hill,,,,transportNetwork,Named Road,621038,135489,4000,20000,620793,135294,621364,135537,CT20,http://data.ordnancesurvey.co.uk/id/postcodedistrict/CT20,Folkestone,http://data.ordnancesurvey.co.uk/id/4000000074566736,http://www.ordnancesurvey.co.uk/xml/codelists/localtype.xml#town,Folkestone and Hythe,http://data.ordnancesurvey.co.uk/id/7000000000018085,http://data.ordnancesurvey.co.uk/ontology/admingeo/District,Kent,http://data.ordnancesurvey.co.uk/id/7000000000018210,http://data.ordnancesurvey.co.uk/ontology/admingeo/County,South East,http://data.ordnancesurvey.co.uk/id/7000000000041421,England,http://data.ordnancesurvey.co.uk/id/country/england,,,
osgb4000000032996177,http://data.ordnancesurvey.co.uk/id/4000000032996177,Bathurst Road,,,,transportNetwork,Named Road,621138,136022,3000,20000,620882,135988,621332,136114,CT20,http://data.ordnancesurvey.co.uk/id/postcodedistrict/CT20,Folkestone,http://data.ordnancesurvey.co.uk/id/4000000074566736,http://www.ordnancesurvey.co.uk/xml/codelists/localtype.xml#town,Folkestone and Hythe,http://data.ordnancesurvey.co.uk/id/7000000000018085,http://data.ordnancesurvey.co.uk/ontology/admingeo/District,Kent,http://data.ordnancesurvey.co.uk/id/7000000000018210,http://data.ordnancesurvey.co.uk/ontology/admingeo/County,South East,http://data.ordnancesurvey.co.uk/id/7000000000041421,England,http://data.ordnancesurvey.co.uk/id/country/england,,,
osgb4000000033032068,http://data.ordnancesurvey.co.uk/id/4000000033032068,Highview Park,,,,transportNetwork,Named Road,624155,137868,1000,20000,624137,137826,624168,137916,CT18,http://data.ordnancesurvey.co.uk/id/postcodedistrict/CT18,Capel-le-Ferne,http://data.ordnancesurvey.co.uk/id/4000000074568384,http://www.ordnancesurvey.co.uk/xml/codelists/localtype.xml#village,Folkestone and Hythe,http://data.ordnancesurvey.co.uk/id/7000000000018085,http://data.ordnancesurvey.co.uk/ontology/admingeo/District,Kent,http://data.ordnancesurvey.co.uk/id/7000000000018210,http://data.ordnancesurvey.co.uk/ontology/admingeo/County,South East,http://data.ordnancesurvey.co.uk/id/7000000000041421,England,http://data.ordnancesurvey.co.uk/id/country/england,,,
osgb4000000032999644,http://data.ordnancesurvey.co.uk/id/4000000032999644,Brambledown,,,,transportNetwork,Named Road,622864,136621,1000,20000,622825,136590,622897,136646,CT19,http://data.ordnancesurvey.co.uk/id/postcodedistrict/CT19,Folkestone,http://data.ordnancesurvey.co.uk/id/4000000074566736,http://www.ordnancesurvey.co.uk/xml/codelists/localtype.xml#town,Folkestone and Hythe,http://data.ordnancesurvey.co.uk/id/7000000000018085,http://data.ordnancesurvey.co.uk/ontology/admingeo/District,Kent,http://data.ordnancesurvey.co.uk/id/7000000000018210,http://data.ordnancesurvey.co.uk/ontology/admingeo/County,South East,http://data.ordnancesurvey.co.uk/id/7000000000041421,England,http://data.ordnancesurvey.co.uk/id/country/england,,,
osgb4000000032995450,http://data.ordnancesurvey.co.uk/id/4000000032995450,Ashley Avenue,,,,transportNetwork,Named Road,620346,137000,3000,20000,620287,136774,620511,137228,CT19,http://data.ordnancesurvey.co.uk/id/postcodedistrict/CT19,Folkestone,http://data.ordnancesurvey.co.uk/id/4000000074566736,http://www.ordnancesurvey.co.uk/xml/codelists/localtype.xml#town,Folkestone and Hythe,http://data.ordnancesurvey.co.uk/id/7000000000018085,http://data.ordnancesurvey.co.uk/ontology/admingeo/District,Kent,http://data.ordnancesurvey.co.uk/id/7000000000018210,http://data.ordnancesurvey.co.uk/ontology/admingeo/County,South East,http://data.ordnancesurvey.co.uk/id/7000000000041421,England,http://data.ordnancesurvey.co.uk/id/country/england,,,
osgb4000000032999566,http://data.ordnancesurvey.co.uk/id/4000000032999566,Granville Parade,,,,transportNetwork,Named Road,620483,135145,1000,20000,620432,135139,620549,135154,CT20,http://data.ordnancesurvey.co.uk/id/postcodedistrict/CT20,Folkestone,http://data.ordnancesurvey.co.uk/id/4000000074566736,http://www.ordnancesurvey.co.uk/xml/codelists/localtype.xml#town,Folkestone and Hythe,http://data.ordnancesurvey.co.uk/id/7000000000018085,http://data.ordnancesurvey.co.uk/ontology/admingeo/District,Kent,http://data.ordnancesurvey.co.uk/id/7000000000018210,http://data.ordnancesurvey.co.uk/ontology/admingeo/County,South East,http://data.ordnancesurvey.co.uk/id/7000000000041421,England,http://data.ordnancesurvey.co.uk/id/country/england,,,
osgb4000000032999716,http://data.ordnancesurvey.co.uk/id/4000000032999716,Sea View Close,,,,transportNetwork,Named Road,624777,138412,1000,20000,624754,138412,624807,138419,CT18,http://data.ordnancesurvey.co.uk/id/postcodedistrict/CT18,Capel-le-Ferne,http://data.ordnancesurvey.co.uk/id/4000000074568384,http://www.ordnancesurvey.co.uk/xml/codelists/localtype.xml#village,Dover,http://data.ordnancesurvey.co.uk/id/7000000000017977,http://data.ordnancesurvey.co.uk/ontology/admingeo/District,Kent,http://data.ordnancesurvey.co.uk/id/7000000000018210,http://data.ordnancesurvey.co.uk/ontology/admingeo/County,South East,http://data.ordnancesurvey.co.uk/id/7000000000041421,England,http://data.ordnancesurvey.co.uk/id/country/england,,,
osgb4000000032999642,http://data.ordnancesurvey.co.uk/id/4000000032999642,Baldwin Terrace,,,,transportNetwork,Named Road,622991,136771,1000,20000,622968,136749,623006,136803,CT19,http://data.ordnancesurvey.co.uk/id/postcodedistrict/CT19,Folkestone,http://data.ordnancesurvey.co.uk/id/4000000074566736,http://www.ordnancesurvey.co.uk/xml/codelists/localtype.xml#town,Folkestone and Hythe,http://data.ordnancesurvey.co.uk/id/7000000000018085,http://data.ordnancesurvey.co.uk/ontology/admingeo/District,Kent,http://data.ordnancesurvey.co.uk/id/7000000000018210,http://data.ordnancesurvey.co.uk/ontology/admingeo/County,South East,http://data.ordnancesurvey.co.uk/id/7000000000041421,England,http://data.ordnancesurvey.co.uk/id/country/england,,,
osgb4000000032995452,http://data.ordnancesurvey.co.uk/id/4000000032995452,Biggins Wood Road,,,,transportNetwork,Named Road,620208,137278,4000,20000,619893,137166,620511,137321,CT19,http://data.ordnancesurvey.co.uk/id/postcodedistrict/CT19,Folkestone,http://data.ordnancesurvey.co.uk/id/4000000074566736,http://www.ordnancesurvey.co.uk/xml/codelists/localtype.xml#town,Folkestone and Hythe,http://data.ordnancesurvey.co.uk/id/7000000000018085,http://data.ordnancesurvey.co.uk/ontology/admingeo/District,Kent,http://data.ordnancesurvey.co.uk/id/7000000000018210,http://data.ordnancesurvey.co.uk/ontology/admingeo/County,South East,http://data.ordnancesurvey.co.uk/id/7000000000041421,England,http://data.ordnancesurvey.co.uk/id/country/england,,,
osgb5000005170779499,http://data.ordnancesurvey.co.uk/id/5000005170779499,Salisbury Mews,,,,transportNetwork,Named Road,620165,137230,1000,20000,620139,137205,620195,137231,CT19,http://data.ordnancesurvey.co.uk/id/postcodedistrict/CT19,Folkestone,http://data.ordnancesurvey.co.uk/id/4000000074566736,http://www.ordnancesurvey.co.uk/xml/codelists/localtype.xml#town,Folkestone and Hythe,http://data.ordnancesurvey.co.uk/id/7000000000018085,http://data.ordnancesurvey.co.uk/ontology/admingeo/District,Kent,http://data.ordnancesurvey.co.uk/id/7000000000018210,http://data.ordnancesurvey.co.uk/ontology/admingeo/County,South East,http://data.ordnancesurvey.co.uk/id/7000000000041421,England,http://data.ordnancesurvey.co.uk/id/country/england,,,
osgb4000000032999681,http://data.ordnancesurvey.co.uk/id/4000000032999681,The Waltons,,,,transportNetwork,Named Road,622396,137566,1000,20000,622372,137555,622431,137625,CT19,http://data.ordnancesurvey.co.uk/id/postcodedistrict/CT19,Folkestone,http://data.ordnancesurvey.co.uk/id/4000000074566736,http://www.ordnancesurvey.co.uk/xml/codelists/localtype.xml#town,Folkestone and Hythe,http://data.ordnancesurvey.co.uk/id/7000000000018085,http://data.ordnancesurvey.co.uk/ontology/admingeo/District,Kent,http://data.ordnancesurvey.co.uk/id/7000000000018210,http://data.ordnancesurvey.co.uk/ontology/admingeo/County,South East,http://data.ordnancesurvey.co.uk/id/7000000000041421,England,http://data.ordnancesurvey.co.uk/id/country/england,,,
osgb4000000032999619,http://data.ordnancesurvey.co.uk/id/4000000032999619,Alexandra Gardens,,,,transportNetwork,Named Road,622764,135925,1000,20000,622736,135893,622797,135952,CT20,http://data.ordnancesurvey.co.uk/id/postcodedistrict/CT20,Folkestone,http://data.ordnancesurvey.co.uk/id/4000000074566736,http://www.ordnancesurvey.co.uk/xml/codelists/localtype.xml#town,Folkestone and Hythe,http://data.ordnancesurvey.co.uk/id/7000000000018085,http://data.ordnancesurvey.co.uk/ontology/admingeo/District,Kent,http://data.ordnancesurvey.co.uk/id/7000000000018210,http://data.ordnancesurvey.co.uk/ontology/admingeo/County,South East,http://data.ordnancesurvey.co.uk/id/7000000000041421,England,http://data.ordnancesurvey.co.uk/id/country/england,,,
osgb5000005199832028,http://data.ordnancesurvey.co.uk/id/5000005199832028,Westbrook Drive,,,,transportNetwork,Named Road,621689,136243,1000,20000,621604,136172,621744,136256,CT20,http://data.ordnancesurvey.co.uk/id/postcodedistrict/CT20,Folkestone,http://data.ordnancesurvey.co.uk/id/4000000074566736,http://www.ordnancesurvey.co.uk/xml/codelists/localtype.xml#town,Folkestone and Hythe,http://data.ordnancesurvey.co.uk/id/7000000000018085,http://data.ordnancesurvey.co.uk/ontology/admingeo/District,Kent,http://data.ordnancesurvey.co.uk/id/7000000000018210,http://data.ordnancesurvey.co.uk/ontology/admingeo/County,South East,http://data.ordnancesurvey.co.uk/id/7000000000041421,England,http://data.ordnancesurvey.co.uk/id/country/england,,,
osgb5000005220977871,http://data.ordnancesurvey.co.uk/id/5000005220977871,Samphire Road,,,,transportNetwork,Named Road,629592,139275,8000,20000,628856,139077,630112,139655,CT17,http://data.ordnancesurvey.co.uk/id/postcodedistrict/CT17,,,,Dover,http://data.ordnancesurvey.co.uk/id/7000000000017977,http://data.ordnancesurvey.co.uk/ontology/admingeo/District,Kent,http://data.ordnancesurvey.co.uk/id/7000000000018210,http://data.ordnancesurvey.co.uk/ontology/admingeo/County,South East,http://data.ordnancesurvey.co.uk/id/7000000000041421,England,http://data.ordnancesurvey.co.uk/id/country/england,,,
osgb4000000032995456,http://data.ordnancesurvey.co.uk/id/4000000032995456,Dolphins Road,,,,transportNetwork,Named Road,622714,137235,3000,20000,622371,137021,622738,137555,CT19,http://data.ordnancesurvey.co.uk/id/postcodedistrict/CT19,Folkestone,http://data.ordnancesurvey.co.uk/id/4000000074566736,http://www.ordnancesurvey.co.uk/xml/codelists/localtype.xml#town,Folkestone and Hythe,http://data.ordnancesurvey.co.uk/id/7000000000018085,http://data.ordnancesurvey.co.uk/ontology/admingeo/District,Kent,http://data.ordnancesurvey.co.uk/id/7000000000018210,http://data.ordnancesurvey.co.uk/ontology/admingeo/County,South East,http://data.ordnancesurvey.co.uk/id/7000000000041421,England,http://data.ordnancesurvey.co.uk/id/country/england,,,
osgb4000000032997640,http://data.ordnancesurvey.co.uk/id/4000000032997640,Payers Park,,,,transportNetwork,Named Road,622979,136102,1000,20000,622920,136078,623041,136127,CT20,http://data.ordnancesurvey.co.uk/id/postcodedistrict/CT20,Folkestone,http://data.ordnancesurvey.co.uk/id/4000000074566736,http://www.ordnancesurvey.co.uk/xml/codelists/localtype.xml#town,Folkestone and Hythe,http://data.ordnancesurvey.co.uk/id/7000000000018085,http://data.ordnancesurvey.co.uk/ontology/admingeo/District,Kent,http://data.ordnancesurvey.co.uk/id/7000000000018210,http://data.ordnancesurvey.co.uk/ontology/admingeo/County,South East,http://data.ordnancesurvey.co.uk/id/7000000000041421,England,http://data.ordnancesurvey.co.uk/id/country/england,,,
osgb4000000032997650,http://data.ordnancesurvey.co.uk/id/4000000032997650,Clarence Street,,,,transportNetwork,Named Road,622921,136361,1000,20000,622869,136284,622993,136425,CT20,http://data.ordnancesurvey.co.uk/id/postcodedistrict/CT20,Folkestone,http://data.ordnancesurvey.co.uk/id/4000000074566736,http://www.ordnancesurvey.co.uk/xml/codelists/localtype.xml#town,Folkestone and Hythe,http://data.ordnancesurvey.co.uk/id/7000000000018085,http://data.ordnancesurvey.co.uk/ontology/admingeo/District,Kent,http://data.ordnancesurvey.co.uk/id/7000000000018210,http://data.ordnancesurvey.co.uk/ontology/admingeo/County,South East,http://data.ordnancesurvey.co.uk/id/7000000000041421,England,http://data.ordnancesurvey.co.uk/id/country/england,,,
osgb4000000033005963,http://data.ordnancesurvey.co.uk/id/4000000033005963,Kitchener Square,,,,transportNetwork,Named Road,623119,137545,1000,20000,623119,137545,623129,137564,CT19,http://data.ordnancesurvey.co.uk/id/postcodedistrict/CT19,Folkestone,http://data.ordnancesurvey.co.uk/id/4000000074566736,http://www.ordnancesurvey.co.uk/xml/codelists/localtype.xml#town,Folkestone and Hythe,http://data.ordnancesurvey.co.uk/id/7000000000018085,http://data.ordnancesurvey.co.uk/ontology/admingeo/District,Kent,http://data.ordnancesurvey.co.uk/id/7000000000018210,http://data.ordnancesurvey.co.uk/ontology/admingeo/County,South East,http://data.ordnancesurvey.co.uk/id/7000000000041421,England,http://data.ordnancesurvey.co.uk/id/country/england,,,
osgb5000005307546496,http://data.ordnancesurvey.co.uk/id/5000005307546496,Searle Grove,,,,transportNetwork,Named Road,621720,136871,1000,20000,621667,136870,621769,136897,CT19,http://data.ordnancesurvey.co.uk/id/postcodedistrict/CT19,Folkestone,http://data.ordnancesurvey.co.uk/id/4000000074566736,http://www.ordnancesurvey.co.uk/xml/codelists/localtype.xml#town,Folkestone and Hythe,http://data.ordnancesurvey.co.uk/id/7000000000018085,http://data.ordnancesurvey.co.uk/ontology/admingeo/District,Kent,http://data.ordnancesurvey.co.uk/id/7000000000018210,http://data.ordnancesurvey.co.uk/ontology/admingeo/County,South East,http://data.ordnancesurvey.co.uk/id/7000000000041421,England,http://data.ordnancesurvey.co.uk/id/country/england,,,
osgb4000000033001219,http://data.ordnancesurvey.co.uk/id/4000000033001219,Page Place,,,,transportNetwork,Named Road,622970,137532,1000,20000,622942,137529,622977,137546,CT19,http://data.ordnancesurvey.co.uk/id/postcodedistrict/CT19,Folkestone,http://data.ordnancesurvey.co.uk/id/4000000074566736,http://www.ordnancesurvey.co.uk/xml/codelists/localtype.xml#town,Folkestone and Hythe,http://data.ordnancesurvey.co.uk/id/7000000000018085,http://data.ordnancesurvey.co.uk/ontology/admingeo/District,Kent,http://data.ordnancesurvey.co.uk/id/7000000000018210,http://data.ordnancesurvey.co.uk/ontology/admingeo/County,South East,http://data.ordnancesurvey.co.uk/id/7000000000041421,England,http://data.ordnancesurvey.co.uk/id/country/england,,,
osgb4000000067708992,http://data.ordnancesurvey.co.uk/id/4000000067708992,Sugarloaf Walk,,,,transportNetwork,Named Road,622608,137689,2000,20000,622476,137672,622735,137726,CT19,http://data.ordnancesurvey.co.uk/id/postcodedistrict/CT19,Folkestone,http://data.ordnancesurvey.co.uk/id/4000000074566736,http://www.ordnancesurvey.co.uk/xml/codelists/localtype.xml#town,Folkestone and Hythe,http://data.ordnancesurvey.co.uk/id/7000000000018085,http://data.ordnancesurvey.co.uk/ontology/admingeo/District,Kent,http://data.ordnancesurvey.co.uk/id/7000000000018210,http://data.ordnancesurvey.co.uk/ontology/admingeo/County,South East,http://data.ordnancesurvey.co.uk/id/7000000000041421,England,http://data.ordnancesurvey.co.uk/id/country/england,,,
osgb4000000032997700,http://data.ordnancesurvey.co.uk/id/4000000032997700,Postling Road,,,,transportNetwork,Named Road,620429,137119,1000,20000,620393,137075,620520,137137,CT19,http://data.ordnancesurvey.co.uk/id/postcodedistrict/CT19,Folkestone,http://data.ordnancesurvey.co.uk/id/4000000074566736,http://www.ordnancesurvey.co.uk/xml/codelists/localtype.xml#town,Folkestone and Hythe,http://data.ordnancesurvey.co.uk/id/7000000000018085,http://data.ordnancesurvey.co.uk/ontology/admingeo/District,Kent,http://data.ordnancesurvey.co.uk/id/7000000000018210,http://data.ordnancesurvey.co.uk/ontology/admingeo/County,South East,http://data.ordnancesurvey.co.uk/id/7000000000041421,England,http://data.ordnancesurvey.co.uk/id/country/england,,,
osgb4000000032997622,http://data.ordnancesurvey.co.uk/id/4000000032997622,William Avenue,,,,transportNetwork,Named Road,621620,137012,1000,20000,621574,136966,621696,137070,CT19,http://data.ordnancesurvey.co.uk/id/postcodedistrict/CT19,Folkestone,http://data.ordnancesurvey.co.uk/id/4000000074566736,http://www.ordnancesurvey.co.uk/xml/codelists/localtype.xml#town,Folkestone and Hythe,http://data.ordnancesurvey.co.uk/id/7000000000018085,http://data.ordnancesurvey.co.uk/ontology/admingeo/District,Kent,http://data.ordnancesurvey.co.uk/id/7000000000018210,http://data.ordnancesurvey.co.uk/ontology/admingeo/County,South East,http://data.ordnancesurvey.co.uk/id/7000000000041421,England,http://data.ordnancesurvey.co.uk/id/country/england,,,
osgb5000005107653060,http://data.ordnancesurvey.co.uk/id/5000005107653060,Lancaster Drive,,,,transportNetwork,Named Road,620510,139722,1000,20000,620461,139650,620534,139729,CT18,http://data.ordnancesurvey.co.uk/id/postcodedistrict/CT18,Hawkinge,http://data.ordnancesurvey.co.uk/id/4000000074566747,http://www.ordnancesurvey.co.uk/xml/codelists/localtype.xml#village,Folkestone and Hythe,http://data.ordnancesurvey.co.uk/id/7000000000018085,http://data.ordnancesurvey.co.uk/ontology/admingeo/District,Kent,http://data.ordnancesurvey.co.uk/id/7000000000018210,http://data.ordnancesurvey.co.uk/ontology/admingeo/County,South East,http://data.ordnancesurvey.co.uk/id/7000000000041421,England,http://data.ordnancesurvey.co.uk/id/country/england,,,
osgb4000000033005961,http://data.ordnancesurvey.co.uk/id/4000000033005961,Fulmar Mews,,,,transportNetwork,Named Road,621017,139400,1000,20000,620997,139391,621037,139408,CT18,http://data.ordnancesurvey.co.uk/id/postcodedistrict/CT18,Hawkinge,http://data.ordnancesurvey.co.uk/id/4000000074566747,http://www.ordnancesurvey.co.uk/xml/codelists/localtype.xml#village,Folkestone and Hythe,http://data.ordnancesurvey.co.uk/id/7000000000018085,http://data.ordnancesurvey.co.uk/ontology/admingeo/District,Kent,http://data.ordnancesurvey.co.uk/id/7000000000018210,http://data.ordnancesurvey.co.uk/ontology/admingeo/County,South East,http://data.ordnancesurvey.co.uk/id/7000000000041421,England,http://data.ordnancesurvey.co.uk/id/country/england,,,
osgb4000000032997593,http://data.ordnancesurvey.co.uk/id/4000000032997593,Quested Road,,,,transportNetwork,Named Road,620425,136687,1000,20000,620413,136597,620437,136733,CT19,http://data.ordnancesurvey.co.uk/id/postcodedistrict/CT19,Folkestone,http://data.ordnancesurvey.co.uk/id/4000000074566736,http://www.ordnancesurvey.co.uk/xml/codelists/localtype.xml#town,Folkestone and Hythe,http://data.ordnancesurvey.co.uk/id/7000000000018085,http://data.ordnancesurvey.co.uk/ontology/admingeo/District,Kent,http://data.ordnancesurvey.co.uk/id/7000000000018210,http://data.ordnancesurvey.co.uk/ontology/admingeo/County,South East,http://data.ordnancesurvey.co.uk/id/7000000000041421,England,http://data.ordnancesurvey.co.uk/id/country/england,,,
osgb4000000032999625,http://data.ordnancesurvey.co.uk/id/4000000032999625,New Street,,,,transportNetwork,Named Road,622788,136267,1000,20000,622785,136243,622839,136312,CT20,http://data.ordnancesurvey.co.uk/id/postcodedistrict/CT20,Folkestone,http://data.ordnancesurvey.co.uk/id/4000000074566736,http://www.ordnancesurvey.co.uk/xml/codelists/localtype.xml#town,Folkestone and Hythe,http://data.ordnancesurvey.co.uk/id/7000000000018085,http://data.ordnancesurvey.co.uk/ontology/admingeo/District,Kent,http://data.ordnancesurvey.co.uk/id/7000000000018210,http://data.ordnancesurvey.co.uk/ontology/admingeo/County,South East,http://data.ordnancesurvey.co.uk/id/7000000000041421,England,http://data.ordnancesurvey.co.uk/id/country/england,,,
osgb4000000032995469,http://data.ordnancesurvey.co.uk/id/4000000032995469,Hurst Lane,,,,transportNetwork,Named Road,624818,139534,3000,20000,624541,139423,625065,139630,CT18,http://data.ordnancesurvey.co.uk/id/postcodedistrict/CT18,,,,Dover,http://data.ordnancesurvey.co.uk/id/7000000000017977,http://data.ordnancesurvey.co.uk/ontology/admingeo/District,Kent,http://data.ordnancesurvey.co.uk/id/7000000000018210,http://data.ordnancesurvey.co.uk/ontology/admingeo/County,South East,http://data.ordnancesurvey.co.uk/id/7000000000041421,England,http://data.ordnancesurvey.co.uk/id/country/england,,,
osgb4000000032996157,http://data.ordnancesurvey.co.uk/id/4000000032996157,Pelham Gardens,,,,transportNetwork,Named Road,621181,135651,1000,20000,621075,135560,621304,135666,CT20,http://data.ordnancesurvey.co.uk/id/postcodedistrict/CT20,Folkestone,http://data.ordnancesurvey.co.uk/id/4000000074566736,http://www.ordnancesurvey.co.uk/xml/codelists/localtype.xml#town,Folkestone and Hythe,http://data.ordnancesurvey.co.uk/id/7000000000018085,http://data.ordnancesurvey.co.uk/ontology/admingeo/District,Kent,http://data.ordnancesurvey.co.uk/id/7000000000018210,http://data.ordnancesurvey.co.uk/ontology/admingeo/County,South East,http://data.ordnancesurvey.co.uk/id/7000000000041421,England,http://data.ordnancesurvey.co.uk/id/country/england,,,
osgb4000000033001953,http://data.ordnancesurvey.co.uk/id/4000000033001953,West Cliff Gardens,,,,transportNetwork,Named Road,622840,135895,1000,20000,622810,135879,622889,135907,CT20,http://data.ordnancesurvey.co.uk/id/postcodedistrict/CT20,Folkestone,http://data.ordnancesurvey.co.uk/id/4000000074566736,http://www.ordnancesurvey.co.uk/xml/codelists/localtype.xml#town,Folkestone and Hythe,http://data.ordnancesurvey.co.uk/id/7000000000018085,http://data.ordnancesurvey.co.uk/ontology/admingeo/District,Kent,http://data.ordnancesurvey.co.uk/id/7000000000018210,http://data.ordnancesurvey.co.uk/ontology/admingeo/County,South East,http://data.ordnancesurvey.co.uk/id/7000000000041421,England,http://data.ordnancesurvey.co.uk/id/country/england,,,
osgb4000000032997649,http://data.ordnancesurvey.co.uk/id/4000000032997649,Mill Bay,,,,transportNetwork,Named Road,623011,136163,1000,20000,622949,136087,623073,136227,CT20,http://data.ordnancesurvey.co.uk/id/postcodedistrict/CT20,Folkestone,http://data.ordnancesurvey.co.uk/id/4000000074566736,http://www.ordnancesurvey.co.uk/xml/codelists/localtype.xml#town,Folkestone and Hythe,http://data.ordnancesurvey.co.uk/id/7000000000018085,http://data.ordnancesurvey.co.uk/ontology/admingeo/District,Kent,http://data.ordnancesurvey.co.uk/id/7000000000018210,http://data.ordnancesurvey.co.uk/ontology/admingeo/County,South East,http://data.ordnancesurvey.co.uk/id/7000000000041421,England,http://data.ordnancesurvey.co.uk/id/country/england,,,
osgb4000000032997637,http://data.ordnancesurvey.co.uk/id/4000000032997637,Foord Road,,,,transportNetwork,Named Road,622699,136416,2000,20000,622600,136243,622788,136618,CT19,http://data.ordnancesurvey.co.uk/id/postcodedistrict/CT19,Folkestone,http://data.ordnancesurvey.co.uk/id/4000000074566736,http://www.ordnancesurvey.co.uk/xml/codelists/localtype.xml#town,Folkestone and Hythe,http://data.ordnancesurvey.co.uk/id/7000000000018085,http://data.ordnancesurvey.co.uk/ontology/admingeo/District,Kent,http://data.ordnancesurvey.co.uk/id/7000000000018210,http://data.ordnancesurvey.co.uk/ontology/admingeo/County,South East,http://data.ordnancesurvey.co.uk/id/7000000000041421,England,http://data.ordnancesurvey.co.uk/id/country/england,,,
e95008d0-a3ff-4d92-b88e-eb8dc058b177,http://data.ordnancesurvey.co.uk/id/e95008d0-a3ff-4d92-b88e-eb8dc058b177,Promenade,,,,transportNetwork,Section Of Named Road,623613,136253,1000,25000,623528,136154,623734,136301,CT19,http://data.ordnancesurvey.co.uk/id/postcodedistrict/CT19,Folkestone,http://data.ordnancesurvey.co.uk/id/4000000074566736,http://www.ordnancesurvey.co.uk/xml/codelists/localtype.xml#town,Folkestone and Hythe,http://data.ordnancesurvey.co.uk/id/7000000000018085,http://data.ordnancesurvey.co.uk/ontology/admingeo/District,Kent,http://data.ordnancesurvey.co.uk/id/7000000000018210,http://data.ordnancesurvey.co.uk/ontology/admingeo/County,South East,http://data.ordnancesurvey.co.uk/id/7000000000041421,England,http://data.ordnancesurvey.co.uk/id/country/england,osgb5000005253329574,,
osgb4000000074820267,http://data.ordnancesurvey.co.uk/id/4000000074820267,Boating Pond,,,,hydrography,Inland Water,622149,136659,1000,500000,621899,136410,622399,136910,CT19,http://data.ordnancesurvey.co.uk/id/postcodedistrict/CT19,,,,Folkestone and Hythe,http://data.ordnancesurvey.co.uk/id/7000000000018085,http://data.ordnancesurvey.co.uk/ontology/admingeo/District,Kent,http://data.ordnancesurvey.co.uk/id/7000000000018210,http://data.ordnancesurvey.co.uk/ontology/admingeo/County,South East,http://data.ordnancesurvey.co.uk/id/7000000000041421,England,http://data.ordnancesurvey.co.uk/id/country/england,,,
osgb4000000074747171,http://data.ordnancesurvey.co.uk/id/4000000074747171,East Cliff,,,,landform,Cliff Or Slope,623685,136315,4000,40000,623473,136066,624134,136566,CT19,http://data.ordnancesurvey.co.uk/id/postcodedistrict/CT19,,,,Folkestone and Hythe,http://data.ordnancesurvey.co.uk/id/7000000000018085,http://data.ordnancesurvey.co.uk/ontology/admingeo/District,Kent,http://data.ordnancesurvey.co.uk/id/7000000000018210,http://data.ordnancesurvey.co.uk/ontology/admingeo/County,South East,http://data.ordnancesurvey.co.uk/id/7000000000041421,England,http://data.ordnancesurvey.co.uk/id/country/england,,,
osgb4000000074799491,http://data.ordnancesurvey.co.uk/id/4000000074799491,Strait of Dover,,,,hydrography,Sea,635112,129895,378000,12000000,608227,113691,666314,146099,CT17,http://data.ordnancesurvey.co.uk/id/postcodedistrict/CT17,,,,,,,Kent,http://data.ordnancesurvey.co.uk/id/7000000000018210,http://data.ordnancesurvey.co.uk/ontology/admingeo/County,South East,http://data.ordnancesurvey.co.uk/id/7000000000041421,England,http://data.ordnancesurvey.co.uk/id/country/england,,,
osgb4000000074678097,http://data.ordnancesurvey.co.uk/id/4000000074678097,Argrove Wood,,,,landcover,Woodland Or Forest,620582,138813,2000,400000,620339,138563,620839,139063,CT18,http://data.ordnancesurvey.co.uk/id/postcodedistrict/CT18,,,,Folkestone and Hythe,http://data.ordnancesurvey.co.uk/id/7000000000018085,http://data.ordnancesurvey.co.uk/ontology/admingeo/District,Kent,http://data.ordnancesurvey.co.uk/id/7000000000018210,http://data.ordnancesurvey.co.uk/ontology/admingeo/County,South East,http://data.ordnancesurvey.co.uk/id/7000000000041421,England,http://data.ordnancesurvey.co.uk/id/country/england,,,
osgb4000000032995457,http://data.ordnancesurvey.co.uk/id/4000000032995457,Downs Road,,,,transportNetwork,Named Road,622500,137265,4000,20000,622270,137014,622852,137634,CT19,http://data.ordnancesurvey.co.uk/id/postcodedistrict/CT19,Folkestone,http://data.ordnancesurvey.co.uk/id/4000000074566736,http://www.ordnancesurvey.co.uk/xml/codelists/localtype.xml#town,Folkestone and Hythe,http://data.ordnancesurvey.co.uk/id/7000000000018085,http://data.ordnancesurvey.co.uk/ontology/admingeo/District,Kent,http://data.ordnancesurvey.co.uk/id/7000000000018210,http://data.ordnancesurvey.co.uk/ontology/admingeo/County,South East,http://data.ordnancesurvey.co.uk/id/7000000000041421,England,http://data.ordnancesurvey.co.uk/id/country/england,,,
osgb4000000033001191,http://data.ordnancesurvey.co.uk/id/4000000033001191,Arthur Street,,,,transportNetwork,Named Road,623146,136957,1000,20000,623102,136957,623146,136978,CT19,http://data.ordnancesurvey.co.uk/id/postcodedistrict/CT19,Folkestone,http://data.ordnancesurvey.co.uk/id/4000000074566736,http://www.ordnancesurvey.co.uk/xml/codelists/localtype.xml#town,Folkestone and Hythe,http://data.ordnancesurvey.co.uk/id/7000000000018085,http://data.ordnancesurvey.co.uk/ontology/admingeo/District,Kent,http://data.ordnancesurvey.co.uk/id/7000000000018210,http://data.ordnancesurvey.co.uk/ontology/admingeo/County,South East,http://data.ordnancesurvey.co.uk/id/7000000000041421,England,http://data.ordnancesurvey.co.uk/id/country/england,,,
osgb5000005102035849,http://data.ordnancesurvey.co.uk/id/5000005102035849,Broomfield Crescent,,,,transportNetwork,Named Road,620175,136622,1000,20000,620167,136610,620207,136648,CT19,http://data.ordnancesurvey.co.uk/id/postcodedistrict/CT19,Folkestone,http://data.ordnancesurvey.co.uk/id/4000000074566736,http://www.ordnancesurvey.co.uk/xml/codelists/localtype.xml#town,Folkestone and Hythe,http://data.ordnancesurvey.co.uk/id/7000000000018085,http://data.ordnancesurvey.co.uk/ontology/admingeo/District,Kent,http://data.ordnancesurvey.co.uk/id/7000000000018210,http://data.ordnancesurvey.co.uk/ontology/admingeo/County,South East,http://data.ordnancesurvey.co.uk/id/7000000000041421,England,http://data.ordnancesurvey.co.uk/id/country/england,,,
osgb4000000033032064,http://data.ordnancesurvey.co.uk/id/4000000033032064,Shakespeare Terrace,,,,transportNetwork,Named Road,622477,135671,1000,20000,622457,135602,622505,135716,CT20,http://data.ordnancesurvey.co.uk/id/postcodedistrict/CT20,Folkestone,http://data.ordnancesurvey.co.uk/id/4000000074566736,http://www.ordnancesurvey.co.uk/xml/codelists/localtype.xml#town,Folkestone and Hythe,http://data.ordnancesurvey.co.uk/id/7000000000018085,http://data.ordnancesurvey.co.uk/ontology/admingeo/District,Kent,http://data.ordnancesurvey.co.uk/id/7000000000018210,http://data.ordnancesurvey.co.uk/ontology/admingeo/County,South East,http://data.ordnancesurvey.co.uk/id/7000000000041421,England,http://data.ordnancesurvey.co.uk/id/country/england,,,
osgb4000000033053935,http://data.ordnancesurvey.co.uk/id/4000000033053935,Bishops Close,,,,transportNetwork,Named Road,621010,139100,1000,20000,621001,139084,621027,139126,CT18,http://data.ordnancesurvey.co.uk/id/postcodedistrict/CT18,Hawkinge,http://data.ordnancesurvey.co.uk/id/4000000074566747,http://www.ordnancesurvey.co.uk/xml/codelists/localtype.xml#village,Folkestone and Hythe,http://data.ordnancesurvey.co.uk/id/7000000000018085,http://data.ordnancesurvey.co.uk/ontology/admingeo/District,Kent,http://data.ordnancesurvey.co.uk/id/7000000000018210,http://data.ordnancesurvey.co.uk/ontology/admingeo/County,South East,http://data.ordnancesurvey.co.uk/id/7000000000041421,England,http://data.ordnancesurvey.co.uk/id/country/england,,,
osgb4000000032997603,http://data.ordnancesurvey.co.uk/id/4000000032997603,Dunnett Road,,,,transportNetwork,Named Road,620374,136603,1000,20000,620289,136593,620443,136616,CT19,http://data.ordnancesurvey.co.uk/id/postcodedistrict/CT19,Folkestone,http://data.ordnancesurvey.co.uk/id/4000000074566736,http://www.ordnancesurvey.co.uk/xml/codelists/localtype.xml#town,Folkestone and Hythe,http://data.ordnancesurvey.co.uk/id/7000000000018085,http://data.ordnancesurvey.co.uk/ontology/admingeo/District,Kent,http://data.ordnancesurvey.co.uk/id/7000000000018210,http://data.ordnancesurvey.co.uk/ontology/admingeo/County,South East,http://data.ordnancesurvey.co.uk/id/7000000000041421,England,http://data.ordnancesurvey.co.uk/id/country/england,,,
osgb4000000032997609,http://data.ordnancesurvey.co.uk/id/4000000032997609,Marten Road,,,,transportNetwork,Named Road,621519,136146,1000,20000,621511,136077,621537,136256,CT20,http://data.ordnancesurvey.co.uk/id/postcodedistrict/CT20,Folkestone,http://data.ordnancesurvey.co.uk/id/4000000074566736,http://www.ordnancesurvey.co.uk/xml/codelists/localtype.xml#town,Folkestone and Hythe,http://data.ordnancesurvey.co.uk/id/7000000000018085,http://data.ordnancesurvey.co.uk/ontology/admingeo/District,Kent,http://data.ordnancesurvey.co.uk/id/7000000000018210,http://data.ordnancesurvey.co.uk/ontology/admingeo/County,South East,http://data.ordnancesurvey.co.uk/id/7000000000041421,England,http://data.ordnancesurvey.co.uk/id/country/england,,,
osgb4000000033055850,http://data.ordnancesurvey.co.uk/id/4000000033055850,Granville Place,,,,transportNetwork,Named Road,620599,135192,1000,20000,620598,135182,620599,135203,CT20,http://data.ordnancesurvey.co.uk/id/postcodedistrict/CT20,Folkestone,http://data.ordnancesurvey.co.uk/id/4000000074566736,http://www.ordnancesurvey.co.uk/xml/codelists/localtype.xml#town,Folkestone and Hythe,http://data.ordnancesurvey.co.uk/id/7000000000018085,http://data.ordnancesurvey.co.uk/ontology/admingeo/District,Kent,http://data.ordnancesurvey.co.uk/id/7000000000018210,http://data.ordnancesurvey.co.uk/ontology/admingeo/County,South East,http://data.ordnancesurvey.co.uk/id/7000000000041421,England,http://data.ordnancesurvey.co.uk/id/country/england,,,
osgb4000000074747172,http://data.ordnancesurvey.co.uk/id/4000000074747172,Radnor Cliff,,,,landform,Cliff Or Slope,621443,135293,4000,40000,620987,135043,621631,135543,CT20,http://data.ordnancesurvey.co.uk/id/postcodedistrict/CT20,,,,Folkestone and Hythe,http://data.ordnancesurvey.co.uk/id/7000000000018085,http://data.ordnancesurvey.co.uk/ontology/admingeo/District,Kent,http://data.ordnancesurvey.co.uk/id/7000000000018210,http://data.ordnancesurvey.co.uk/ontology/admingeo/County,South East,http://data.ordnancesurvey.co.uk/id/7000000000041421,England,http://data.ordnancesurvey.co.uk/id/country/england,,,
osgb4000000074618704,http://data.ordnancesurvey.co.uk/id/4000000074618704,Dover Hill,,,,landform,Hill Or Mountain,623807,137794,1000,300000,623557,137544,624057,138044,CT18,http://data.ordnancesurvey.co.uk/id/postcodedistrict/CT18,,,,Folkestone and Hythe,http://data.ordnancesurvey.co.uk/id/7000000000018085,http://data.ordnancesurvey.co.uk/ontology/admingeo/District,Kent,http://data.ordnancesurvey.co.uk/id/7000000000018210,http://data.ordnancesurvey.co.uk/ontology/admingeo/County,South East,http://data.ordnancesurvey.co.uk/id/7000000000041421,England,http://data.ordnancesurvey.co.uk/id/country/england,,,
osgb4000000074729426,http://data.ordnancesurvey.co.uk/id/4000000074729426,Round Down,,,,landcover,Other Landcover,629662,139543,2000,1300000,629409,139294,629909,139794,CT17,http://data.ordnancesurvey.co.uk/id/postcodedistrict/CT17,,,,Dover,http://data.ordnancesurvey.co.uk/id/7000000000017977,http://data.ordnancesurvey.co.uk/ontology/admingeo/District,Kent,http://data.ordnancesurvey.co.uk/id/7000000000018210,http://data.ordnancesurvey.co.uk/ontology/admingeo/County,South East,http://data.ordnancesurvey.co.uk/id/7000000000041421,England,http://data.ordnancesurvey.co.uk/id/country/england,,,
osgb4000000074821717,http://data.ordnancesurvey.co.uk/id/4000000074821717,Folkestone Beach,,,,landcover,Beach,623617,136147,2000,100000,623450,135897,623950,136397,CT19,http://data.ordnancesurvey.co.uk/id/postcodedistrict/CT19,,,,Folkestone and Hythe,http://data.ordnancesurvey.co.uk/id/7000000000018085,http://data.ordnancesurvey.co.uk/ontology/admingeo/District,Kent,http://data.ordnancesurvey.co.uk/id/7000000000018210,http://data.ordnancesurvey.co.uk/ontology/admingeo/County,South East,http://data.ordnancesurvey.co.uk/id/7000000000041421,England,http://data.ordnancesurvey.co.uk/id/country/england,,,
osgb4000000074631487,http://data.ordnancesurvey.co.uk/id/4000000074631487,Chalk Pit Wood,,,,landcover,Woodland Or Forest,626936,139803,2000,400000,626737,139554,627237,140054,CT15,http://data.ordnancesurvey.co.uk/id/postcodedistrict/CT15,,,,Dover,http://data.ordnancesurvey.co.uk/id/7000000000017977,http://data.ordnancesurvey.co.uk/ontology/admingeo/District,Kent,http://data.ordnancesurvey.co.uk/id/7000000000018210,http://data.ordnancesurvey.co.uk/ontology/admingeo/County,South East,http://data.ordnancesurvey.co.uk/id/7000000000041421,England,http://data.ordnancesurvey.co.uk/id/country/england,,,
osgb4000000074769334,http://data.ordnancesurvey.co.uk/id/4000000074769334,Swinge Hill,,,,landform,Hill Or Mountain,624754,139345,1000,300000,624504,139095,625004,139595,CT18,http://data.ordnancesurvey.co.uk/id/postcodedistrict/CT18,,,,Dover,http://data.ordnancesurvey.co.uk/id/7000000000017977,http://data.ordnancesurvey.co.uk/ontology/admingeo/District,Kent,http://data.ordnancesurvey.co.uk/id/7000000000018210,http://data.ordnancesurvey.co.uk/ontology/admingeo/County,South East,http://data.ordnancesurvey.co.uk/id/7000000000041421,England,http://data.ordnancesurvey.co.uk/id/country/england,,,
osgb4000000032995449,http://data.ordnancesurvey.co.uk/id/4000000032995449,Surrenden Road,,,,transportNetwork,Named Road,620695,137000,4000,20000,620602,136682,620783,137252,CT19,http://data.ordnancesurvey.co.uk/id/postcodedistrict/CT19,Folkestone,http://data.ordnancesurvey.co.uk/id/4000000074566736,http://www.ordnancesurvey.co.uk/xml/codelists/localtype.xml#town,Folkestone and Hythe,http://data.ordnancesurvey.co.uk/id/7000000000018085,http://data.ordnancesurvey.co.uk/ontology/admingeo/District,Kent,http://data.ordnancesurvey.co.uk/id/7000000000018210,http://data.ordnancesurvey.co.uk/ontology/admingeo/County,South East,http://data.ordnancesurvey.co.uk/id/7000000000041421,England,http://data.ordnancesurvey.co.uk/id/country/england,,,
osgb4000000074769369,http://data.ordnancesurvey.co.uk/id/4000000074769369,Sugarloaf Hill,,,,landform,Hill Or Mountain,622333,137968,1000,300000,622083,137718,622583,138218,CT19,http://data.ordnancesurvey.co.uk/id/postcodedistrict/CT19,,,,Folkestone and Hythe,http://data.ordnancesurvey.co.uk/id/7000000000018085,http://data.ordnancesurvey.co.uk/ontology/admingeo/District,Kent,http://data.ordnancesurvey.co.uk/id/7000000000018210,http://data.ordnancesurvey.co.uk/ontology/admingeo/County,South East,http://data.ordnancesurvey.co.uk/id/7000000000041421,England,http://data.ordnancesurvey.co.uk/id/country/england,,,
osgb5000005179110701,http://data.ordnancesurvey.co.uk/id/5000005179110701,Granville Parade West,,,,transportNetwork,Named Road,620426,135166,1000,20000,620415,135140,620432,135190,CT20,http://data.ordnancesurvey.co.uk/id/postcodedistrict/CT20,Folkestone,http://data.ordnancesurvey.co.uk/id/4000000074566736,http://www.ordnancesurvey.co.uk/xml/codelists/localtype.xml#town,Folkestone and Hythe,http://data.ordnancesurvey.co.uk/id/7000000000018085,http://data.ordnancesurvey.co.uk/ontology/admingeo/District,Kent,http://data.ordnancesurvey.co.uk/id/7000000000018210,http://data.ordnancesurvey.co.uk/ontology/admingeo/County,South East,http://data.ordnancesurvey.co.uk/id/7000000000041421,England,http://data.ordnancesurvey.co.uk/id/country/england,,,
osgb4000000074747170,http://data.ordnancesurvey.co.uk/id/4000000074747170,Baker's Gap,,,,landform,Other Coastal Landform,623850,136384,1000,20000,623602,136134,624102,136634,CT19,http://data.ordnancesurvey.co.uk/id/postcodedistrict/CT19,,,,Folkestone and Hythe,http://data.ordnancesurvey.co.uk/id/7000000000018085,http://data.ordnancesurvey.co.uk/ontology/admingeo/District,Kent,http://data.ordnancesurvey.co.uk/id/7000000000018210,http://data.ordnancesurvey.co.uk/ontology/admingeo/County,South East,http://data.ordnancesurvey.co.uk/id/7000000000041421,England,http://data.ordnancesurvey.co.uk/id/country/england,,,
osgb4000000032999688,http://data.ordnancesurvey.co.uk/id/4000000032999688,Bowles Wells Gardens,,,,transportNetwork,Named Road,623500,137098,1000,20000,623455,137093,623513,137115,CT19,http://data.ordnancesurvey.co.uk/id/postcodedistrict/CT19,Folkestone,http://data.ordnancesurvey.co.uk/id/4000000074566736,http://www.ordnancesurvey.co.uk/xml/codelists/localtype.xml#town,Folkestone and Hythe,http://data.ordnancesurvey.co.uk/id/7000000000018085,http://data.ordnancesurvey.co.uk/ontology/admingeo/District,Kent,http://data.ordnancesurvey.co.uk/id/7000000000018210,http://data.ordnancesurvey.co.uk/ontology/admingeo/County,South East,http://data.ordnancesurvey.co.uk/id/7000000000041421,England,http://data.ordnancesurvey.co.uk/id/country/england,,,
osgb4000000032997676,http://data.ordnancesurvey.co.uk/id/4000000032997676,Ryland Place,,,,transportNetwork,Named Road,623278,136410,1000,20000,623215,136392,623354,136425,CT20,http://data.ordnancesurvey.co.uk/id/postcodedistrict/CT20,Folkestone,http://data.ordnancesurvey.co.uk/id/4000000074566736,http://www.ordnancesurvey.co.uk/xml/codelists/localtype.xml#town,Folkestone and Hythe,http://data.ordnancesurvey.co.uk/id/7000000000018085,http://data.ordnancesurvey.co.uk/ontology/admingeo/District,Kent,http://data.ordnancesurvey.co.uk/id/7000000000018210,http://data.ordnancesurvey.co.uk/ontology/admingeo/County,South East,http://data.ordnancesurvey.co.uk/id/7000000000041421,England,http://data.ordnancesurvey.co.uk/id/country/england,,,
osgb4000000033005949,http://data.ordnancesurvey.co.uk/id/4000000033005949,Fish Market,,,,transportNetwork,Named Road,623306,136042,1000,20000,623274,136031,623341,136067,CT19,http://data.ordnancesurvey.co.uk/id/postcodedistrict/CT19,Folkestone,http://data.ordnancesurvey.co.uk/id/4000000074566736,http://www.ordnancesurvey.co.uk/xml/codelists/localtype.xml#town,Folkestone and Hythe,http://data.ordnancesurvey.co.uk/id/7000000000018085,http://data.ordnancesurvey.co.uk/ontology/admingeo/District,Kent,http://data.ordnancesurvey.co.uk/id/7000000000018210,http://data.ordnancesurvey.co.uk/ontology/admingeo/County,South East,http://data.ordnancesurvey.co.uk/id/7000000000041421,England,http://data.ordnancesurvey.co.uk/id/country/england,,,
osgb4000000032999615,http://data.ordnancesurvey.co.uk/id/4000000032999615,The Parade,,,,transportNetwork,Named Road,623094,136010,1000,20000,623058,135993,623155,136012,CT20,http://data.ordnancesurvey.co.uk/id/postcodedistrict/CT20,Folkestone,http://data.ordnancesurvey.co.uk/id/4000000074566736,http://www.ordnancesurvey.co.uk/xml/codelists/localtype.xml#town,Folkestone and Hythe,http://data.ordnancesurvey.co.uk/id/7000000000018085,http://data.ordnancesurvey.co.uk/ontology/admingeo/District,Kent,http://data.ordnancesurvey.co.uk/id/7000000000018210,http://data.ordnancesurvey.co.uk/ontology/admingeo/County,South East,http://data.ordnancesurvey.co.uk/id/7000000000041421,England,http://data.ordnancesurvey.co.uk/id/country/england,,,
osgb4000000032997652,http://data.ordnancesurvey.co.uk/id/4000000032997652,Radnor Park Road,,,,transportNetwork,Named Road,622324,136551,3000,20000,622168,136324,622600,136712,CT19,http://data.ordnancesurvey.co.uk/id/postcodedistrict/CT19,Folkestone,http://data.ordnancesurvey.co.uk/id/4000000074566736,http://www.ordnancesurvey.co.uk/xml/codelists/localtype.xml#town,Folkestone and Hythe,http://data.ordnancesurvey.co.uk/id/7000000000018085,http://data.ordnancesurvey.co.uk/ontology/admingeo/District,Kent,http://data.ordnancesurvey.co.uk/id/7000000000018210,http://data.ordnancesurvey.co.uk/ontology/admingeo/County,South East,http://data.ordnancesurvey.co.uk/id/7000000000041421,England,http://data.ordnancesurvey.co.uk/id/country/england,,,
osgb4000000068752620,http://data.ordnancesurvey.co.uk/id/4000000068752620,Opie Walk,,,,transportNetwork,Named Road,620841,139462,1000,20000,620806,139462,620841,139489,CT18,http://data.ordnancesurvey.co.uk/id/postcodedistrict/CT18,Hawkinge,http://data.ordnancesurvey.co.uk/id/4000000074566747,http://www.ordnancesurvey.co.uk/xml/codelists/localtype.xml#village,Folkestone and Hythe,http://data.ordnancesurvey.co.uk/id/7000000000018085,http://data.ordnancesurvey.co.uk/ontology/admingeo/District,Kent,http://data.ordnancesurvey.co.uk/id/7000000000018210,http://data.ordnancesurvey.co.uk/ontology/admingeo/County,South East,http://data.ordnancesurvey.co.uk/id/7000000000041421,England,http://data.ordnancesurvey.co.uk/id/country/england,,,
osgb4000000033001162,http://data.ordnancesurvey.co.uk/id/4000000033001162,Carter's Road,,,,transportNetwork,Named Road,620575,136467,1000,20000,620559,136404,620575,136467,CT20,http://data.ordnancesurvey.co.uk/id/postcodedistrict/CT20,Folkestone,http://data.ordnancesurvey.co.uk/id/4000000074566736,http://www.ordnancesurvey.co.uk/xml/codelists/localtype.xml#town,Folkestone and Hythe,http://data.ordnancesurvey.co.uk/id/7000000000018085,http://data.ordnancesurvey.co.uk/ontology/admingeo/District,Kent,http://data.ordnancesurvey.co.uk/id/7000000000018210,http://data.ordnancesurvey.co.uk/ontology/admingeo/County,South East,http://data.ordnancesurvey.co.uk/id/7000000000041421,England,http://data.ordnancesurvey.co.uk/id/country/england,,,
osgb4000000032999650,http://data.ordnancesurvey.co.uk/id/4000000032999650,The Tram Road,,,,transportNetwork,Named Road,623341,136365,4000,20000,623223,136034,623479,136718,CT20,http://data.ordnancesurvey.co.uk/id/postcodedistrict/CT20,Folkestone,http://data.ordnancesurvey.co.uk/id/4000000074566736,http://www.ordnancesurvey.co.uk/xml/codelists/localtype.xml#town,Folkestone and Hythe,http://data.ordnancesurvey.co.uk/id/7000000000018085,http://data.ordnancesurvey.co.uk/ontology/admingeo/District,Kent,http://data.ordnancesurvey.co.uk/id/7000000000018210,http://data.ordnancesurvey.co.uk/ontology/admingeo/County,South East,http://data.ordnancesurvey.co.uk/id/7000000000041421,England,http://data.ordnancesurvey.co.uk/id/country/england,,,
osgb4000000032996231,http://data.ordnancesurvey.co.uk/id/4000000032996231,Holywell Avenue,,,,transportNetwork,Named Road,622600,137741,2000,20000,622422,137708,622774,137786,CT19,http://data.ordnancesurvey.co.uk/id/postcodedistrict/CT19,Folkestone,http://data.ordnancesurvey.co.uk/id/4000000074566736,http://www.ordnancesurvey.co.uk/xml/codelists/localtype.xml#town,Folkestone and Hythe,http://data.ordnancesurvey.co.uk/id/7000000000018085,http://data.ordnancesurvey.co.uk/ontology/admingeo/District,Kent,http://data.ordnancesurvey.co.uk/id/7000000000018210,http://data.ordnancesurvey.co.uk/ontology/admingeo/County,South East,http://data.ordnancesurvey.co.uk/id/7000000000041421,England,http://data.ordnancesurvey.co.uk/id/country/england,,,
osgb5000005239221644,http://data.ordnancesurvey.co.uk/id/5000005239221644,Oak Rise,,,,transportNetwork,Named Road,621378,139193,1000,20000,621340,139158,621404,139236,CT18,http://data.ordnancesurvey.co.uk/id/postcodedistrict/CT18,Hawkinge,http://data.ordnancesurvey.co.uk/id/4000000074566747,http://www.ordnancesurvey.co.uk/xml/codelists/localtype.xml#village,Folkestone and Hythe,http://data.ordnancesurvey.co.uk/id/7000000000018085,http://data.ordnancesurvey.co.uk/ontology/admingeo/District,Kent,http://data.ordnancesurvey.co.uk/id/7000000000018210,http://data.ordnancesurvey.co.uk/ontology/admingeo/County,South East,http://data.ordnancesurvey.co.uk/id/7000000000041421,England,http://data.ordnancesurvey.co.uk/id/country/england,,,
osgb4000000033001201,http://data.ordnancesurvey.co.uk/id/4000000033001201,Shireway Close,,,,transportNetwork,Named Road,621359,137130,1000,20000,621346,137105,621379,137147,CT19,http://data.ordnancesurvey.co.uk/id/postcodedistrict/CT19,Folkestone,http://data.ordnancesurvey.co.uk/id/4000000074566736,http://www.ordnancesurvey.co.uk/xml/codelists/localtype.xml#town,Folkestone and Hythe,http://data.ordnancesurvey.co.uk/id/7000000000018085,http://data.ordnancesurvey.co.uk/ontology/admingeo/District,Kent,http://data.ordnancesurvey.co.uk/id/7000000000018210,http://data.ordnancesurvey.co.uk/ontology/admingeo/County,South East,http://data.ordnancesurvey.co.uk/id/7000000000041421,England,http://data.ordnancesurvey.co.uk/id/country/england,,,
osgb4000000032996171,http://data.ordnancesurvey.co.uk/id/4000000032996171,Narrabeen Road,,,,transportNetwork,Named Road,620442,136815,2000,20000,620306,136785,620555,136853,CT19,http://data.ordnancesurvey.co.uk/id/postcodedistrict/CT19,Folkestone,http://data.ordnancesurvey.co.uk/id/4000000074566736,http://www.ordnancesurvey.co.uk/xml/codelists/localtype.xml#town,Folkestone and Hythe,http://data.ordnancesurvey.co.uk/id/7000000000018085,http://data.ordnancesurvey.co.uk/ontology/admingeo/District,Kent,http://data.ordnancesurvey.co.uk/id/7000000000018210,http://data.ordnancesurvey.co.uk/ontology/admingeo/County,South East,http://data.ordnancesurvey.co.uk/id/7000000000041421,England,http://data.ordnancesurvey.co.uk/id/country/england,,,
osgb4000000074747041,http://data.ordnancesurvey.co.uk/id/4000000074747041,Eagle's Nest,,,,landform,Other Coastal Landform,625477,138434,1000,20000,625266,138185,625766,138685,CT18,http://data.ordnancesurvey.co.uk/id/postcodedistrict/CT18,,,,Folkestone and Hythe,http://data.ordnancesurvey.co.uk/id/7000000000018085,http://data.ordnancesurvey.co.uk/ontology/admingeo/District,Kent,http://data.ordnancesurvey.co.uk/id/7000000000018210,http://data.ordnancesurvey.co.uk/ontology/admingeo/County,South East,http://data.ordnancesurvey.co.uk/id/7000000000041421,England,http://data.ordnancesurvey.co.uk/id/country/england,,,
osgb4000000074769368,http://data.ordnancesurvey.co.uk/id/4000000074769368,Palmer's Hill,,,,landform,Hill Or Mountain,622427,138509,1000,300000,622177,138259,622677,138759,CT18,http://data.ordnancesurvey.co.uk/id/postcodedistrict/CT18,,,,Folkestone and Hythe,http://data.ordnancesurvey.co.uk/id/7000000000018085,http://data.ordnancesurvey.co.uk/ontology/admingeo/District,Kent,http://data.ordnancesurvey.co.uk/id/7000000000018210,http://data.ordnancesurvey.co.uk/ontology/admingeo/County,South East,http://data.ordnancesurvey.co.uk/id/7000000000041421,England,http://data.ordnancesurvey.co.uk/id/country/england,,,
osgb4000000074678094,http://data.ordnancesurvey.co.uk/id/4000000074678094,Lady Wood,,,,landcover,Woodland Or Forest,623705,139368,4000,400000,623456,138873,623956,139452,CT18,http://data.ordnancesurvey.co.uk/id/postcodedistrict/CT18,,,,Folkestone and Hythe,http://data.ordnancesurvey.co.uk/id/7000000000018085,http://data.ordnancesurvey.co.uk/ontology/admingeo/District,Kent,http://data.ordnancesurvey.co.uk/id/7000000000018210,http://data.ordnancesurvey.co.uk/ontology/admingeo/County,South East,http://data.ordnancesurvey.co.uk/id/7000000000041421,England,http://data.ordnancesurvey.co.uk/id/country/england,,,
osgb4000000074769370,http://data.ordnancesurvey.co.uk/id/4000000074769370,Wingate Hill,,,,landform,Hill Or Mountain,622544,138015,1000,300000,622294,137765,622794,138265,CT19,http://data.ordnancesurvey.co.uk/id/postcodedistrict/CT19,,,,Folkestone and Hythe,http://data.ordnancesurvey.co.uk/id/7000000000018085,http://data.ordnancesurvey.co.uk/ontology/admingeo/District,Kent,http://data.ordnancesurvey.co.uk/id/7000000000018210,http://data.ordnancesurvey.co.uk/ontology/admingeo/County,South East,http://data.ordnancesurvey.co.uk/id/7000000000041421,England,http://data.ordnancesurvey.co.uk/id/country/england,,,
osgb4000000074678440,http://data.ordnancesurvey.co.uk/id/4000000074678440,Dawkinge Wood,,,,landcover,Woodland Or Forest,626109,139277,2000,400000,625860,139027,626360,139527,CT18,http://data.ordnancesurvey.co.uk/id/postcodedistrict/CT18,,,,Dover,http://data.ordnancesurvey.co.uk/id/7000000000017977,http://data.ordnancesurvey.co.uk/ontology/admingeo/District,Kent,http://data.ordnancesurvey.co.uk/id/7000000000018210,http://data.ordnancesurvey.co.uk/ontology/admingeo/County,South East,http://data.ordnancesurvey.co.uk/id/7000000000041421,England,http://data.ordnancesurvey.co.uk/id/country/england,,,
osgb4000000074631493,http://data.ordnancesurvey.co.uk/id/4000000074631493,Church Wood,,,,landcover,Woodland Or Forest,628067,139324,1000,400000,627817,139083,628317,139583,CT15,http://data.ordnancesurvey.co.uk/id/postcodedistrict/CT15,,,,Dover,http://data.ordnancesurvey.co.uk/id/7000000000017977,http://data.ordnancesurvey.co.uk/ontology/admingeo/District,Kent,http://data.ordnancesurvey.co.uk/id/7000000000018210,http://data.ordnancesurvey.co.uk/ontology/admingeo/County,South East,http://data.ordnancesurvey.co.uk/id/7000000000041421,England,http://data.ordnancesurvey.co.uk/id/country/england,,,
osgb4000000074815208,http://data.ordnancesurvey.co.uk/id/4000000074815208,Long Hill,,,,landform,Hill Or Mountain,629720,139962,1000,300000,629470,139712,629970,140212,CT17,http://data.ordnancesurvey.co.uk/id/postcodedistrict/CT17,,,,Dover,http://data.ordnancesurvey.co.uk/id/7000000000017977,http://data.ordnancesurvey.co.uk/ontology/admingeo/District,Kent,http://data.ordnancesurvey.co.uk/id/7000000000018210,http://data.ordnancesurvey.co.uk/ontology/admingeo/County,South East,http://data.ordnancesurvey.co.uk/id/7000000000041421,England,http://data.ordnancesurvey.co.uk/id/country/england,,,
osgb4000000074797956,http://data.ordnancesurvey.co.uk/id/4000000074797956,East Wear Bay,,,,hydrography,Bay,625692,137434,23000,150000,624227,136296,627788,138572,CT18,http://data.ordnancesurvey.co.uk/id/postcodedistrict/CT18,,,,,,,Kent,http://data.ordnancesurvey.co.uk/id/7000000000018210,http://data.ordnancesurvey.co.uk/ontology/admingeo/County,South East,http://data.ordnancesurvey.co.uk/id/7000000000041421,England,http://data.ordnancesurvey.co.uk/id/country/england,,,
osgb4000000074814858,http://data.ordnancesurvey.co.uk/id/4000000074814858,Holy Well Pond,,,,hydrography,Inland Water,622281,138171,1000,500000,622033,137921,622533,138421,CT18,http://data.ordnancesurvey.co.uk/id/postcodedistrict/CT18,,,,Folkestone and Hythe,http://data.ordnancesurvey.co.uk/id/7000000000018085,http://data.ordnancesurvey.co.uk/ontology/admingeo/District,Kent,http://data.ordnancesurvey.co.uk/id/7000000000018210,http://data.ordnancesurvey.co.uk/ontology/admingeo/County,South East,http://data.ordnancesurvey.co.uk/id/7000000000041421,England,http://data.ordnancesurvey.co.uk/id/country/england,,,
osgb4000000074818165,http://data.ordnancesurvey.co.uk/id/4000000074818165,Lydden Spout,,,,landcover,Beach,628034,138599,4000,100000,627848,138349,628476,138849,CT15,http://data.ordnancesurvey.co.uk/id/postcodedistrict/CT15,,,,Dover,http://data.ordnancesurvey.co.uk/id/7000000000017977,http://data.ordnancesurvey.co.uk/ontology/admingeo/District,Kent,http://data.ordnancesurvey.co.uk/id/7000000000018210,http://data.ordnancesurvey.co.uk/ontology/admingeo/County,South East,http://data.ordnancesurvey.co.uk/id/7000000000041421,England,http://data.ordnancesurvey.co.uk/id/country/england,,,
osgb4000000074747040,http://data.ordnancesurvey.co.uk/id/4000000074747040,Abbot's Cliff,,,,landform,Cliff Or Slope,628005,138714,9000,40000,627140,138464,628501,138964,CT15,http://data.ordnancesurvey.co.uk/id/postcodedistrict/CT15,,,,Dover,http://data.ordnancesurvey.co.uk/id/7000000000017977,http://data.ordnancesurvey.co.uk/ontology/admingeo/District,Kent,http://data.ordnancesurvey.co.uk/id/7000000000018210,http://data.ordnancesurvey.co.uk/ontology/admingeo/County,South East,http://data.ordnancesurvey.co.uk/id/7000000000041421,England,http://data.ordnancesurvey.co.uk/id/country/england,,,
osgb4000000074797020,http://data.ordnancesurvey.co.uk/id/4000000074797020,The Bateman Reservoir,,,,hydrography,Inland Water,621070,138097,1000,500000,620819,137847,621319,138347,CT19,http://data.ordnancesurvey.co.uk/id/postcodedistrict/CT19,,,,Folkestone and Hythe,http://data.ordnancesurvey.co.uk/id/7000000000018085,http://data.ordnancesurvey.co.uk/ontology/admingeo/District,Kent,http://data.ordnancesurvey.co.uk/id/7000000000018210,http://data.ordnancesurvey.co.uk/ontology/admingeo/County,South East,http://data.ordnancesurvey.co.uk/id/7000000000041421,England,http://data.ordnancesurvey.co.uk/id/country/england,,,
osgb4000000074747097,http://data.ordnancesurvey.co.uk/id/4000000074747097,Mill Point,,,,landform,Other Coastal Landform,622061,135136,1000,50000,621789,134886,622289,135386,CT20,http://data.ordnancesurvey.co.uk/id/postcodedistrict/CT20,,,,Folkestone and Hythe,http://data.ordnancesurvey.co.uk/id/7000000000018085,http://data.ordnancesurvey.co.uk/ontology/admingeo/District,Kent,http://data.ordnancesurvey.co.uk/id/7000000000018210,http://data.ordnancesurvey.co.uk/ontology/admingeo/County,South East,http://data.ordnancesurvey.co.uk/id/7000000000041421,England,http://data.ordnancesurvey.co.uk/id/country/england,,,
osgb4000000074820268,http://data.ordnancesurvey.co.uk/id/4000000074820268,Fishing Pond,,,,hydrography,Inland Water,622125,136601,1000,500000,621874,136351,622374,136851,CT19,http://data.ordnancesurvey.co.uk/id/postcodedistrict/CT19,,,,Folkestone and Hythe,http://data.ordnancesurvey.co.uk/id/7000000000018085,http://data.ordnancesurvey.co.uk/ontology/admingeo/District,Kent,http://data.ordnancesurvey.co.uk/id/7000000000018210,http://data.ordnancesurvey.co.uk/ontology/admingeo/County,South East,http://data.ordnancesurvey.co.uk/id/7000000000041421,England,http://data.ordnancesurvey.co.uk/id/country/england,,,
osgb4000000074678098,http://data.ordnancesurvey.co.uk/id/4000000074678098,Killing Wood,,,,landcover,Woodland Or Forest,621899,139310,2000,400000,621596,139060,622096,139560,CT18,http://data.ordnancesurvey.co.uk/id/postcodedistrict/CT18,,,,Folkestone and Hythe,http://data.ordnancesurvey.co.uk/id/7000000000018085,http://data.ordnancesurvey.co.uk/ontology/admingeo/District,Kent,http://data.ordnancesurvey.co.uk/id/7000000000018210,http://data.ordnancesurvey.co.uk/ontology/admingeo/County,South East,http://data.ordnancesurvey.co.uk/id/7000000000041421,England,http://data.ordnancesurvey.co.uk/id/country/england,,,
osgb4000000074746914,http://data.ordnancesurvey.co.uk/id/4000000074746914,Shakespeare Cliff,,,,landform,Cliff Or Slope,630579,139686,4000,40000,630139,139436,630773,139936,CT17,http://data.ordnancesurvey.co.uk/id/postcodedistrict/CT17,,,,Dover,http://data.ordnancesurvey.co.uk/id/7000000000017977,http://data.ordnancesurvey.co.uk/ontology/admingeo/District,Kent,http://data.ordnancesurvey.co.uk/id/7000000000018210,http://data.ordnancesurvey.co.uk/ontology/admingeo/County,South East,http://data.ordnancesurvey.co.uk/id/7000000000041421,England,http://data.ordnancesurvey.co.uk/id/country/england,,,
osgb4000000073330259,http://data.ordnancesurvey.co.uk/id/4000000073330259,Aycliffe Community Primary School,,,,other,Primary Education,630202,139948,2000,50000,629952,139635,630452,140135,CT17,http://data.ordnancesurvey.co.uk/id/postcodedistrict/CT17,Dover,http://data.ordnancesurvey.co.uk/id/4000000074568379,http://www.ordnancesurvey.co.uk/xml/codelists/localtype.xml#town,Dover,http://data.ordnancesurvey.co.uk/id/7000000000017977,http://data.ordnancesurvey.co.uk/ontology/admingeo/District,Kent,http://data.ordnancesurvey.co.uk/id/7000000000018210,http://data.ordnancesurvey.co.uk/ontology/admingeo/County,South East,http://data.ordnancesurvey.co.uk/id/7000000000041421,England,http://data.ordnancesurvey.co.uk/id/country/england,,,
osgb4000000074796986,http://data.ordnancesurvey.co.uk/id/4000000074796986,The Spurgen Reservoir,,,,hydrography,Inland Water,621137,138005,1000,500000,620887,137756,621387,138256,CT19,http://data.ordnancesurvey.co.uk/id/postcodedistrict/CT19,,,,Folkestone and Hythe,http://data.ordnancesurvey.co.uk/id/7000000000018085,http://data.ordnancesurvey.co.uk/ontology/admingeo/District,Kent,http://data.ordnancesurvey.co.uk/id/7000000000018210,http://data.ordnancesurvey.co.uk/ontology/admingeo/County,South East,http://data.ordnancesurvey.co.uk/id/7000000000041421,England,http://data.ordnancesurvey.co.uk/id/country/england,,,
osgb4000000074729364,http://data.ordnancesurvey.co.uk/id/4000000074729364,Creteway Down,,,,landcover,Other Landcover,623112,138006,12000,800000,622259,137604,624067,138409,CT19,http://data.ordnancesurvey.co.uk/id/postcodedistrict/CT19,,,,Folkestone and Hythe,http://data.ordnancesurvey.co.uk/id/7000000000018085,http://data.ordnancesurvey.co.uk/ontology/admingeo/District,Kent,http://data.ordnancesurvey.co.uk/id/7000000000018210,http://data.ordnancesurvey.co.uk/ontology/admingeo/County,South East,http://data.ordnancesurvey.co.uk/id/7000000000041421,England,http://data.ordnancesurvey.co.uk/id/country/england,,,
osgb4000000074769299,http://data.ordnancesurvey.co.uk/id/4000000074769299,Round Hill,,,,landform,Hill Or Mountain,621885,138267,1000,300000,621635,138017,622135,138517,CT18,http://data.ordnancesurvey.co.uk/id/postcodedistrict/CT18,,,,Folkestone and Hythe,http://data.ordnancesurvey.co.uk/id/7000000000018085,http://data.ordnancesurvey.co.uk/ontology/admingeo/District,Kent,http://data.ordnancesurvey.co.uk/id/7000000000018210,http://data.ordnancesurvey.co.uk/ontology/admingeo/County,South East,http://data.ordnancesurvey.co.uk/id/7000000000041421,England,http://data.ordnancesurvey.co.uk/id/country/england,,,
osgb4000000074747173,http://data.ordnancesurvey.co.uk/id/4000000074747173,Copt Point,,,,landform,Other Coastal Landform,624274,136385,3000,50000,624163,136135,624663,136635,CT19,http://data.ordnancesurvey.co.uk/id/postcodedistrict/CT19,,,,Folkestone and Hythe,http://data.ordnancesurvey.co.uk/id/7000000000018085,http://data.ordnancesurvey.co.uk/ontology/admingeo/District,Kent,http://data.ordnancesurvey.co.uk/id/7000000000018210,http://data.ordnancesurvey.co.uk/ontology/admingeo/County,South East,http://data.ordnancesurvey.co.uk/id/7000000000041421,England,http://data.ordnancesurvey.co.uk/id/country/england,,,
osgb4000000074748332,http://data.ordnancesurvey.co.uk/id/4000000074748332,Samphire Hoe,,,,landform,Coastal Headland,629246,139035,9000,750000,628424,138667,629840,139402,CT17,http://data.ordnancesurvey.co.uk/id/postcodedistrict/CT17,,,,Dover,http://data.ordnancesurvey.co.uk/id/7000000000017977,http://data.ordnancesurvey.co.uk/ontology/admingeo/District,Kent,http://data.ordnancesurvey.co.uk/id/7000000000018210,http://data.ordnancesurvey.co.uk/ontology/admingeo/County,South East,http://data.ordnancesurvey.co.uk/id/7000000000041421,England,http://data.ordnancesurvey.co.uk/id/country/england,,,
osgb4000000074769300,http://data.ordnancesurvey.co.uk/id/4000000074769300,Cherry Garden Hill,,,,landform,Hill Or Mountain,620824,138019,1000,300000,620574,137769,621074,138269,CT19,http://data.ordnancesurvey.co.uk/id/postcodedistrict/CT19,,,,Folkestone and Hythe,http://data.ordnancesurvey.co.uk/id/7000000000018085,http://data.ordnancesurvey.co.uk/ontology/admingeo/District,Kent,http://data.ordnancesurvey.co.uk/id/7000000000018210,http://data.ordnancesurvey.co.uk/ontology/admingeo/County,South East,http://data.ordnancesurvey.co.uk/id/7000000000041421,England,http://data.ordnancesurvey.co.uk/id/country/england,,,
osgb4000000074802134,http://data.ordnancesurvey.co.uk/id/4000000074802134,Bayle Pond,,,,hydrography,Inland Water,623061,135961,1000,500000,622812,135712,623312,136212,CT20,http://data.ordnancesurvey.co.uk/id/postcodedistrict/CT20,,,,Folkestone and Hythe,http://data.ordnancesurvey.co.uk/id/7000000000018085,http://data.ordnancesurvey.co.uk/ontology/admingeo/District,Kent,http://data.ordnancesurvey.co.uk/id/7000000000018210,http://data.ordnancesurvey.co.uk/ontology/admingeo/County,South East,http://data.ordnancesurvey.co.uk/id/7000000000041421,England,http://data.ordnancesurvey.co.uk/id/country/england,,,
osgb4000000074769301,http://data.ordnancesurvey.co.uk/id/4000000074769301,Castle Hill,,,,landform,Hill Or Mountain,621374,137930,1000,300000,621124,137680,621624,138180,CT19,http://data.ordnancesurvey.co.uk/id/postcodedistrict/CT19,,,,Folkestone and Hythe,http://data.ordnancesurvey.co.uk/id/7000000000018085,http://data.ordnancesurvey.co.uk/ontology/admingeo/District,Kent,http://data.ordnancesurvey.co.uk/id/7000000000018210,http://data.ordnancesurvey.co.uk/ontology/admingeo/County,South East,http://data.ordnancesurvey.co.uk/id/7000000000041421,England,http://data.ordnancesurvey.co.uk/id/country/england,,,
osgb4000000074797019,http://data.ordnancesurvey.co.uk/id/4000000074797019,The Hart Reservoir,,,,hydrography,Inland Water,621073,138003,1000,500000,620824,137754,621324,138254,CT19,http://data.ordnancesurvey.co.uk/id/postcodedistrict/CT19,,,,Folkestone and Hythe,http://data.ordnancesurvey.co.uk/id/7000000000018085,http://data.ordnancesurvey.co.uk/ontology/admingeo/District,Kent,http://data.ordnancesurvey.co.uk/id/7000000000018210,http://data.ordnancesurvey.co.uk/ontology/admingeo/County,South East,http://data.ordnancesurvey.co.uk/id/7000000000041421,England,http://data.ordnancesurvey.co.uk/id/country/england,,,
osgb4000000074678438,http://data.ordnancesurvey.co.uk/id/4000000074678438,The Warren,,,,landcover,Woodland Or Forest,624988,137973,8000,400000,624350,137572,625609,138374,CT18,http://data.ordnancesurvey.co.uk/id/postcodedistrict/CT18,,,,Folkestone and Hythe,http://data.ordnancesurvey.co.uk/id/7000000000018085,http://data.ordnancesurvey.co.uk/ontology/admingeo/District,Kent,http://data.ordnancesurvey.co.uk/id/7000000000018210,http://data.ordnancesurvey.co.uk/ontology/admingeo/County,South East,http://data.ordnancesurvey.co.uk/id/7000000000041421,England,http://data.ordnancesurvey.co.uk/id/country/england,,,
osgb4000000074748333,http://data.ordnancesurvey.co.uk/id/4000000074748333,West Cliff,,,,landform,Cliff Or Slope,622340,135463,7000,40000,621613,135213,622750,135713,CT20,http://data.ordnancesurvey.co.uk/id/postcodedistrict/CT20,,,,Folkestone and Hythe,http://data.ordnancesurvey.co.uk/id/7000000000018085,http://data.ordnancesurvey.co.uk/ontology/admingeo/District,Kent,http://data.ordnancesurvey.co.uk/id/7000000000018210,http://data.ordnancesurvey.co.uk/ontology/admingeo/County,South East,http://data.ordnancesurvey.co.uk/id/7000000000041421,England,http://data.ordnancesurvey.co.uk/id/country/england,,,
osgb4000000074678096,http://data.ordnancesurvey.co.uk/id/4000000074678096,Coombe Wood,,,,landcover,Woodland Or Forest,622265,139598,2000,400000,622036,139348,622536,139848,CT18,http://data.ordnancesurvey.co.uk/id/postcodedistrict/CT18,,,,Folkestone and Hythe,http://data.ordnancesurvey.co.uk/id/7000000000018085,http://data.ordnancesurvey.co.uk/ontology/admingeo/District,Kent,http://data.ordnancesurvey.co.uk/id/7000000000018210,http://data.ordnancesurvey.co.uk/ontology/admingeo/County,South East,http://data.ordnancesurvey.co.uk/id/7000000000041421,England,http://data.ordnancesurvey.co.uk/id/country/england,,,
osgb4000000073519331,http://data.ordnancesurvey.co.uk/id/4000000073519331,Folkestone Primary Academy,,,,other,Primary Education,622020,137284,3000,50000,621724,137034,622224,137534,CT19,http://data.ordnancesurvey.co.uk/id/postcodedistrict/CT19,Folkestone,http://data.ordnancesurvey.co.uk/id/4000000074566736,http://www.ordnancesurvey.co.uk/xml/codelists/localtype.xml#town,Folkestone and Hythe,http://data.ordnancesurvey.co.uk/id/7000000000018085,http://data.ordnancesurvey.co.uk/ontology/admingeo/District,Kent,http://data.ordnancesurvey.co.uk/id/7000000000018210,http://data.ordnancesurvey.co.uk/ontology/admingeo/County,South East,http://data.ordnancesurvey.co.uk/id/7000000000041421,England,http://data.ordnancesurvey.co.uk/id/country/england,,,
osgb4000000073332124,http://data.ordnancesurvey.co.uk/id/4000000073332124,East Kent College,,,,other,Further Education,621847,136175,1000,50000,621595,135925,622095,136425,CT20,http://data.ordnancesurvey.co.uk/id/postcodedistrict/CT20,Folkestone,http://data.ordnancesurvey.co.uk/id/4000000074566736,http://www.ordnancesurvey.co.uk/xml/codelists/localtype.xml#town,Folkestone and Hythe,http://data.ordnancesurvey.co.uk/id/7000000000018085,http://data.ordnancesurvey.co.uk/ontology/admingeo/District,Kent,http://data.ordnancesurvey.co.uk/id/7000000000018210,http://data.ordnancesurvey.co.uk/ontology/admingeo/County,South East,http://data.ordnancesurvey.co.uk/id/7000000000041421,England,http://data.ordnancesurvey.co.uk/id/country/england,,,
osgb4000000073332033,http://data.ordnancesurvey.co.uk/id/4000000073332033,Castle Hill Community Primary School,,,,other,Primary Education,623209,137053,1000,50000,623010,136803,623510,137303,CT19,http://data.ordnancesurvey.co.uk/id/postcodedistrict/CT19,Folkestone,http://data.ordnancesurvey.co.uk/id/4000000074566736,http://www.ordnancesurvey.co.uk/xml/codelists/localtype.xml#town,Folkestone and Hythe,http://data.ordnancesurvey.co.uk/id/7000000000018085,http://data.ordnancesurvey.co.uk/ontology/admingeo/District,Kent,http://data.ordnancesurvey.co.uk/id/7000000000018210,http://data.ordnancesurvey.co.uk/ontology/admingeo/County,South East,http://data.ordnancesurvey.co.uk/id/7000000000041421,England,http://data.ordnancesurvey.co.uk/id/country/england,,,
CT196AL,http://data.ordnancesurvey.co.uk/id/postcodeunit/CT196AL,CT19 6AL,,,,other,Postcode,623375,136167,3500,18000,,,,,,,Folkestone,http://data.ordnancesurvey.co.uk/id/4000000074566736,http://www.ordnancesurvey.co.uk/xml/codelists/localtype.xml#town,Folkestone and Hythe,http://data.ordnancesurvey.co.uk/id/7000000000018085,http://data.ordnancesurvey.co.uk/ontology/admingeo/District,Kent,http://data.ordnancesurvey.co.uk/id/7000000000018210,http://data.ordnancesurvey.co.uk/ontology/admingeo/County,South East,http://data.ordnancesurvey.co.uk/id/7000000000041421,England,http://data.ordnancesurvey.co.uk/id/country/england,,,
CT179HE,http://data.ordnancesurvey.co.uk/id/postcodeunit/CT179HE,CT17 9HE,,,,other,Postcode,630346,139913,3500,18000,,,,,,,Dover,http://data.ordnancesurvey.co.uk/id/4000000074568379,http://www.ordnancesurvey.co.uk/xml/codelists/localtype.xml#town,Dover,http://data.ordnancesurvey.co.uk/id/7000000000017977,http://data.ordnancesurvey.co.uk/ontology/admingeo/District,Kent,http://data.ordnancesurvey.co.uk/id/7000000000018210,http://data.ordnancesurvey.co.uk/ontology/admingeo/County,South East,http://data.ordnancesurvey.co.uk/id/7000000000041421,England,http://data.ordnancesurvey.co.uk/id/country/england,,,
CT203RA,http://data.ordnancesurvey.co.uk/id/postcodeunit/CT203RA,CT20 3RA,,,,other,Postcode,620956,135623,3500,18000,,,,,,,Folkestone,http://data.ordnancesurvey.co.uk/id/4000000074566736,http://www.ordnancesurvey.co.uk/xml/codelists/localtype.xml#town,Folkestone and Hythe,http://data.ordnancesurvey.co.uk/id/7000000000018085,http://data.ordnancesurvey.co.uk/ontology/admingeo/District,Kent,http://data.ordnancesurvey.co.uk/id/7000000000018210,http://data.ordnancesurvey.co.uk/ontology/admingeo/County,South East,http://data.ordnancesurvey.co.uk/id/7000000000041421,England,http://data.ordnancesurvey.co.uk/id/country/england,,,
osgb4000000073547812,http://data.ordnancesurvey.co.uk/id/4000000073547812,Earlscliffe Sixth Form College,,,,other,Further Education,621676,135970,1000,50000,621452,135751,621952,136251,CT20,http://data.ordnancesurvey.co.uk/id/postcodedistrict/CT20,Folkestone,http://data.ordnancesurvey.co.uk/id/4000000074566736,http://www.ordnancesurvey.co.uk/xml/codelists/localtype.xml#town,Folkestone and Hythe,http://data.ordnancesurvey.co.uk/id/7000000000018085,http://data.ordnancesurvey.co.uk/ontology/admingeo/District,Kent,http://data.ordnancesurvey.co.uk/id/7000000000018210,http://data.ordnancesurvey.co.uk/ontology/admingeo/County,South East,http://data.ordnancesurvey.co.uk/id/7000000000041421,England,http://data.ordnancesurvey.co.uk/id/country/england,,,
CT202ED,http://data.ordnancesurvey.co.uk/id/postcodeunit/CT202ED,CT20 2ED,,,,other,Postcode,622289,135590,3500,18000,,,,,,,Folkestone,http://data.ordnancesurvey.co.uk/id/4000000074566736,http://www.ordnancesurvey.co.uk/xml/codelists/localtype.xml#town,Folkestone and Hythe,http://data.ordnancesurvey.co.uk/id/7000000000018085,http://data.ordnancesurvey.co.uk/ontology/admingeo/District,Kent,http://data.ordnancesurvey.co.uk/id/7000000000018210,http://data.ordnancesurvey.co.uk/ontology/admingeo/County,South East,http://data.ordnancesurvey.co.uk/id/7000000000041421,England,http://data.ordnancesurvey.co.uk/id/country/england,,,
CT187JT,http://data.ordnancesurvey.co.uk/id/postcodeunit/CT187JT,CT18 7JT,,,,other,Postcode,624945,138417,3500,18000,,,,,,,Capel-le-Ferne,http://data.ordnancesurvey.co.uk/id/4000000074568384,http://www.ordnancesurvey.co.uk/xml/codelists/localtype.xml#village,Dover,http://data.ordnancesurvey.co.uk/id/7000000000017977,http://data.ordnancesurvey.co.uk/ontology/admingeo/District,Kent,http://data.ordnancesurvey.co.uk/id/7000000000018210,http://data.ordnancesurvey.co.uk/ontology/admingeo/County,South East,http://data.ordnancesurvey.co.uk/id/7000000000041421,England,http://data.ordnancesurvey.co.uk/id/country/england,,,
CT187HB,http://data.ordnancesurvey.co.uk/id/postcodeunit/CT187HB,CT18 7HB,,,,other,Postcode,624956,139093,3500,18000,,,,,,,Capel-le-Ferne,http://data.ordnancesurvey.co.uk/id/4000000074568384,http://www.ordnancesurvey.co.uk/xml/codelists/localtype.xml#village,Dover,http://data.ordnancesurvey.co.uk/id/7000000000017977,http://data.ordnancesurvey.co.uk/ontology/admingeo/District,Kent,http://data.ordnancesurvey.co.uk/id/7000000000018210,http://data.ordnancesurvey.co.uk/ontology/admingeo/County,South East,http://data.ordnancesurvey.co.uk/id/7000000000041421,England,http://data.ordnancesurvey.co.uk/id/country/england,,,
CT201LW,http://data.ordnancesurvey.co.uk/id/postcodeunit/CT201LW,CT20 1LW,,,,other,Postcode,622988,136308,3500,18000,,,,,,,Folkestone,http://data.ordnancesurvey.co.uk/id/4000000074566736,http://www.ordnancesurvey.co.uk/xml/codelists/localtype.xml#town,Folkestone and Hythe,http://data.ordnancesurvey.co.uk/id/7000000000018085,http://data.ordnancesurvey.co.uk/ontology/admingeo/District,Kent,http://data.ordnancesurvey.co.uk/id/7000000000018210,http://data.ordnancesurvey.co.uk/ontology/admingeo/County,South East,http://data.ordnancesurvey.co.uk/id/7000000000041421,England,http://data.ordnancesurvey.co.uk/id/country/england,,,
CT195DU,http://data.ordnancesurvey.co.uk/id/postcodeunit/CT195DU,CT19 5DU,,,,other,Postcode,622174,137547,3500,18000,,,,,,,Folkestone,http://data.ordnancesurvey.co.uk/id/4000000074566736,http://www.ordnancesurvey.co.uk/xml/codelists/localtype.xml#town,Folkestone and Hythe,http://data.ordnancesurvey.co.uk/id/7000000000018085,http://data.ordnancesurvey.co.uk/ontology/admingeo/District,Kent,http://data.ordnancesurvey.co.uk/id/7000000000018210,http://data.ordnancesurvey.co.uk/ontology/admingeo/County,South East,http://data.ordnancesurvey.co.uk/id/7000000000041421,England,http://data.ordnancesurvey.co.uk/id/country/england,,,
CT196QY,http://data.ordnancesurvey.co.uk/id/postcodeunit/CT196QY,CT19 6QY,,,,other,Postcode,623184,137264,3500,18000,,,,,,,Folkestone,http://data.ordnancesurvey.co.uk/id/4000000074566736,http://www.ordnancesurvey.co.uk/xml/codelists/localtype.xml#town,Folkestone and Hythe,http://data.ordnancesurvey.co.uk/id/7000000000018085,http://data.ordnancesurvey.co.uk/ontology/admingeo/District,Kent,http://data.ordnancesurvey.co.uk/id/7000000000018210,http://data.ordnancesurvey.co.uk/ontology/admingeo/County,South East,http://data.ordnancesurvey.co.uk/id/7000000000041421,England,http://data.ordnancesurvey.co.uk/id/country/england,,,
CT194PL,http://data.ordnancesurvey.co.uk/id/postcodeunit/CT194PL,CT19 4PL,,,,other,Postcode,620448,137058,3500,18000,,,,,,,Folkestone,http://data.ordnancesurvey.co.uk/id/4000000074566736,http://www.ordnancesurvey.co.uk/xml/codelists/localtype.xml#town,Folkestone and Hythe,http://data.ordnancesurvey.co.uk/id/7000000000018085,http://data.ordnancesurvey.co.uk/ontology/admingeo/District,Kent,http://data.ordnancesurvey.co.uk/id/7000000000018210,http://data.ordnancesurvey.co.uk/ontology/admingeo/County,South East,http://data.ordnancesurvey.co.uk/id/7000000000041421,England,http://data.ordnancesurvey.co.uk/id/country/england,,,
CT203RP,http://data.ordnancesurvey.co.uk/id/postcodeunit/CT203RP,CT20 3RP,,,,other,Postcode,620407,135154,3500,18000,,,,,,,Folkestone,http://data.ordnancesurvey.co.uk/id/4000000074566736,http://www.ordnancesurvey.co.uk/xml/codelists/localtype.xml#town,Folkestone and Hythe,http://data.ordnancesurvey.co.uk/id/7000000000018085,http://data.ordnancesurvey.co.uk/ontology/admingeo/District,Kent,http://data.ordnancesurvey.co.uk/id/7000000000018210,http://data.ordnancesurvey.co.uk/ontology/admingeo/County,South East,http://data.ordnancesurvey.co.uk/id/7000000000041421,England,http://data.ordnancesurvey.co.uk/id/country/england,,,
CT187RP,http://data.ordnancesurvey.co.uk/id/postcodeunit/CT187RP,CT18 7RP,,,,other,Postcode,621002,139107,3500,18000,,,,,,,Hawkinge,http://data.ordnancesurvey.co.uk/id/4000000074566747,http://www.ordnancesurvey.co.uk/xml/codelists/localtype.xml#village,Folkestone and Hythe,http://data.ordnancesurvey.co.uk/id/7000000000018085,http://data.ordnancesurvey.co.uk/ontology/admingeo/District,Kent,http://data.ordnancesurvey.co.uk/id/7000000000018210,http://data.ordnancesurvey.co.uk/ontology/admingeo/County,South East,http://data.ordnancesurvey.co.uk/id/7000000000041421,England,http://data.ordnancesurvey.co.uk/id/country/england,,,
CT187JP,http://data.ordnancesurvey.co.uk/id/postcodeunit/CT187JP,CT18 7JP,,,,other,Postcode,624771,138388,3500,18000,,,,,,,Capel-le-Ferne,http://data.ordnancesurvey.co.uk/id/4000000074568384,http://www.ordnancesurvey.co.uk/xml/codelists/localtype.xml#village,Dover,http://data.ordnancesurvey.co.uk/id/7000000000017977,http://data.ordnancesurvey.co.uk/ontology/admingeo/District,Kent,http://data.ordnancesurvey.co.uk/id/7000000000018210,http://data.ordnancesurvey.co.uk/ontology/admingeo/County,South East,http://data.ordnancesurvey.co.uk/id/7000000000041421,England,http://data.ordnancesurvey.co.uk/id/country/england,,,
CT201RB,http://data.ordnancesurvey.co.uk/id/postcodeunit/CT201RB,CT20 1RB,,,,other,Postcode,623317,136344,3500,18000,,,,,,,Folkestone,http://data.ordnancesurvey.co.uk/id/4000000074566736,http://www.ordnancesurvey.co.uk/xml/codelists/localtype.xml#town,Folkestone and Hythe,http://data.ordnancesurvey.co.uk/id/7000000000018085,http://data.ordnancesurvey.co.uk/ontology/admingeo/District,Kent,http://data.ordnancesurvey.co.uk/id/7000000000018210,http://data.ordnancesurvey.co.uk/ontology/admingeo/County,South East,http://data.ordnancesurvey.co.uk/id/7000000000041421,England,http://data.ordnancesurvey.co.uk/id/country/england,,,
CT196DH,http://data.ordnancesurvey.co.uk/id/postcodeunit/CT196DH,CT19 6DH,,,,other,Postcode,623489,136621,3500,18000,,,,,,,Folkestone,http://data.ordnancesurvey.co.uk/id/4000000074566736,http://www.ordnancesurvey.co.uk/xml/codelists/localtype.xml#town,Folkestone and Hythe,http://data.ordnancesurvey.co.uk/id/7000000000018085,http://data.ordnancesurvey.co.uk/ontology/admingeo/District,Kent,http://data.ordnancesurvey.co.uk/id/7000000000018210,http://data.ordnancesurvey.co.uk/ontology/admingeo/County,South East,http://data.ordnancesurvey.co.uk/id/7000000000041421,England,http://data.ordnancesurvey.co.uk/id/country/england,,,
CT187HN,http://data.ordnancesurvey.co.uk/id/postcodeunit/CT187HN,CT18 7HN,,,,other,Postcode,624813,138351,3500,18000,,,,,,,Capel-le-Ferne,http://data.ordnancesurvey.co.uk/id/4000000074568384,http://www.ordnancesurvey.co.uk/xml/codelists/localtype.xml#village,Dover,http://data.ordnancesurvey.co.uk/id/7000000000017977,http://data.ordnancesurvey.co.uk/ontology/admingeo/District,Kent,http://data.ordnancesurvey.co.uk/id/7000000000018210,http://data.ordnancesurvey.co.uk/ontology/admingeo/County,South East,http://data.ordnancesurvey.co.uk/id/7000000000041421,England,http://data.ordnancesurvey.co.uk/id/country/england,,,
CT187JF,http://data.ordnancesurvey.co.uk/id/postcodeunit/CT187JF,CT18 7JF,,,,other,Postcode,625633,139341,3500,18000,,,,,,,Satmar,http://data.ordnancesurvey.co.uk/id/4000000074568382,http://www.ordnancesurvey.co.uk/xml/codelists/localtype.xml#hamlet,Dover,http://data.ordnancesurvey.co.uk/id/7000000000017977,http://data.ordnancesurvey.co.uk/ontology/admingeo/District,Kent,http://data.ordnancesurvey.co.uk/id/7000000000018210,http://data.ordnancesurvey.co.uk/ontology/admingeo/County,South East,http://data.ordnancesurvey.co.uk/id/7000000000041421,England,http://data.ordnancesurvey.co.uk/id/country/england,,,
CT194LJ,http://data.ordnancesurvey.co.uk/id/postcodeunit/CT194LJ,CT19 4LJ,,,,other,Postcode,620149,137190,3500,18000,,,,,,,Folkestone,http://data.ordnancesurvey.co.uk/id/4000000074566736,http://www.ordnancesurvey.co.uk/xml/codelists/localtype.xml#town,Folkestone and Hythe,http://data.ordnancesurvey.co.uk/id/7000000000018085,http://data.ordnancesurvey.co.uk/ontology/admingeo/District,Kent,http://data.ordnancesurvey.co.uk/id/7000000000018210,http://data.ordnancesurvey.co.uk/ontology/admingeo/County,South East,http://data.ordnancesurvey.co.uk/id/7000000000041421,England,http://data.ordnancesurvey.co.uk/id/country/england,,,
CT201RU,http://data.ordnancesurvey.co.uk/id/postcodeunit/CT201RU,CT20 1RU,,,,other,Postcode,622785,135849,3500,18000,,,,,,,Folkestone,http://data.ordnancesurvey.co.uk/id/4000000074566736,http://www.ordnancesurvey.co.uk/xml/codelists/localtype.xml#town,Folkestone and Hythe,http://data.ordnancesurvey.co.uk/id/7000000000018085,http://data.ordnancesurvey.co.uk/ontology/admingeo/District,Kent,http://data.ordnancesurvey.co.uk/id/7000000000018210,http://data.ordnancesurvey.co.uk/ontology/admingeo/County,South East,http://data.ordnancesurvey.co.uk/id/7000000000041421,England,http://data.ordnancesurvey.co.uk/id/country/england,,,
osgb4000000073332060,http://data.ordnancesurvey.co.uk/id/4000000073332060,Morehall Primary School,,,,other,Primary Education,620772,136881,1000,50000,620522,136648,621022,137148,CT19,http://data.ordnancesurvey.co.uk/id/postcodedistrict/CT19,Folkestone,http://data.ordnancesurvey.co.uk/id/4000000074566736,http://www.ordnancesurvey.co.uk/xml/codelists/localtype.xml#town,Folkestone and Hythe,http://data.ordnancesurvey.co.uk/id/7000000000018085,http://data.ordnancesurvey.co.uk/ontology/admingeo/District,Kent,http://data.ordnancesurvey.co.uk/id/7000000000018210,http://data.ordnancesurvey.co.uk/ontology/admingeo/County,South East,http://data.ordnancesurvey.co.uk/id/7000000000041421,England,http://data.ordnancesurvey.co.uk/id/country/england,,,
osgb4000000073332021,http://data.ordnancesurvey.co.uk/id/4000000073332021,Folkestone Central,,,,transportNetwork,Railway Station,621977,136275,2000,50000,621722,136033,622222,136533,CT19,http://data.ordnancesurvey.co.uk/id/postcodedistrict/CT19,Folkestone,http://data.ordnancesurvey.co.uk/id/4000000074566736,http://www.ordnancesurvey.co.uk/xml/codelists/localtype.xml#town,Folkestone and Hythe,http://data.ordnancesurvey.co.uk/id/7000000000018085,http://data.ordnancesurvey.co.uk/ontology/admingeo/District,Kent,http://data.ordnancesurvey.co.uk/id/7000000000018210,http://data.ordnancesurvey.co.uk/ontology/admingeo/County,South East,http://data.ordnancesurvey.co.uk/id/7000000000041421,England,http://data.ordnancesurvey.co.uk/id/country/england,,,
osgb4000000073332122,http://data.ordnancesurvey.co.uk/id/4000000073332122,Turner Free School,,,,other,Secondary Education,620628,137108,2000,50000,620379,136869,620879,137369,CT19,http://data.ordnancesurvey.co.uk/id/postcodedistrict/CT19,Folkestone,http://data.ordnancesurvey.co.uk/id/4000000074566736,http://www.ordnancesurvey.co.uk/xml/codelists/localtype.xml#town,Folkestone and Hythe,http://data.ordnancesurvey.co.uk/id/7000000000018085,http://data.ordnancesurvey.co.uk/ontology/admingeo/District,Kent,http://data.ordnancesurvey.co.uk/id/7000000000018210,http://data.ordnancesurvey.co.uk/ontology/admingeo/County,South East,http://data.ordnancesurvey.co.uk/id/7000000000041421,England,http://data.ordnancesurvey.co.uk/id/country/england,,,
osgb4000000073330947,http://data.ordnancesurvey.co.uk/id/4000000073330947,Harcourt Primary School,,,,other,Primary Education,620017,137428,1000,50000,619768,137176,620268,137676,CT19,http://data.ordnancesurvey.co.uk/id/postcodedistrict/CT19,Folkestone,http://data.ordnancesurvey.co.uk/id/4000000074566736,http://www.ordnancesurvey.co.uk/xml/codelists/localtype.xml#town,Folkestone and Hythe,http://data.ordnancesurvey.co.uk/id/7000000000018085,http://data.ordnancesurvey.co.uk/ontology/admingeo/District,Kent,http://data.ordnancesurvey.co.uk/id/7000000000018210,http://data.ordnancesurvey.co.uk/ontology/admingeo/County,South East,http://data.ordnancesurvey.co.uk/id/7000000000041421,England,http://data.ordnancesurvey.co.uk/id/country/england,,,
osgb4000000073332108,http://data.ordnancesurvey.co.uk/id/4000000073332108,St Eanswythe's Church of England Primary School,,,,other,Primary Education,622998,135949,1000,50000,622748,135688,623248,136188,CT20,http://data.ordnancesurvey.co.uk/id/postcodedistrict/CT20,Folkestone,http://data.ordnancesurvey.co.uk/id/4000000074566736,http://www.ordnancesurvey.co.uk/xml/codelists/localtype.xml#town,Folkestone and Hythe,http://data.ordnancesurvey.co.uk/id/7000000000018085,http://data.ordnancesurvey.co.uk/ontology/admingeo/District,Kent,http://data.ordnancesurvey.co.uk/id/7000000000018210,http://data.ordnancesurvey.co.uk/ontology/admingeo/County,South East,http://data.ordnancesurvey.co.uk/id/7000000000041421,England,http://data.ordnancesurvey.co.uk/id/country/england,,,
osgb5000000074171653,http://data.ordnancesurvey.co.uk/id/5000000074171653,Martello Primary School,,,,other,Primary Education,623929,137061,1000,50000,623677,136811,624177,137311,CT19,http://data.ordnancesurvey.co.uk/id/postcodedistrict/CT19,Folkestone,http://data.ordnancesurvey.co.uk/id/4000000074566736,http://www.ordnancesurvey.co.uk/xml/codelists/localtype.xml#town,Folkestone and Hythe,http://data.ordnancesurvey.co.uk/id/7000000000018085,http://data.ordnancesurvey.co.uk/ontology/admingeo/District,Kent,http://data.ordnancesurvey.co.uk/id/7000000000018210,http://data.ordnancesurvey.co.uk/ontology/admingeo/County,South East,http://data.ordnancesurvey.co.uk/id/7000000000041421,England,http://data.ordnancesurvey.co.uk/id/country/england,,,
osgb4000000073334727,http://data.ordnancesurvey.co.uk/id/4000000073334727,Mundella Primary School,,,,other,Primary Education,622532,136910,2000,50000,622380,136660,622880,137160,CT19,http://data.ordnancesurvey.co.uk/id/postcodedistrict/CT19,Folkestone,http://data.ordnancesurvey.co.uk/id/4000000074566736,http://www.ordnancesurvey.co.uk/xml/codelists/localtype.xml#town,Folkestone and Hythe,http://data.ordnancesurvey.co.uk/id/7000000000018085,http://data.ordnancesurvey.co.uk/ontology/admingeo/District,Kent,http://data.ordnancesurvey.co.uk/id/7000000000018210,http://data.ordnancesurvey.co.uk/ontology/admingeo/County,South East,http://data.ordnancesurvey.co.uk/id/7000000000041421,England,http://data.ordnancesurvey.co.uk/id/country/england,,,
osgb4000000073332111,http://data.ordnancesurvey.co.uk/id/4000000073332111,Christ Church Church of England Primary School,,,,other,Primary Education,622529,136247,1000,50000,622279,136002,622779,136502,CT20,http://data.ordnancesurvey.co.uk/id/postcodedistrict/CT20,Folkestone,http://data.ordnancesurvey.co.uk/id/4000000074566736,http://www.ordnancesurvey.co.uk/xml/codelists/localtype.xml#town,Folkestone and Hythe,http://data.ordnancesurvey.co.uk/id/7000000000018085,http://data.ordnancesurvey.co.uk/ontology/admingeo/District,Kent,http://data.ordnancesurvey.co.uk/id/7000000000018210,http://data.ordnancesurvey.co.uk/ontology/admingeo/County,South East,http://data.ordnancesurvey.co.uk/id/7000000000041421,England,http://data.ordnancesurvey.co.uk/id/country/england,,,
osgb4000000073337101,http://data.ordnancesurvey.co.uk/id/4000000073337101,The Folkestone School for Girls,,,,other,Secondary Education,620759,135673,4000,50000,620592,135449,621101,136013,CT20,http://data.ordnancesurvey.co.uk/id/postcodedistrict/CT20,Folkestone,http://data.ordnancesurvey.co.uk/id/4000000074566736,http://www.ordnancesurvey.co.uk/xml/codelists/localtype.xml#town,Folkestone and Hythe,http://data.ordnancesurvey.co.uk/id/7000000000018085,http://data.ordnancesurvey.co.uk/ontology/admingeo/District,Kent,http://data.ordnancesurvey.co.uk/id/7000000000018210,http://data.ordnancesurvey.co.uk/ontology/admingeo/County,South East,http://data.ordnancesurvey.co.uk/id/7000000000041421,England,http://data.ordnancesurvey.co.uk/id/country/england,,,
osgb4000000073335244,http://data.ordnancesurvey.co.uk/id/4000000073335244,Royal Victoria Hospital,,,,other,Hospital,622214,136646,1000,50000,621961,136397,622461,136897,CT19,http://data.ordnancesurvey.co.uk/id/postcodedistrict/CT19,Folkestone,http://data.ordnancesurvey.co.uk/id/4000000074566736,http://www.ordnancesurvey.co.uk/xml/codelists/localtype.xml#town,Folkestone and Hythe,http://data.ordnancesurvey.co.uk/id/7000000000018085,http://data.ordnancesurvey.co.uk/ontology/admingeo/District,Kent,http://data.ordnancesurvey.co.uk/id/7000000000018210,http://data.ordnancesurvey.co.uk/ontology/admingeo/County,South East,http://data.ordnancesurvey.co.uk/id/7000000000041421,England,http://data.ordnancesurvey.co.uk/id/country/england,,,
osgb5000000074171492,http://data.ordnancesurvey.co.uk/id/5000000074171492,The Beacon,,,,other,Special Needs Education,622238,137202,2000,50000,621989,136979,622489,137479,CT19,http://data.ordnancesurvey.co.uk/id/postcodedistrict/CT19,Folkestone,http://data.ordnancesurvey.co.uk/id/4000000074566736,http://www.ordnancesurvey.co.uk/xml/codelists/localtype.xml#town,Folkestone and Hythe,http://data.ordnancesurvey.co.uk/id/7000000000018085,http://data.ordnancesurvey.co.uk/ontology/admingeo/District,Kent,http://data.ordnancesurvey.co.uk/id/7000000000018210,http://data.ordnancesurvey.co.uk/ontology/admingeo/County,South East,http://data.ordnancesurvey.co.uk/id/7000000000041421,England,http://data.ordnancesurvey.co.uk/id/country/england,,,
CT195UT,http://data.ordnancesurvey.co.uk/id/postcodeunit/CT195UT,CT19 5UT,,,,other,Postcode,621498,137406,3500,18000,,,,,,,Folkestone,http://data.ordnancesurvey.co.uk/id/4000000074566736,http://www.ordnancesurvey.co.uk/xml/codelists/localtype.xml#town,Folkestone and Hythe,http://data.ordnancesurvey.co.uk/id/7000000000018085,http://data.ordnancesurvey.co.uk/ontology/admingeo/District,Kent,http://data.ordnancesurvey.co.uk/id/7000000000018210,http://data.ordnancesurvey.co.uk/ontology/admingeo/County,South East,http://data.ordnancesurvey.co.uk/id/7000000000041421,England,http://data.ordnancesurvey.co.uk/id/country/england,,,
CT202RE,http://data.ordnancesurvey.co.uk/id/postcodeunit/CT202RE,CT20 2RE,,,,other,Postcode,622202,135966,3500,18000,,,,,,,Folkestone,http://data.ordnancesurvey.co.uk/id/4000000074566736,http://www.ordnancesurvey.co.uk/xml/codelists/localtype.xml#town,Folkestone and Hythe,http://data.ordnancesurvey.co.uk/id/7000000000018085,http://data.ordnancesurvey.co.uk/ontology/admingeo/District,Kent,http://data.ordnancesurvey.co.uk/id/7000000000018210,http://data.ordnancesurvey.co.uk/ontology/admingeo/County,South East,http://data.ordnancesurvey.co.uk/id/7000000000041421,England,http://data.ordnancesurvey.co.uk/id/country/england,,,
CT195WG,http://data.ordnancesurvey.co.uk/id/postcodeunit/CT195WG,CT19 5WG,,,,other,Postcode,622471,136738,3500,18000,,,,,,,Folkestone,http://data.ordnancesurvey.co.uk/id/4000000074566736,http://www.ordnancesurvey.co.uk/xml/codelists/localtype.xml#town,Folkestone and Hythe,http://data.ordnancesurvey.co.uk/id/7000000000018085,http://data.ordnancesurvey.co.uk/ontology/admingeo/District,Kent,http://data.ordnancesurvey.co.uk/id/7000000000018210,http://data.ordnancesurvey.co.uk/ontology/admingeo/County,South East,http://data.ordnancesurvey.co.uk/id/7000000000041421,England,http://data.ordnancesurvey.co.uk/id/country/england,,,
CT203QX,http://data.ordnancesurvey.co.uk/id/postcodeunit/CT203QX,CT20 3QX,,,,other,Postcode,620482,136066,3500,18000,,,,,,,Folkestone,http://data.ordnancesurvey.co.uk/id/4000000074566736,http://www.ordnancesurvey.co.uk/xml/codelists/localtype.xml#town,Folkestone and Hythe,http://data.ordnancesurvey.co.uk/id/7000000000018085,http://data.ordnancesurvey.co.uk/ontology/admingeo/District,Kent,http://data.ordnancesurvey.co.uk/id/7000000000018210,http://data.ordnancesurvey.co.uk/ontology/admingeo/County,South East,http://data.ordnancesurvey.co.uk/id/7000000000041421,England,http://data.ordnancesurvey.co.uk/id/country/england,,,
CT203BE,http://data.ordnancesurvey.co.uk/id/postcodeunit/CT203BE,CT20 3BE,,,,other,Postcode,620523,135228,3500,18000,,,,,,,Folkestone,http://data.ordnancesurvey.co.uk/id/4000000074566736,http://www.ordnancesurvey.co.uk/xml/codelists/localtype.xml#town,Folkestone and Hythe,http://data.ordnancesurvey.co.uk/id/7000000000018085,http://data.ordnancesurvey.co.uk/ontology/admingeo/District,Kent,http://data.ordnancesurvey.co.uk/id/7000000000018210,http://data.ordnancesurvey.co.uk/ontology/admingeo/County,South East,http://data.ordnancesurvey.co.uk/id/7000000000041421,England,http://data.ordnancesurvey.co.uk/id/country/england,,,
CT209JN,http://data.ordnancesurvey.co.uk/id/postcodeunit/CT209JN,CT20 9JN,,,,other,Postcode,622641,135834,3500,18000,,,,,,,Folkestone,http://data.ordnancesurvey.co.uk/id/4000000074566736,http://www.ordnancesurvey.co.uk/xml/codelists/localtype.xml#town,Folkestone and Hythe,http://data.ordnancesurvey.co.uk/id/7000000000018085,http://data.ordnancesurvey.co.uk/ontology/admingeo/District,Kent,http://data.ordnancesurvey.co.uk/id/7000000000018210,http://data.ordnancesurvey.co.uk/ontology/admingeo/County,South East,http://data.ordnancesurvey.co.uk/id/7000000000041421,England,http://data.ordnancesurvey.co.uk/id/country/england,,,
CT195LJ,http://data.ordnancesurvey.co.uk/id/postcodeunit/CT195LJ,CT19 5LJ,,,,other,Postcode,621142,137067,3500,18000,,,,,,,Folkestone,http://data.ordnancesurvey.co.uk/id/4000000074566736,http://www.ordnancesurvey.co.uk/xml/codelists/localtype.xml#town,Folkestone and Hythe,http://data.ordnancesurvey.co.uk/id/7000000000018085,http://data.ordnancesurvey.co.uk/ontology/admingeo/District,Kent,http://data.ordnancesurvey.co.uk/id/7000000000018210,http://data.ordnancesurvey.co.uk/ontology/admingeo/County,South East,http://data.ordnancesurvey.co.uk/id/7000000000041421,England,http://data.ordnancesurvey.co.uk/id/country/england,,,
CT195JA,http://data.ordnancesurvey.co.uk/id/postcodeunit/CT195JA,CT19 5JA,,,,other,Postcode,621674,136496,3500,18000,,,,,,,Folkestone,http://data.ordnancesurvey.co.uk/id/4000000074566736,http://www.ordnancesurvey.co.uk/xml/codelists/localtype.xml#town,Folkestone and Hythe,http://data.ordnancesurvey.co.uk/id/7000000000018085,http://data.ordnancesurvey.co.uk/ontology/admingeo/District,Kent,http://data.ordnancesurvey.co.uk/id/7000000000018210,http://data.ordnancesurvey.co.uk/ontology/admingeo/County,South East,http://data.ordnancesurvey.co.uk/id/7000000000041421,England,http://data.ordnancesurvey.co.uk/id/country/england,,,
CT203QG,http://data.ordnancesurvey.co.uk/id/postcodeunit/CT203QG,CT20 3QG,,,,other,Postcode,620701,136217,3500,18000,,,,,,,Folkestone,http://data.ordnancesurvey.co.uk/id/4000000074566736,http://www.ordnancesurvey.co.uk/xml/codelists/localtype.xml#town,Folkestone and Hythe,http://data.ordnancesurvey.co.uk/id/7000000000018085,http://data.ordnancesurvey.co.uk/ontology/admingeo/District,Kent,http://data.ordnancesurvey.co.uk/id/7000000000018210,http://data.ordnancesurvey.co.uk/ontology/admingeo/County,South East,http://data.ordnancesurvey.co.uk/id/7000000000041421,England,http://data.ordnancesurvey.co.uk/id/country/england,,,
CT196LG,http://data.ordnancesurvey.co.uk/id/postcodeunit/CT196LG,CT19 6LG,,,,other,Postcode,622811,137879,3500,18000,,,,,,,Folkestone,http://data.ordnancesurvey.co.uk/id/4000000074566736,http://www.ordnancesurvey.co.uk/xml/codelists/localtype.xml#town,Folkestone and Hythe,http://data.ordnancesurvey.co.uk/id/7000000000018085,http://data.ordnancesurvey.co.uk/ontology/admingeo/District,Kent,http://data.ordnancesurvey.co.uk/id/7000000000018210,http://data.ordnancesurvey.co.uk/ontology/admingeo/County,South East,http://data.ordnancesurvey.co.uk/id/7000000000041421,England,http://data.ordnancesurvey.co.uk/id/country/england,,,
CT202HQ,http://data.ordnancesurvey.co.uk/id/postcodeunit/CT202HQ,CT20 2HQ,,,,other,Postcode,621867,135585,3500,18000,,,,,,,Folkestone,http://data.ordnancesurvey.co.uk/id/4000000074566736,http://www.ordnancesurvey.co.uk/xml/codelists/localtype.xml#town,Folkestone and Hythe,http://data.ordnancesurvey.co.uk/id/7000000000018085,http://data.ordnancesurvey.co.uk/ontology/admingeo/District,Kent,http://data.ordnancesurvey.co.uk/id/7000000000018210,http://data.ordnancesurvey.co.uk/ontology/admingeo/County,South East,http://data.ordnancesurvey.co.uk/id/7000000000041421,England,http://data.ordnancesurvey.co.uk/id/country/england,,,
CT202DZ,http://data.ordnancesurvey.co.uk/id/postcodeunit/CT202DZ,CT20 2DZ,,,,other,Postcode,622402,135510,3500,18000,,,,,,,Folkestone,http://data.ordnancesurvey.co.uk/id/4000000074566736,http://www.ordnancesurvey.co.uk/xml/codelists/localtype.xml#town,Folkestone and Hythe,http://data.ordnancesurvey.co.uk/id/7000000000018085,http://data.ordnancesurvey.co.uk/ontology/admingeo/District,Kent,http://data.ordnancesurvey.co.uk/id/7000000000018210,http://data.ordnancesurvey.co.uk/ontology/admingeo/County,South East,http://data.ordnancesurvey.co.uk/id/7000000000041421,England,http://data.ordnancesurvey.co.uk/id/country/england,,,
CT196QN,http://data.ordnancesurvey.co.uk/id/postcodeunit/CT196QN,CT19 6QN,,,,other,Postcode,623812,137032,3500,18000,,,,,,,Folkestone,http://data.ordnancesurvey.co.uk/id/4000000074566736,http://www.ordnancesurvey.co.uk/xml/codelists/localtype.xml#town,Folkestone and Hythe,http://data.ordnancesurvey.co.uk/id/7000000000018085,http://data.ordnancesurvey.co.uk/ontology/admingeo/District,Kent,http://data.ordnancesurvey.co.uk/id/7000000000018210,http://data.ordnancesurvey.co.uk/ontology/admingeo/County,South East,http://data.ordnancesurvey.co.uk/id/7000000000041421,England,http://data.ordnancesurvey.co.uk/id/country/england,,,
CT187FL,http://data.ordnancesurvey.co.uk/id/postcodeunit/CT187FL,CT18 7FL,,,,other,Postcode,621198,139820,3500,18000,,,,,,,Hawkinge,http://data.ordnancesurvey.co.uk/id/4000000074566747,http://www.ordnancesurvey.co.uk/xml/codelists/localtype.xml#village,Folkestone and Hythe,http://data.ordnancesurvey.co.uk/id/7000000000018085,http://data.ordnancesurvey.co.uk/ontology/admingeo/District,Kent,http://data.ordnancesurvey.co.uk/id/7000000000018210,http://data.ordnancesurvey.co.uk/ontology/admingeo/County,South East,http://data.ordnancesurvey.co.uk/id/7000000000041421,England,http://data.ordnancesurvey.co.uk/id/country/england,,,
CT202JU,http://data.ordnancesurvey.co.uk/id/postcodeunit/CT202JU,CT20 2JU,,,,other,Postcode,621403,136205,3500,18000,,,,,,,Folkestone,http://data.ordnancesurvey.co.uk/id/4000000074566736,http://www.ordnancesurvey.co.uk/xml/codelists/localtype.xml#town,Folkestone and Hythe,http://data.ordnancesurvey.co.uk/id/7000000000018085,http://data.ordnancesurvey.co.uk/ontology/admingeo/District,Kent,http://data.ordnancesurvey.co.uk/id/7000000000018210,http://data.ordnancesurvey.co.uk/ontology/admingeo/County,South East,http://data.ordnancesurvey.co.uk/id/7000000000041421,England,http://data.ordnancesurvey.co.uk/id/country/england,,,
CT187JZ,http://data.ordnancesurvey.co.uk/id/postcodeunit/CT187JZ,CT18 7JZ,,,,other,Postcode,625116,138554,3500,18000,,,,,,,Capel-le-Ferne,http://data.ordnancesurvey.co.uk/id/4000000074568384,http://www.ordnancesurvey.co.uk/xml/codelists/localtype.xml#village,Dover,http://data.ordnancesurvey.co.uk/id/7000000000017977,http://data.ordnancesurvey.co.uk/ontology/admingeo/District,Kent,http://data.ordnancesurvey.co.uk/id/7000000000018210,http://data.ordnancesurvey.co.uk/ontology/admingeo/County,South East,http://data.ordnancesurvey.co.uk/id/7000000000041421,England,http://data.ordnancesurvey.co.uk/id/country/england,,,
CT201NT,http://data.ordnancesurvey.co.uk/id/postcodeunit/CT201NT,CT20 1NT,,,,other,Postcode,623282,136622,3500,18000,,,,,,,Folkestone,http://data.ordnancesurvey.co.uk/id/4000000074566736,http://www.ordnancesurvey.co.uk/xml/codelists/localtype.xml#town,Folkestone and Hythe,http://data.ordnancesurvey.co.uk/id/7000000000018085,http://data.ordnancesurvey.co.uk/ontology/admingeo/District,Kent,http://data.ordnancesurvey.co.uk/id/7000000000018210,http://data.ordnancesurvey.co.uk/ontology/admingeo/County,South East,http://data.ordnancesurvey.co.uk/id/7000000000041421,England,http://data.ordnancesurvey.co.uk/id/country/england,,,
CT195UE,http://data.ordnancesurvey.co.uk/id/postcodeunit/CT195UE,CT19 5UE,,,,other,Postcode,621364,137108,3500,18000,,,,,,,Folkestone,http://data.ordnancesurvey.co.uk/id/4000000074566736,http://www.ordnancesurvey.co.uk/xml/codelists/localtype.xml#town,Folkestone and Hythe,http://data.ordnancesurvey.co.uk/id/7000000000018085,http://data.ordnancesurvey.co.uk/ontology/admingeo/District,Kent,http://data.ordnancesurvey.co.uk/id/7000000000018210,http://data.ordnancesurvey.co.uk/ontology/admingeo/County,South East,http://data.ordnancesurvey.co.uk/id/7000000000041421,England,http://data.ordnancesurvey.co.uk/id/country/england,,,
CT196LN,http://data.ordnancesurvey.co.uk/id/postcodeunit/CT196LN,CT19 6LN,,,,other,Postcode,623143,137812,3500,18000,,,,,,,Folkestone,http://data.ordnancesurvey.co.uk/id/4000000074566736,http://www.ordnancesurvey.co.uk/xml/codelists/localtype.xml#town,Folkestone and Hythe,http://data.ordnancesurvey.co.uk/id/7000000000018085,http://data.ordnancesurvey.co.uk/ontology/admingeo/District,Kent,http://data.ordnancesurvey.co.uk/id/7000000000018210,http://data.ordnancesurvey.co.uk/ontology/admingeo/County,South East,http://data.ordnancesurvey.co.uk/id/7000000000041421,England,http://data.ordnancesurvey.co.uk/id/country/england,,,
CT187LN,http://data.ordnancesurvey.co.uk/id/postcodeunit/CT187LN,CT18 7LN,,,,other,Postcode,625075,138607,3500,18000,,,,,,,Capel-le-Ferne,http://data.ordnancesurvey.co.uk/id/4000000074568384,http://www.ordnancesurvey.co.uk/xml/codelists/localtype.xml#village,Dover,http://data.ordnancesurvey.co.uk/id/7000000000017977,http://data.ordnancesurvey.co.uk/ontology/admingeo/District,Kent,http://data.ordnancesurvey.co.uk/id/7000000000018210,http://data.ordnancesurvey.co.uk/ontology/admingeo/County,South East,http://data.ordnancesurvey.co.uk/id/7000000000041421,England,http://data.ordnancesurvey.co.uk/id/country/england,,,
CT195QU,http://data.ordnancesurvey.co.uk/id/postcodeunit/CT195QU,CT19 5QU,,,,other,Postcode,622738,136841,3500,18000,,,,,,,Folkestone,http://data.ordnancesurvey.co.uk/id/4000000074566736,http://www.ordnancesurvey.co.uk/xml/codelists/localtype.xml#town,Folkestone and Hythe,http://data.ordnancesurvey.co.uk/id/7000000000018085,http://data.ordnancesurvey.co.uk/ontology/admingeo/District,Kent,http://data.ordnancesurvey.co.uk/id/7000000000018210,http://data.ordnancesurvey.co.uk/ontology/admingeo/County,South East,http://data.ordnancesurvey.co.uk/id/7000000000041421,England,http://data.ordnancesurvey.co.uk/id/country/england,,,
CT196JQ,http://data.ordnancesurvey.co.uk/id/postcodeunit/CT196JQ,CT19 6JQ,,,,other,Postcode,623108,137457,3500,18000,,,,,,,Folkestone,http://data.ordnancesurvey.co.uk/id/4000000074566736,http://www.ordnancesurvey.co.uk/xml/codelists/localtype.xml#town,Folkestone and Hythe,http://data.ordnancesurvey.co.uk/id/7000000000018085,http://data.ordnancesurvey.co.uk/ontology/admingeo/District,Kent,http://data.ordnancesurvey.co.uk/id/7000000000018210,http://data.ordnancesurvey.co.uk/ontology/admingeo/County,South East,http://data.ordnancesurvey.co.uk/id/7000000000041421,England,http://data.ordnancesurvey.co.uk/id/country/england,,,
CT203ZL,http://data.ordnancesurvey.co.uk/id/postcodeunit/CT203ZL,CT20 3ZL,,,,other,Postcode,620691,135426,3500,18000,,,,,,,Folkestone,http://data.ordnancesurvey.co.uk/id/4000000074566736,http://www.ordnancesurvey.co.uk/xml/codelists/localtype.xml#town,Folkestone and Hythe,http://data.ordnancesurvey.co.uk/id/7000000000018085,http://data.ordnancesurvey.co.uk/ontology/admingeo/District,Kent,http://data.ordnancesurvey.co.uk/id/7000000000018210,http://data.ordnancesurvey.co.uk/ontology/admingeo/County,South East,http://data.ordnancesurvey.co.uk/id/7000000000041421,England,http://data.ordnancesurvey.co.uk/id/country/england,,,
CT202JB,http://data.ordnancesurvey.co.uk/id/postcodeunit/CT202JB,CT20 2JB,,,,other,Postcode,621346,135448,3500,18000,,,,,,,Folkestone,http://data.ordnancesurvey.co.uk/id/4000000074566736,http://www.ordnancesurvey.co.uk/xml/codelists/localtype.xml#town,Folkestone and Hythe,http://data.ordnancesurvey.co.uk/id/7000000000018085,http://data.ordnancesurvey.co.uk/ontology/admingeo/District,Kent,http://data.ordnancesurvey.co.uk/id/7000000000018210,http://data.ordnancesurvey.co.uk/ontology/admingeo/County,South East,http://data.ordnancesurvey.co.uk/id/7000000000041421,England,http://data.ordnancesurvey.co.uk/id/country/england,,,
CT209ND,http://data.ordnancesurvey.co.uk/id/postcodeunit/CT209ND,CT20 9ND,,,,other,Postcode,622641,135834,3500,18000,,,,,,,Folkestone,http://data.ordnancesurvey.co.uk/id/4000000074566736,http://www.ordnancesurvey.co.uk/xml/codelists/localtype.xml#town,Folkestone and Hythe,http://data.ordnancesurvey.co.uk/id/7000000000018085,http://data.ordnancesurvey.co.uk/ontology/admingeo/District,Kent,http://data.ordnancesurvey.co.uk/id/7000000000018210,http://data.ordnancesurvey.co.uk/ontology/admingeo/County,South East,http://data.ordnancesurvey.co.uk/id/7000000000041421,England,http://data.ordnancesurvey.co.uk/id/country/england,,,
CT202HT,http://data.ordnancesurvey.co.uk/id/postcodeunit/CT202HT,CT20 2HT,,,,other,Postcode,621726,135512,3500,18000,,,,,,,Folkestone,http://data.ordnancesurvey.co.uk/id/4000000074566736,http://www.ordnancesurvey.co.uk/xml/codelists/localtype.xml#town,Folkestone and Hythe,http://data.ordnancesurvey.co.uk/id/7000000000018085,http://data.ordnancesurvey.co.uk/ontology/admingeo/District,Kent,http://data.ordnancesurvey.co.uk/id/7000000000018210,http://data.ordnancesurvey.co.uk/ontology/admingeo/County,South East,http://data.ordnancesurvey.co.uk/id/7000000000041421,England,http://data.ordnancesurvey.co.uk/id/country/england,,,
CT203FD,http://data.ordnancesurvey.co.uk/id/postcodeunit/CT203FD,CT20 3FD,,,,other,Postcode,620989,135709,3500,18000,,,,,,,Folkestone,http://data.ordnancesurvey.co.uk/id/4000000074566736,http://www.ordnancesurvey.co.uk/xml/codelists/localtype.xml#town,Folkestone and Hythe,http://data.ordnancesurvey.co.uk/id/7000000000018085,http://data.ordnancesurvey.co.uk/ontology/admingeo/District,Kent,http://data.ordnancesurvey.co.uk/id/7000000000018210,http://data.ordnancesurvey.co.uk/ontology/admingeo/County,South East,http://data.ordnancesurvey.co.uk/id/7000000000041421,England,http://data.ordnancesurvey.co.uk/id/country/england,,,
CT196DX,http://data.ordnancesurvey.co.uk/id/postcodeunit/CT196DX,CT19 6DX,,,,other,Postcode,623903,136917,3500,18000,,,,,,,Folkestone,http://data.ordnancesurvey.co.uk/id/4000000074566736,http://www.ordnancesurvey.co.uk/xml/codelists/localtype.xml#town,Folkestone and Hythe,http://data.ordnancesurvey.co.uk/id/7000000000018085,http://data.ordnancesurvey.co.uk/ontology/admingeo/District,Kent,http://data.ordnancesurvey.co.uk/id/7000000000018210,http://data.ordnancesurvey.co.uk/ontology/admingeo/County,South East,http://data.ordnancesurvey.co.uk/id/7000000000041421,England,http://data.ordnancesurvey.co.uk/id/country/england,,,
CT202JZ,http://data.ordnancesurvey.co.uk/id/postcodeunit/CT202JZ,CT20 2JZ,,,,other,Postcode,621387,135939,3500,18000,,,,,,,Folkestone,http://data.ordnancesurvey.co.uk/id/4000000074566736,http://www.ordnancesurvey.co.uk/xml/codelists/localtype.xml#town,Folkestone and Hythe,http://data.ordnancesurvey.co.uk/id/7000000000018085,http://data.ordnancesurvey.co.uk/ontology/admingeo/District,Kent,http://data.ordnancesurvey.co.uk/id/7000000000018210,http://data.ordnancesurvey.co.uk/ontology/admingeo/County,South East,http://data.ordnancesurvey.co.uk/id/7000000000041421,England,http://data.ordnancesurvey.co.uk/id/country/england,,,
CT201PF,http://data.ordnancesurvey.co.uk/id/postcodeunit/CT201PF,CT20 1PF,,,,other,Postcode,623370,136538,3500,18000,,,,,,,Folkestone,http://data.ordnancesurvey.co.uk/id/4000000074566736,http://www.ordnancesurvey.co.uk/xml/codelists/localtype.xml#town,Folkestone and Hythe,http://data.ordnancesurvey.co.uk/id/7000000000018085,http://data.ordnancesurvey.co.uk/ontology/admingeo/District,Kent,http://data.ordnancesurvey.co.uk/id/7000000000018210,http://data.ordnancesurvey.co.uk/ontology/admingeo/County,South East,http://data.ordnancesurvey.co.uk/id/7000000000041421,England,http://data.ordnancesurvey.co.uk/id/country/england,,,
CT203AN,http://data.ordnancesurvey.co.uk/id/postcodeunit/CT203AN,CT20 3AN,,,,other,Postcode,620511,135163,3500,18000,,,,,,,Folkestone,http://data.ordnancesurvey.co.uk/id/4000000074566736,http://www.ordnancesurvey.co.uk/xml/codelists/localtype.xml#town,Folkestone and Hythe,http://data.ordnancesurvey.co.uk/id/7000000000018085,http://data.ordnancesurvey.co.uk/ontology/admingeo/District,Kent,http://data.ordnancesurvey.co.uk/id/7000000000018210,http://data.ordnancesurvey.co.uk/ontology/admingeo/County,South East,http://data.ordnancesurvey.co.uk/id/7000000000041421,England,http://data.ordnancesurvey.co.uk/id/country/england,,,
osgb4000000073954768,http://data.ordnancesurvey.co.uk/id/4000000073954768,The Glassworks Sixth Form Centre,,,,other,Further Education,622985,136165,1000,50000,622735,135919,623235,136419,CT20,http://data.ordnancesurvey.co.uk/id/postcodedistrict/CT20,Folkestone,http://data.ordnancesurvey.co.uk/id/4000000074566736,http://www.ordnancesurvey.co.uk/xml/codelists/localtype.xml#town,Folkestone and Hythe,http://data.ordnancesurvey.co.uk/id/7000000000018085,http://data.ordnancesurvey.co.uk/ontology/admingeo/District,Kent,http://data.ordnancesurvey.co.uk/id/7000000000018210,http://data.ordnancesurvey.co.uk/ontology/admingeo/County,South East,http://data.ordnancesurvey.co.uk/id/7000000000041421,England,http://data.ordnancesurvey.co.uk/id/country/england,,,
osgb4000000073337102,http://data.ordnancesurvey.co.uk/id/4000000073337102,Sandgate Primary School,,,,other,Primary Education,620791,135904,1000,50000,620543,135654,621043,136154,CT20,http://data.ordnancesurvey.co.uk/id/postcodedistrict/CT20,Folkestone,http://data.ordnancesurvey.co.uk/id/4000000074566736,http://www.ordnancesurvey.co.uk/xml/codelists/localtype.xml#town,Folkestone and Hythe,http://data.ordnancesurvey.co.uk/id/7000000000018085,http://data.ordnancesurvey.co.uk/ontology/admingeo/District,Kent,http://data.ordnancesurvey.co.uk/id/7000000000018210,http://data.ordnancesurvey.co.uk/ontology/admingeo/County,South East,http://data.ordnancesurvey.co.uk/id/7000000000041421,England,http://data.ordnancesurvey.co.uk/id/country/england,,,
osgb4000000073334032,http://data.ordnancesurvey.co.uk/id/4000000073334032,Folkestone West,,,,transportNetwork,Railway Station,620909,136418,2000,50000,620709,136173,621209,136673,CT20,http://data.ordnancesurvey.co.uk/id/postcodedistrict/CT20,Folkestone,http://data.ordnancesurvey.co.uk/id/4000000074566736,http://www.ordnancesurvey.co.uk/xml/codelists/localtype.xml#town,Folkestone and Hythe,http://data.ordnancesurvey.co.uk/id/7000000000018085,http://data.ordnancesurvey.co.uk/ontology/admingeo/District,Kent,http://data.ordnancesurvey.co.uk/id/7000000000018210,http://data.ordnancesurvey.co.uk/ontology/admingeo/County,South East,http://data.ordnancesurvey.co.uk/id/7000000000041421,England,http://data.ordnancesurvey.co.uk/id/country/england,,,
osgb4000000073331119,http://data.ordnancesurvey.co.uk/id/4000000073331119,Folkestone Academy,,,,other,Secondary Education,621947,137281,3000,50000,621679,137032,622179,137532,CT19,http://data.ordnancesurvey.co.uk/id/postcodedistrict/CT19,Folkestone,http://data.ordnancesurvey.co.uk/id/4000000074566736,http://www.ordnancesurvey.co.uk/xml/codelists/localtype.xml#town,Folkestone and Hythe,http://data.ordnancesurvey.co.uk/id/7000000000018085,http://data.ordnancesurvey.co.uk/ontology/admingeo/District,Kent,http://data.ordnancesurvey.co.uk/id/7000000000018210,http://data.ordnancesurvey.co.uk/ontology/admingeo/County,South East,http://data.ordnancesurvey.co.uk/id/7000000000041421,England,http://data.ordnancesurvey.co.uk/id/country/england,,,
osgb5000005225836546,http://data.ordnancesurvey.co.uk/id/5000005225836546,Goldwyn School,,,,other,Special Needs Education,622306,136785,1000,50000,622056,136535,622556,137035,CT19,http://data.ordnancesurvey.co.uk/id/postcodedistrict/CT19,Folkestone,http://data.ordnancesurvey.co.uk/id/4000000074566736,http://www.ordnancesurvey.co.uk/xml/codelists/localtype.xml#town,Folkestone and Hythe,http://data.ordnancesurvey.co.uk/id/7000000000018085,http://data.ordnancesurvey.co.uk/ontology/admingeo/District,Kent,http://data.ordnancesurvey.co.uk/id/7000000000018210,http://data.ordnancesurvey.co.uk/ontology/admingeo/County,South East,http://data.ordnancesurvey.co.uk/id/7000000000041421,England,http://data.ordnancesurvey.co.uk/id/country/england,,,
osgb4000000073332109,http://data.ordnancesurvey.co.uk/id/4000000073332109,Folkestone Bus Station,,,,transportNetwork,"Bus Station,Coach Station",622620,135904,1000,50000,622366,135655,622866,136155,CT20,http://data.ordnancesurvey.co.uk/id/postcodedistrict/CT20,Folkestone,http://data.ordnancesurvey.co.uk/id/4000000074566736,http://www.ordnancesurvey.co.uk/xml/codelists/localtype.xml#town,Folkestone and Hythe,http://data.ordnancesurvey.co.uk/id/7000000000018085,http://data.ordnancesurvey.co.uk/ontology/admingeo/District,Kent,http://data.ordnancesurvey.co.uk/id/7000000000018210,http://data.ordnancesurvey.co.uk/ontology/admingeo/County,South East,http://data.ordnancesurvey.co.uk/id/7000000000041421,England,http://data.ordnancesurvey.co.uk/id/country/england,,,
osgb5000005235398649,http://data.ordnancesurvey.co.uk/id/5000005235398649,Wells Lodge Nursing Home,,,,other,Medical Care Accommodation,621823,135975,1000,50000,621573,135726,622073,136226,CT20,http://data.ordnancesurvey.co.uk/id/postcodedistrict/CT20,Folkestone,http://data.ordnancesurvey.co.uk/id/4000000074566736,http://www.ordnancesurvey.co.uk/xml/codelists/localtype.xml#town,Folkestone and Hythe,http://data.ordnancesurvey.co.uk/id/7000000000018085,http://data.ordnancesurvey.co.uk/ontology/admingeo/District,Kent,http://data.ordnancesurvey.co.uk/id/7000000000018210,http://data.ordnancesurvey.co.uk/ontology/admingeo/County,South East,http://data.ordnancesurvey.co.uk/id/7000000000041421,England,http://data.ordnancesurvey.co.uk/id/country/england,,,
osgb4000000073332123,http://data.ordnancesurvey.co.uk/id/4000000073332123,All Souls' Church of England Primary School,,,,other,Primary Education,620096,136835,1000,50000,619846,136572,620346,137072,CT19,http://data.ordnancesurvey.co.uk/id/postcodedistrict/CT19,Folkestone,http://data.ordnancesurvey.co.uk/id/4000000074566736,http://www.ordnancesurvey.co.uk/xml/codelists/localtype.xml#town,Folkestone and Hythe,http://data.ordnancesurvey.co.uk/id/7000000000018085,http://data.ordnancesurvey.co.uk/ontology/admingeo/District,Kent,http://data.ordnancesurvey.co.uk/id/7000000000018210,http://data.ordnancesurvey.co.uk/ontology/admingeo/County,South East,http://data.ordnancesurvey.co.uk/id/7000000000041421,England,http://data.ordnancesurvey.co.uk/id/country/england,,,
osgb4000000073332110,http://data.ordnancesurvey.co.uk/id/4000000073332110,St Mary's Church of England Primary School,,,,other,Primary Education,623849,136718,1000,50000,623610,136469,624110,136969,CT19,http://data.ordnancesurvey.co.uk/id/postcodedistrict/CT19,Folkestone,http://data.ordnancesurvey.co.uk/id/4000000074566736,http://www.ordnancesurvey.co.uk/xml/codelists/localtype.xml#town,Folkestone and Hythe,http://data.ordnancesurvey.co.uk/id/7000000000018085,http://data.ordnancesurvey.co.uk/ontology/admingeo/District,Kent,http://data.ordnancesurvey.co.uk/id/7000000000018210,http://data.ordnancesurvey.co.uk/ontology/admingeo/County,South East,http://data.ordnancesurvey.co.uk/id/7000000000041421,England,http://data.ordnancesurvey.co.uk/id/country/england,,,
osgb4000000073497702,http://data.ordnancesurvey.co.uk/id/4000000073497702,St Peter's Church of England Primary School,,,,other,Primary Education,623348,136169,1000,50000,623101,135920,623601,136420,CT19,http://data.ordnancesurvey.co.uk/id/postcodedistrict/CT19,Folkestone,http://data.ordnancesurvey.co.uk/id/4000000074566736,http://www.ordnancesurvey.co.uk/xml/codelists/localtype.xml#town,Folkestone and Hythe,http://data.ordnancesurvey.co.uk/id/7000000000018085,http://data.ordnancesurvey.co.uk/ontology/admingeo/District,Kent,http://data.ordnancesurvey.co.uk/id/7000000000018210,http://data.ordnancesurvey.co.uk/ontology/admingeo/County,South East,http://data.ordnancesurvey.co.uk/id/7000000000041421,England,http://data.ordnancesurvey.co.uk/id/country/england,,,
osgb5000005325808177,http://data.ordnancesurvey.co.uk/id/5000005325808177,Wells House,,,,other,Medical Care Accommodation,620928,135328,1000,50000,620678,135078,621178,135578,CT20,http://data.ordnancesurvey.co.uk/id/postcodedistrict/CT20,Folkestone,http://data.ordnancesurvey.co.uk/id/4000000074566736,http://www.ordnancesurvey.co.uk/xml/codelists/localtype.xml#town,Folkestone and Hythe,http://data.ordnancesurvey.co.uk/id/7000000000018085,http://data.ordnancesurvey.co.uk/ontology/admingeo/District,Kent,http://data.ordnancesurvey.co.uk/id/7000000000018210,http://data.ordnancesurvey.co.uk/ontology/admingeo/County,South East,http://data.ordnancesurvey.co.uk/id/7000000000041421,England,http://data.ordnancesurvey.co.uk/id/country/england,,,
CT202UP,http://data.ordnancesurvey.co.uk/id/postcodeunit/CT202UP,CT20 2UP,,,,other,Postcode,622046,136003,3500,18000,,,,,,,Folkestone,http://data.ordnancesurvey.co.uk/id/4000000074566736,http://www.ordnancesurvey.co.uk/xml/codelists/localtype.xml#town,Folkestone and Hythe,http://data.ordnancesurvey.co.uk/id/7000000000018085,http://data.ordnancesurvey.co.uk/ontology/admingeo/District,Kent,http://data.ordnancesurvey.co.uk/id/7000000000018210,http://data.ordnancesurvey.co.uk/ontology/admingeo/County,South East,http://data.ordnancesurvey.co.uk/id/7000000000041421,England,http://data.ordnancesurvey.co.uk/id/country/england,,,
CT195ES,http://data.ordnancesurvey.co.uk/id/postcodeunit/CT195ES,CT19 5ES,,,,other,Postcode,622454,136857,3500,18000,,,,,,,Folkestone,http://data.ordnancesurvey.co.uk/id/4000000074566736,http://www.ordnancesurvey.co.uk/xml/codelists/localtype.xml#town,Folkestone and Hythe,http://data.ordnancesurvey.co.uk/id/7000000000018085,http://data.ordnancesurvey.co.uk/ontology/admingeo/District,Kent,http://data.ordnancesurvey.co.uk/id/7000000000018210,http://data.ordnancesurvey.co.uk/ontology/admingeo/County,South East,http://data.ordnancesurvey.co.uk/id/7000000000041421,England,http://data.ordnancesurvey.co.uk/id/country/england,,,
CT209SE,http://data.ordnancesurvey.co.uk/id/postcodeunit/CT209SE,CT20 9SE,,,,other,Postcode,622119,135914,3500,18000,,,,,,,Folkestone,http://data.ordnancesurvey.co.uk/id/4000000074566736,http://www.ordnancesurvey.co.uk/xml/codelists/localtype.xml#town,Folkestone and Hythe,http://data.ordnancesurvey.co.uk/id/7000000000018085,http://data.ordnancesurvey.co.uk/ontology/admingeo/District,Kent,http://data.ordnancesurvey.co.uk/id/7000000000018210,http://data.ordnancesurvey.co.uk/ontology/admingeo/County,South East,http://data.ordnancesurvey.co.uk/id/7000000000041421,England,http://data.ordnancesurvey.co.uk/id/country/england,,,
CT195JW,http://data.ordnancesurvey.co.uk/id/postcodeunit/CT195JW,CT19 5JW,,,,other,Postcode,621718,137052,3500,18000,,,,,,,Folkestone,http://data.ordnancesurvey.co.uk/id/4000000074566736,http://www.ordnancesurvey.co.uk/xml/codelists/localtype.xml#town,Folkestone and Hythe,http://data.ordnancesurvey.co.uk/id/7000000000018085,http://data.ordnancesurvey.co.uk/ontology/admingeo/District,Kent,http://data.ordnancesurvey.co.uk/id/7000000000018210,http://data.ordnancesurvey.co.uk/ontology/admingeo/County,South East,http://data.ordnancesurvey.co.uk/id/7000000000041421,England,http://data.ordnancesurvey.co.uk/id/country/england,,,
CT195HJ,http://data.ordnancesurvey.co.uk/id/postcodeunit/CT195HJ,CT19 5HJ,,,,other,Postcode,622009,136580,3500,18000,,,,,,,Folkestone,http://data.ordnancesurvey.co.uk/id/4000000074566736,http://www.ordnancesurvey.co.uk/xml/codelists/localtype.xml#town,Folkestone and Hythe,http://data.ordnancesurvey.co.uk/id/7000000000018085,http://data.ordnancesurvey.co.uk/ontology/admingeo/District,Kent,http://data.ordnancesurvey.co.uk/id/7000000000018210,http://data.ordnancesurvey.co.uk/ontology/admingeo/County,South East,http://data.ordnancesurvey.co.uk/id/7000000000041421,England,http://data.ordnancesurvey.co.uk/id/country/england,,,
CT202BH,http://data.ordnancesurvey.co.uk/id/postcodeunit/CT202BH,CT20 2BH,,,,other,Postcode,622541,135718,3500,18000,,,,,,,Folkestone,http://data.ordnancesurvey.co.uk/id/4000000074566736,http://www.ordnancesurvey.co.uk/xml/codelists/localtype.xml#town,Folkestone and Hythe,http://data.ordnancesurvey.co.uk/id/7000000000018085,http://data.ordnancesurvey.co.uk/ontology/admingeo/District,Kent,http://data.ordnancesurvey.co.uk/id/7000000000018210,http://data.ordnancesurvey.co.uk/ontology/admingeo/County,South East,http://data.ordnancesurvey.co.uk/id/7000000000041421,England,http://data.ordnancesurvey.co.uk/id/country/england,,,
CT202LX,http://data.ordnancesurvey.co.uk/id/postcodeunit/CT202LX,CT20 2LX,,,,other,Postcode,621534,135404,3500,18000,,,,,,,Folkestone,http://data.ordnancesurvey.co.uk/id/4000000074566736,http://www.ordnancesurvey.co.uk/xml/codelists/localtype.xml#town,Folkestone and Hythe,http://data.ordnancesurvey.co.uk/id/7000000000018085,http://data.ordnancesurvey.co.uk/ontology/admingeo/District,Kent,http://data.ordnancesurvey.co.uk/id/7000000000018210,http://data.ordnancesurvey.co.uk/ontology/admingeo/County,South East,http://data.ordnancesurvey.co.uk/id/7000000000041421,England,http://data.ordnancesurvey.co.uk/id/country/england,,,
CT201RL,http://data.ordnancesurvey.co.uk/id/postcodeunit/CT201RL,CT20 1RL,,,,other,Postcode,623046,136047,3500,18000,,,,,,,Folkestone,http://data.ordnancesurvey.co.uk/id/4000000074566736,http://www.ordnancesurvey.co.uk/xml/codelists/localtype.xml#town,Folkestone and Hythe,http://data.ordnancesurvey.co.uk/id/7000000000018085,http://data.ordnancesurvey.co.uk/ontology/admingeo/District,Kent,http://data.ordnancesurvey.co.uk/id/7000000000018210,http://data.ordnancesurvey.co.uk/ontology/admingeo/County,South East,http://data.ordnancesurvey.co.uk/id/7000000000041421,England,http://data.ordnancesurvey.co.uk/id/country/england,,,
CT195US,http://data.ordnancesurvey.co.uk/id/postcodeunit/CT195US,CT19 5US,,,,other,Postcode,622255,136998,3500,18000,,,,,,,Folkestone,http://data.ordnancesurvey.co.uk/id/4000000074566736,http://www.ordnancesurvey.co.uk/xml/codelists/localtype.xml#town,Folkestone and Hythe,http://data.ordnancesurvey.co.uk/id/7000000000018085,http://data.ordnancesurvey.co.uk/ontology/admingeo/District,Kent,http://data.ordnancesurvey.co.uk/id/7000000000018210,http://data.ordnancesurvey.co.uk/ontology/admingeo/County,South East,http://data.ordnancesurvey.co.uk/id/7000000000041421,England,http://data.ordnancesurvey.co.uk/id/country/england,,,
CT202JD,http://data.ordnancesurvey.co.uk/id/postcodeunit/CT202JD,CT20 2JD,,,,other,Postcode,621224,135456,3500,18000,,,,,,,Folkestone,http://data.ordnancesurvey.co.uk/id/4000000074566736,http://www.ordnancesurvey.co.uk/xml/codelists/localtype.xml#town,Folkestone and Hythe,http://data.ordnancesurvey.co.uk/id/7000000000018085,http://data.ordnancesurvey.co.uk/ontology/admingeo/District,Kent,http://data.ordnancesurvey.co.uk/id/7000000000018210,http://data.ordnancesurvey.co.uk/ontology/admingeo/County,South East,http://data.ordnancesurvey.co.uk/id/7000000000041421,England,http://data.ordnancesurvey.co.uk/id/country/england,,,
CT195UH,http://data.ordnancesurvey.co.uk/id/postcodeunit/CT195UH,CT19 5UH,,,,other,Postcode,621641,137214,3500,18000,,,,,,,Folkestone,http://data.ordnancesurvey.co.uk/id/4000000074566736,http://www.ordnancesurvey.co.uk/xml/codelists/localtype.xml#town,Folkestone and Hythe,http://data.ordnancesurvey.co.uk/id/7000000000018085,http://data.ordnancesurvey.co.uk/ontology/admingeo/District,Kent,http://data.ordnancesurvey.co.uk/id/7000000000018210,http://data.ordnancesurvey.co.uk/ontology/admingeo/County,South East,http://data.ordnancesurvey.co.uk/id/7000000000041421,England,http://data.ordnancesurvey.co.uk/id/country/england,,,
CT195JE,http://data.ordnancesurvey.co.uk/id/postcodeunit/CT195JE,CT19 5JE,,,,other,Postcode,621675,137072,3500,18000,,,,,,,Folkestone,http://data.ordnancesurvey.co.uk/id/4000000074566736,http://www.ordnancesurvey.co.uk/xml/codelists/localtype.xml#town,Folkestone and Hythe,http://data.ordnancesurvey.co.uk/id/7000000000018085,http://data.ordnancesurvey.co.uk/ontology/admingeo/District,Kent,http://data.ordnancesurvey.co.uk/id/7000000000018210,http://data.ordnancesurvey.co.uk/ontology/admingeo/County,South East,http://data.ordnancesurvey.co.uk/id/7000000000041421,England,http://data.ordnancesurvey.co.uk/id/country/england,,,
CT196HD,http://data.ordnancesurvey.co.uk/id/postcodeunit/CT196HD,CT19 6HD,,,,other,Postcode,623050,136975,3500,18000,,,,,,,Folkestone,http://data.ordnancesurvey.co.uk/id/4000000074566736,http://www.ordnancesurvey.co.uk/xml/codelists/localtype.xml#town,Folkestone and Hythe,http://data.ordnancesurvey.co.uk/id/7000000000018085,http://data.ordnancesurvey.co.uk/ontology/admingeo/District,Kent,http://data.ordnancesurvey.co.uk/id/7000000000018210,http://data.ordnancesurvey.co.uk/ontology/admingeo/County,South East,http://data.ordnancesurvey.co.uk/id/7000000000041421,England,http://data.ordnancesurvey.co.uk/id/country/england,,,
CT195SH,http://data.ordnancesurvey.co.uk/id/postcodeunit/CT195SH,CT19 5SH,,,,other,Postcode,622709,136675,3500,18000,,,,,,,Folkestone,http://data.ordnancesurvey.co.uk/id/4000000074566736,http://www.ordnancesurvey.co.uk/xml/codelists/localtype.xml#town,Folkestone and Hythe,http://data.ordnancesurvey.co.uk/id/7000000000018085,http://data.ordnancesurvey.co.uk/ontology/admingeo/District,Kent,http://data.ordnancesurvey.co.uk/id/7000000000018210,http://data.ordnancesurvey.co.uk/ontology/admingeo/County,South East,http://data.ordnancesurvey.co.uk/id/7000000000041421,England,http://data.ordnancesurvey.co.uk/id/country/england,,,
CT195PL,http://data.ordnancesurvey.co.uk/id/postcodeunit/CT195PL,CT19 5PL,,,,other,Postcode,622723,137124,3500,18000,,,,,,,Folkestone,http://data.ordnancesurvey.co.uk/id/4000000074566736,http://www.ordnancesurvey.co.uk/xml/codelists/localtype.xml#town,Folkestone and Hythe,http://data.ordnancesurvey.co.uk/id/7000000000018085,http://data.ordnancesurvey.co.uk/ontology/admingeo/District,Kent,http://data.ordnancesurvey.co.uk/id/7000000000018210,http://data.ordnancesurvey.co.uk/ontology/admingeo/County,South East,http://data.ordnancesurvey.co.uk/id/7000000000041421,England,http://data.ordnancesurvey.co.uk/id/country/england,,,
CT187GW,http://data.ordnancesurvey.co.uk/id/postcodeunit/CT187GW,CT18 7GW,,,,other,Postcode,621063,139036,3500,18000,,,,,,,Hawkinge,http://data.ordnancesurvey.co.uk/id/4000000074566747,http://www.ordnancesurvey.co.uk/xml/codelists/localtype.xml#village,Folkestone and Hythe,http://data.ordnancesurvey.co.uk/id/7000000000018085,http://data.ordnancesurvey.co.uk/ontology/admingeo/District,Kent,http://data.ordnancesurvey.co.uk/id/7000000000018210,http://data.ordnancesurvey.co.uk/ontology/admingeo/County,South East,http://data.ordnancesurvey.co.uk/id/7000000000041421,England,http://data.ordnancesurvey.co.uk/id/country/england,,,
CT194PJ,http://data.ordnancesurvey.co.uk/id/postcodeunit/CT194PJ,CT19 4PJ,,,,other,Postcode,620394,137114,3500,18000,,,,,,,Folkestone,http://data.ordnancesurvey.co.uk/id/4000000074566736,http://www.ordnancesurvey.co.uk/xml/codelists/localtype.xml#town,Folkestone and Hythe,http://data.ordnancesurvey.co.uk/id/7000000000018085,http://data.ordnancesurvey.co.uk/ontology/admingeo/District,Kent,http://data.ordnancesurvey.co.uk/id/7000000000018210,http://data.ordnancesurvey.co.uk/ontology/admingeo/County,South East,http://data.ordnancesurvey.co.uk/id/7000000000041421,England,http://data.ordnancesurvey.co.uk/id/country/england,,,
CT201LR,http://data.ordnancesurvey.co.uk/id/postcodeunit/CT201LR,CT20 1LR,,,,other,Postcode,623136,136207,3500,18000,,,,,,,Folkestone,http://data.ordnancesurvey.co.uk/id/4000000074566736,http://www.ordnancesurvey.co.uk/xml/codelists/localtype.xml#town,Folkestone and Hythe,http://data.ordnancesurvey.co.uk/id/7000000000018085,http://data.ordnancesurvey.co.uk/ontology/admingeo/District,Kent,http://data.ordnancesurvey.co.uk/id/7000000000018210,http://data.ordnancesurvey.co.uk/ontology/admingeo/County,South East,http://data.ordnancesurvey.co.uk/id/7000000000041421,England,http://data.ordnancesurvey.co.uk/id/country/england,,,
CT187JW,http://data.ordnancesurvey.co.uk/id/postcodeunit/CT187JW,CT18 7JW,,,,other,Postcode,624788,138428,3500,18000,,,,,,,Capel-le-Ferne,http://data.ordnancesurvey.co.uk/id/4000000074568384,http://www.ordnancesurvey.co.uk/xml/codelists/localtype.xml#village,Dover,http://data.ordnancesurvey.co.uk/id/7000000000017977,http://data.ordnancesurvey.co.uk/ontology/admingeo/District,Kent,http://data.ordnancesurvey.co.uk/id/7000000000018210,http://data.ordnancesurvey.co.uk/ontology/admingeo/County,South East,http://data.ordnancesurvey.co.uk/id/7000000000041421,England,http://data.ordnancesurvey.co.uk/id/country/england,,,
CT194AW,http://data.ordnancesurvey.co.uk/id/postcodeunit/CT194AW,CT19 4AW,,,,other,Postcode,621057,137431,3500,18000,,,,,,,Folkestone,http://data.ordnancesurvey.co.uk/id/4000000074566736,http://www.ordnancesurvey.co.uk/xml/codelists/localtype.xml#town,Folkestone and Hythe,http://data.ordnancesurvey.co.uk/id/7000000000018085,http://data.ordnancesurvey.co.uk/ontology/admingeo/District,Kent,http://data.ordnancesurvey.co.uk/id/7000000000018210,http://data.ordnancesurvey.co.uk/ontology/admingeo/County,South East,http://data.ordnancesurvey.co.uk/id/7000000000041421,England,http://data.ordnancesurvey.co.uk/id/country/england,,,
CT202AR,http://data.ordnancesurvey.co.uk/id/postcodeunit/CT202AR,CT20 2AR,,,,other,Postcode,622504,135876,3500,18000,,,,,,,Folkestone,http://data.ordnancesurvey.co.uk/id/4000000074566736,http://www.ordnancesurvey.co.uk/xml/codelists/localtype.xml#town,Folkestone and Hythe,http://data.ordnancesurvey.co.uk/id/7000000000018085,http://data.ordnancesurvey.co.uk/ontology/admingeo/District,Kent,http://data.ordnancesurvey.co.uk/id/7000000000018210,http://data.ordnancesurvey.co.uk/ontology/admingeo/County,South East,http://data.ordnancesurvey.co.uk/id/7000000000041421,England,http://data.ordnancesurvey.co.uk/id/country/england,,,
CT201AH,http://data.ordnancesurvey.co.uk/id/postcodeunit/CT201AH,CT20 1AH,,,,other,Postcode,623043,136068,3500,18000,,,,,,,Folkestone,http://data.ordnancesurvey.co.uk/id/4000000074566736,http://www.ordnancesurvey.co.uk/xml/codelists/localtype.xml#town,Folkestone and Hythe,http://data.ordnancesurvey.co.uk/id/7000000000018085,http://data.ordnancesurvey.co.uk/ontology/admingeo/District,Kent,http://data.ordnancesurvey.co.uk/id/7000000000018210,http://data.ordnancesurvey.co.uk/ontology/admingeo/County,South East,http://data.ordnancesurvey.co.uk/id/7000000000041421,England,http://data.ordnancesurvey.co.uk/id/country/england,,,
CT196NY,http://data.ordnancesurvey.co.uk/id/postcodeunit/CT196NY,CT19 6NY,,,,other,Postcode,623518,137503,3500,18000,,,,,,,Folkestone,http://data.ordnancesurvey.co.uk/id/4000000074566736,http://www.ordnancesurvey.co.uk/xml/codelists/localtype.xml#town,Folkestone and Hythe,http://data.ordnancesurvey.co.uk/id/7000000000018085,http://data.ordnancesurvey.co.uk/ontology/admingeo/District,Kent,http://data.ordnancesurvey.co.uk/id/7000000000018210,http://data.ordnancesurvey.co.uk/ontology/admingeo/County,South East,http://data.ordnancesurvey.co.uk/id/7000000000041421,England,http://data.ordnancesurvey.co.uk/id/country/england,,,
CT195PJ,http://data.ordnancesurvey.co.uk/id/postcodeunit/CT195PJ,CT19 5PJ,,,,other,Postcode,622747,136997,3500,18000,,,,,,,Folkestone,http://data.ordnancesurvey.co.uk/id/4000000074566736,http://www.ordnancesurvey.co.uk/xml/codelists/localtype.xml#town,Folkestone and Hythe,http://data.ordnancesurvey.co.uk/id/7000000000018085,http://data.ordnancesurvey.co.uk/ontology/admingeo/District,Kent,http://data.ordnancesurvey.co.uk/id/7000000000018210,http://data.ordnancesurvey.co.uk/ontology/admingeo/County,South East,http://data.ordnancesurvey.co.uk/id/7000000000041421,England,http://data.ordnancesurvey.co.uk/id/country/england,,,
CT195TA,http://data.ordnancesurvey.co.uk/id/postcodeunit/CT195TA,CT19 5TA,,,,other,Postcode,622063,136877,3500,18000,,,,,,,Folkestone,http://data.ordnancesurvey.co.uk/id/4000000074566736,http://www.ordnancesurvey.co.uk/xml/codelists/localtype.xml#town,Folkestone and Hythe,http://data.ordnancesurvey.co.uk/id/7000000000018085,http://data.ordnancesurvey.co.uk/ontology/admingeo/District,Kent,http://data.ordnancesurvey.co.uk/id/7000000000018210,http://data.ordnancesurvey.co.uk/ontology/admingeo/County,South East,http://data.ordnancesurvey.co.uk/id/7000000000041421,England,http://data.ordnancesurvey.co.uk/id/country/england,,,
CT201HU,http://data.ordnancesurvey.co.uk/id/postcodeunit/CT201HU,CT20 1HU,,,,other,Postcode,622855,136359,3500,18000,,,,,,,Folkestone,http://data.ordnancesurvey.co.uk/id/4000000074566736,http://www.ordnancesurvey.co.uk/xml/codelists/localtype.xml#town,Folkestone and Hythe,http://data.ordnancesurvey.co.uk/id/7000000000018085,http://data.ordnancesurvey.co.uk/ontology/admingeo/District,Kent,http://data.ordnancesurvey.co.uk/id/7000000000018210,http://data.ordnancesurvey.co.uk/ontology/admingeo/County,South East,http://data.ordnancesurvey.co.uk/id/7000000000041421,England,http://data.ordnancesurvey.co.uk/id/country/england,,,
CT196HZ,http://data.ordnancesurvey.co.uk/id/postcodeunit/CT196HZ,CT19 6HZ,,,,other,Postcode,622965,137597,3500,18000,,,,,,,Folkestone,http://data.ordnancesurvey.co.uk/id/4000000074566736,http://www.ordnancesurvey.co.uk/xml/codelists/localtype.xml#town,Folkestone and Hythe,http://data.ordnancesurvey.co.uk/id/7000000000018085,http://data.ordnancesurvey.co.uk/ontology/admingeo/District,Kent,http://data.ordnancesurvey.co.uk/id/7000000000018210,http://data.ordnancesurvey.co.uk/ontology/admingeo/County,South East,http://data.ordnancesurvey.co.uk/id/7000000000041421,England,http://data.ordnancesurvey.co.uk/id/country/england,,,
CT202AS,http://data.ordnancesurvey.co.uk/id/postcodeunit/CT202AS,CT20 2AS,,,,other,Postcode,622428,136037,3500,18000,,,,,,,Folkestone,http://data.ordnancesurvey.co.uk/id/4000000074566736,http://www.ordnancesurvey.co.uk/xml/codelists/localtype.xml#town,Folkestone and Hythe,http://data.ordnancesurvey.co.uk/id/7000000000018085,http://data.ordnancesurvey.co.uk/ontology/admingeo/District,Kent,http://data.ordnancesurvey.co.uk/id/7000000000018210,http://data.ordnancesurvey.co.uk/ontology/admingeo/County,South East,http://data.ordnancesurvey.co.uk/id/7000000000041421,England,http://data.ordnancesurvey.co.uk/id/country/england,,,
CT202TN,http://data.ordnancesurvey.co.uk/id/postcodeunit/CT202TN,CT20 2TN,,,,other,Postcode,622641,135834,3500,18000,,,,,,,Folkestone,http://data.ordnancesurvey.co.uk/id/4000000074566736,http://www.ordnancesurvey.co.uk/xml/codelists/localtype.xml#town,Folkestone and Hythe,http://data.ordnancesurvey.co.uk/id/7000000000018085,http://data.ordnancesurvey.co.uk/ontology/admingeo/District,Kent,http://data.ordnancesurvey.co.uk/id/7000000000018210,http://data.ordnancesurvey.co.uk/ontology/admingeo/County,South East,http://data.ordnancesurvey.co.uk/id/7000000000041421,England,http://data.ordnancesurvey.co.uk/id/country/england,,,
CT195JU,http://data.ordnancesurvey.co.uk/id/postcodeunit/CT195JU,CT19 5JU,,,,other,Postcode,621424,136701,3500,18000,,,,,,,Folkestone,http://data.ordnancesurvey.co.uk/id/4000000074566736,http://www.ordnancesurvey.co.uk/xml/codelists/localtype.xml#town,Folkestone and Hythe,http://data.ordnancesurvey.co.uk/id/7000000000018085,http://data.ordnancesurvey.co.uk/ontology/admingeo/District,Kent,http://data.ordnancesurvey.co.uk/id/7000000000018210,http://data.ordnancesurvey.co.uk/ontology/admingeo/County,South East,http://data.ordnancesurvey.co.uk/id/7000000000041421,England,http://data.ordnancesurvey.co.uk/id/country/england,,,
CT201HP,http://data.ordnancesurvey.co.uk/id/postcodeunit/CT201HP,CT20 1HP,,,,other,Postcode,622787,136316,3500,18000,,,,,,,Folkestone,http://data.ordnancesurvey.co.uk/id/4000000074566736,http://www.ordnancesurvey.co.uk/xml/codelists/localtype.xml#town,Folkestone and Hythe,http://data.ordnancesurvey.co.uk/id/7000000000018085,http://data.ordnancesurvey.co.uk/ontology/admingeo/District,Kent,http://data.ordnancesurvey.co.uk/id/7000000000018210,http://data.ordnancesurvey.co.uk/ontology/admingeo/County,South East,http://data.ordnancesurvey.co.uk/id/7000000000041421,England,http://data.ordnancesurvey.co.uk/id/country/england,,,
CT203AJ,http://data.ordnancesurvey.co.uk/id/postcodeunit/CT203AJ,CT20 3AJ,,,,other,Postcode,620552,135176,3500,18000,,,,,,,Folkestone,http://data.ordnancesurvey.co.uk/id/4000000074566736,http://www.ordnancesurvey.co.uk/xml/codelists/localtype.xml#town,Folkestone and Hythe,http://data.ordnancesurvey.co.uk/id/7000000000018085,http://data.ordnancesurvey.co.uk/ontology/admingeo/District,Kent,http://data.ordnancesurvey.co.uk/id/7000000000018210,http://data.ordnancesurvey.co.uk/ontology/admingeo/County,South East,http://data.ordnancesurvey.co.uk/id/7000000000041421,England,http://data.ordnancesurvey.co.uk/id/country/england,,,
CT195RA,http://data.ordnancesurvey.co.uk/id/postcodeunit/CT195RA,CT19 5RA,,,,other,Postcode,622644,136864,3500,18000,,,,,,,Folkestone,http://data.ordnancesurvey.co.uk/id/4000000074566736,http://www.ordnancesurvey.co.uk/xml/codelists/localtype.xml#town,Folkestone and Hythe,http://data.ordnancesurvey.co.uk/id/7000000000018085,http://data.ordnancesurvey.co.uk/ontology/admingeo/District,Kent,http://data.ordnancesurvey.co.uk/id/7000000000018210,http://data.ordnancesurvey.co.uk/ontology/admingeo/County,South East,http://data.ordnancesurvey.co.uk/id/7000000000041421,England,http://data.ordnancesurvey.co.uk/id/country/england,,,
CT202SS,http://data.ordnancesurvey.co.uk/id/postcodeunit/CT202SS,CT20 2SS,,,,other,Postcode,622290,135847,3500,18000,,,,,,,Folkestone,http://data.ordnancesurvey.co.uk/id/4000000074566736,http://www.ordnancesurvey.co.uk/xml/codelists/localtype.xml#town,Folkestone and Hythe,http://data.ordnancesurvey.co.uk/id/7000000000018085,http://data.ordnancesurvey.co.uk/ontology/admingeo/District,Kent,http://data.ordnancesurvey.co.uk/id/7000000000018210,http://data.ordnancesurvey.co.uk/ontology/admingeo/County,South East,http://data.ordnancesurvey.co.uk/id/7000000000041421,England,http://data.ordnancesurvey.co.uk/id/country/england,,,
CT202NN,http://data.ordnancesurvey.co.uk/id/postcodeunit/CT202NN,CT20 2NN,,,,other,Postcode,621166,136023,3500,18000,,,,,,,Folkestone,http://data.ordnancesurvey.co.uk/id/4000000074566736,http://www.ordnancesurvey.co.uk/xml/codelists/localtype.xml#town,Folkestone and Hythe,http://data.ordnancesurvey.co.uk/id/7000000000018085,http://data.ordnancesurvey.co.uk/ontology/admingeo/District,Kent,http://data.ordnancesurvey.co.uk/id/7000000000018210,http://data.ordnancesurvey.co.uk/ontology/admingeo/County,South East,http://data.ordnancesurvey.co.uk/id/7000000000041421,England,http://data.ordnancesurvey.co.uk/id/country/england,,,
CT202TG,http://data.ordnancesurvey.co.uk/id/postcodeunit/CT202TG,CT20 2TG,,,,other,Postcode,622184,135767,3500,18000,,,,,,,Folkestone,http://data.ordnancesurvey.co.uk/id/4000000074566736,http://www.ordnancesurvey.co.uk/xml/codelists/localtype.xml#town,Folkestone and Hythe,http://data.ordnancesurvey.co.uk/id/7000000000018085,http://data.ordnancesurvey.co.uk/ontology/admingeo/District,Kent,http://data.ordnancesurvey.co.uk/id/7000000000018210,http://data.ordnancesurvey.co.uk/ontology/admingeo/County,South East,http://data.ordnancesurvey.co.uk/id/7000000000041421,England,http://data.ordnancesurvey.co.uk/id/country/england,,,
CT195TP,http://data.ordnancesurvey.co.uk/id/postcodeunit/CT195TP,CT19 5TP,,,,other,Postcode,621608,137171,3500,18000,,,,,,,Folkestone,http://data.ordnancesurvey.co.uk/id/4000000074566736,http://www.ordnancesurvey.co.uk/xml/codelists/localtype.xml#town,Folkestone and Hythe,http://data.ordnancesurvey.co.uk/id/7000000000018085,http://data.ordnancesurvey.co.uk/ontology/admingeo/District,Kent,http://data.ordnancesurvey.co.uk/id/7000000000018210,http://data.ordnancesurvey.co.uk/ontology/admingeo/County,South East,http://data.ordnancesurvey.co.uk/id/7000000000041421,England,http://data.ordnancesurvey.co.uk/id/country/england,,,
CT187NY,http://data.ordnancesurvey.co.uk/id/postcodeunit/CT187NY,CT18 7NY,,,,other,Postcode,621184,139629,3500,18000,,,,,,,Hawkinge,http://data.ordnancesurvey.co.uk/id/4000000074566747,http://www.ordnancesurvey.co.uk/xml/codelists/localtype.xml#village,Folkestone and Hythe,http://data.ordnancesurvey.co.uk/id/7000000000018085,http://data.ordnancesurvey.co.uk/ontology/admingeo/District,Kent,http://data.ordnancesurvey.co.uk/id/7000000000018210,http://data.ordnancesurvey.co.uk/ontology/admingeo/County,South East,http://data.ordnancesurvey.co.uk/id/7000000000041421,England,http://data.ordnancesurvey.co.uk/id/country/england,,,
CT195DW,http://data.ordnancesurvey.co.uk/id/postcodeunit/CT195DW,CT19 5DW,,,,other,Postcode,622143,137518,3500,18000,,,,,,,Folkestone,http://data.ordnancesurvey.co.uk/id/4000000074566736,http://www.ordnancesurvey.co.uk/xml/codelists/localtype.xml#town,Folkestone and Hythe,http://data.ordnancesurvey.co.uk/id/7000000000018085,http://data.ordnancesurvey.co.uk/ontology/admingeo/District,Kent,http://data.ordnancesurvey.co.uk/id/7000000000018210,http://data.ordnancesurvey.co.uk/ontology/admingeo/County,South East,http://data.ordnancesurvey.co.uk/id/7000000000041421,England,http://data.ordnancesurvey.co.uk/id/country/england,,,
CT202PZ,http://data.ordnancesurvey.co.uk/id/postcodeunit/CT202PZ,CT20 2PZ,,,,other,Postcode,621522,135968,3500,18000,,,,,,,Folkestone,http://data.ordnancesurvey.co.uk/id/4000000074566736,http://www.ordnancesurvey.co.uk/xml/codelists/localtype.xml#town,Folkestone and Hythe,http://data.ordnancesurvey.co.uk/id/7000000000018085,http://data.ordnancesurvey.co.uk/ontology/admingeo/District,Kent,http://data.ordnancesurvey.co.uk/id/7000000000018210,http://data.ordnancesurvey.co.uk/ontology/admingeo/County,South East,http://data.ordnancesurvey.co.uk/id/7000000000041421,England,http://data.ordnancesurvey.co.uk/id/country/england,,,
CT203ZB,http://data.ordnancesurvey.co.uk/id/postcodeunit/CT203ZB,CT20 3ZB,,,,other,Postcode,620691,135426,3500,18000,,,,,,,Folkestone,http://data.ordnancesurvey.co.uk/id/4000000074566736,http://www.ordnancesurvey.co.uk/xml/codelists/localtype.xml#town,Folkestone and Hythe,http://data.ordnancesurvey.co.uk/id/7000000000018085,http://data.ordnancesurvey.co.uk/ontology/admingeo/District,Kent,http://data.ordnancesurvey.co.uk/id/7000000000018210,http://data.ordnancesurvey.co.uk/ontology/admingeo/County,South East,http://data.ordnancesurvey.co.uk/id/7000000000041421,England,http://data.ordnancesurvey.co.uk/id/country/england,,,
CT201NF,http://data.ordnancesurvey.co.uk/id/postcodeunit/CT201NF,CT20 1NF,,,,other,Postcode,623210,136159,3500,18000,,,,,,,Folkestone,http://data.ordnancesurvey.co.uk/id/4000000074566736,http://www.ordnancesurvey.co.uk/xml/codelists/localtype.xml#town,Folkestone and Hythe,http://data.ordnancesurvey.co.uk/id/7000000000018085,http://data.ordnancesurvey.co.uk/ontology/admingeo/District,Kent,http://data.ordnancesurvey.co.uk/id/7000000000018210,http://data.ordnancesurvey.co.uk/ontology/admingeo/County,South East,http://data.ordnancesurvey.co.uk/id/7000000000041421,England,http://data.ordnancesurvey.co.uk/id/country/england,,,
CT203PX,http://data.ordnancesurvey.co.uk/id/postcodeunit/CT203PX,CT20 3PX,,,,other,Postcode,620387,136218,3500,18000,,,,,,,Folkestone,http://data.ordnancesurvey.co.uk/id/4000000074566736,http://www.ordnancesurvey.co.uk/xml/codelists/localtype.xml#town,Folkestone and Hythe,http://data.ordnancesurvey.co.uk/id/7000000000018085,http://data.ordnancesurvey.co.uk/ontology/admingeo/District,Kent,http://data.ordnancesurvey.co.uk/id/7000000000018210,http://data.ordnancesurvey.co.uk/ontology/admingeo/County,South East,http://data.ordnancesurvey.co.uk/id/7000000000041421,England,http://data.ordnancesurvey.co.uk/id/country/england,,,
CT203HY,http://data.ordnancesurvey.co.uk/id/postcodeunit/CT203HY,CT20 3HY,,,,other,Postcode,620162,135172,3500,18000,,,,,,,Folkestone,http://data.ordnancesurvey.co.uk/id/4000000074566736,http://www.ordnancesurvey.co.uk/xml/codelists/localtype.xml#town,Folkestone and Hythe,http://data.ordnancesurvey.co.uk/id/7000000000018085,http://data.ordnancesurvey.co.uk/ontology/admingeo/District,Kent,http://data.ordnancesurvey.co.uk/id/7000000000018210,http://data.ordnancesurvey.co.uk/ontology/admingeo/County,South East,http://data.ordnancesurvey.co.uk/id/7000000000041421,England,http://data.ordnancesurvey.co.uk/id/country/england,,,
CT201JB,http://data.ordnancesurvey.co.uk/id/postcodeunit/CT201JB,CT20 1JB,,,,other,Postcode,622917,136451,3500,18000,,,,,,,Folkestone,http://data.ordnancesurvey.co.uk/id/4000000074566736,http://www.ordnancesurvey.co.uk/xml/codelists/localtype.xml#town,Folkestone and Hythe,http://data.ordnancesurvey.co.uk/id/7000000000018085,http://data.ordnancesurvey.co.uk/ontology/admingeo/District,Kent,http://data.ordnancesurvey.co.uk/id/7000000000018210,http://data.ordnancesurvey.co.uk/ontology/admingeo/County,South East,http://data.ordnancesurvey.co.uk/id/7000000000041421,England,http://data.ordnancesurvey.co.uk/id/country/england,,,
CT201QZ,http://data.ordnancesurvey.co.uk/id/postcodeunit/CT201QZ,CT20 1QZ,,,,other,Postcode,623302,136313,3500,18000,,,,,,,Folkestone,http://data.ordnancesurvey.co.uk/id/4000000074566736,http://www.ordnancesurvey.co.uk/xml/codelists/localtype.xml#town,Folkestone and Hythe,http://data.ordnancesurvey.co.uk/id/7000000000018085,http://data.ordnancesurvey.co.uk/ontology/admingeo/District,Kent,http://data.ordnancesurvey.co.uk/id/7000000000018210,http://data.ordnancesurvey.co.uk/ontology/admingeo/County,South East,http://data.ordnancesurvey.co.uk/id/7000000000041421,England,http://data.ordnancesurvey.co.uk/id/country/england,,,
CT196LA,http://data.ordnancesurvey.co.uk/id/postcodeunit/CT196LA,CT19 6LA,,,,other,Postcode,622565,137774,3500,18000,,,,,,,Folkestone,http://data.ordnancesurvey.co.uk/id/4000000074566736,http://www.ordnancesurvey.co.uk/xml/codelists/localtype.xml#town,Folkestone and Hythe,http://data.ordnancesurvey.co.uk/id/7000000000018085,http://data.ordnancesurvey.co.uk/ontology/admingeo/District,Kent,http://data.ordnancesurvey.co.uk/id/7000000000018210,http://data.ordnancesurvey.co.uk/ontology/admingeo/County,South East,http://data.ordnancesurvey.co.uk/id/7000000000041421,England,http://data.ordnancesurvey.co.uk/id/country/england,,,
CT187FJ,http://data.ordnancesurvey.co.uk/id/postcodeunit/CT187FJ,CT18 7FJ,,,,other,Postcode,621151,139906,3500,18000,,,,,,,Hawkinge,http://data.ordnancesurvey.co.uk/id/4000000074566747,http://www.ordnancesurvey.co.uk/xml/codelists/localtype.xml#village,Folkestone and Hythe,http://data.ordnancesurvey.co.uk/id/7000000000018085,http://data.ordnancesurvey.co.uk/ontology/admingeo/District,Kent,http://data.ordnancesurvey.co.uk/id/7000000000018210,http://data.ordnancesurvey.co.uk/ontology/admingeo/County,South East,http://data.ordnancesurvey.co.uk/id/7000000000041421,England,http://data.ordnancesurvey.co.uk/id/country/england,,,
CT202DY,http://data.ordnancesurvey.co.uk/id/postcodeunit/CT202DY,CT20 2DY,,,,other,Postcode,622488,135607,3500,18000,,,,,,,Folkestone,http://data.ordnancesurvey.co.uk/id/4000000074566736,http://www.ordnancesurvey.co.uk/xml/codelists/localtype.xml#town,Folkestone and Hythe,http://data.ordnancesurvey.co.uk/id/7000000000018085,http://data.ordnancesurvey.co.uk/ontology/admingeo/District,Kent,http://data.ordnancesurvey.co.uk/id/7000000000018210,http://data.ordnancesurvey.co.uk/ontology/admingeo/County,South East,http://data.ordnancesurvey.co.uk/id/7000000000041421,England,http://data.ordnancesurvey.co.uk/id/country/england,,,
CT196BP,http://data.ordnancesurvey.co.uk/id/postcodeunit/CT196BP,CT19 6BP,,,,other,Postcode,623615,136411,3500,18000,,,,,,,Folkestone,http://data.ordnancesurvey.co.uk/id/4000000074566736,http://www.ordnancesurvey.co.uk/xml/codelists/localtype.xml#town,Folkestone and Hythe,http://data.ordnancesurvey.co.uk/id/7000000000018085,http://data.ordnancesurvey.co.uk/ontology/admingeo/District,Kent,http://data.ordnancesurvey.co.uk/id/7000000000018210,http://data.ordnancesurvey.co.uk/ontology/admingeo/County,South East,http://data.ordnancesurvey.co.uk/id/7000000000041421,England,http://data.ordnancesurvey.co.uk/id/country/england,,,
CT195SX,http://data.ordnancesurvey.co.uk/id/postcodeunit/CT195SX,CT19 5SX,,,,other,Postcode,622738,137616,3500,18000,,,,,,,Folkestone,http://data.ordnancesurvey.co.uk/id/4000000074566736,http://www.ordnancesurvey.co.uk/xml/codelists/localtype.xml#town,Folkestone and Hythe,http://data.ordnancesurvey.co.uk/id/7000000000018085,http://data.ordnancesurvey.co.uk/ontology/admingeo/District,Kent,http://data.ordnancesurvey.co.uk/id/7000000000018210,http://data.ordnancesurvey.co.uk/ontology/admingeo/County,South East,http://data.ordnancesurvey.co.uk/id/7000000000041421,England,http://data.ordnancesurvey.co.uk/id/country/england,,,
CT187LZ,http://data.ordnancesurvey.co.uk/id/postcodeunit/CT187LZ,CT18 7LZ,,,,other,Postcode,624836,138591,3500,18000,,,,,,,Capel-le-Ferne,http://data.ordnancesurvey.co.uk/id/4000000074568384,http://www.ordnancesurvey.co.uk/xml/codelists/localtype.xml#village,Dover,http://data.ordnancesurvey.co.uk/id/7000000000017977,http://data.ordnancesurvey.co.uk/ontology/admingeo/District,Kent,http://data.ordnancesurvey.co.uk/id/7000000000018210,http://data.ordnancesurvey.co.uk/ontology/admingeo/County,South East,http://data.ordnancesurvey.co.uk/id/7000000000041421,England,http://data.ordnancesurvey.co.uk/id/country/england,,,
CT201QF,http://data.ordnancesurvey.co.uk/id/postcodeunit/CT201QF,CT20 1QF,,,,other,Postcode,622953,136346,3500,18000,,,,,,,Folkestone,http://data.ordnancesurvey.co.uk/id/4000000074566736,http://www.ordnancesurvey.co.uk/xml/codelists/localtype.xml#town,Folkestone and Hythe,http://data.ordnancesurvey.co.uk/id/7000000000018085,http://data.ordnancesurvey.co.uk/ontology/admingeo/District,Kent,http://data.ordnancesurvey.co.uk/id/7000000000018210,http://data.ordnancesurvey.co.uk/ontology/admingeo/County,South East,http://data.ordnancesurvey.co.uk/id/7000000000041421,England,http://data.ordnancesurvey.co.uk/id/country/england,,,
CT187JA,http://data.ordnancesurvey.co.uk/id/postcodeunit/CT187JA,CT18 7JA,,,,other,Postcode,622008,139476,3500,18000,,,,,,,Hawkinge,http://data.ordnancesurvey.co.uk/id/4000000074566747,http://www.ordnancesurvey.co.uk/xml/codelists/localtype.xml#village,Folkestone and Hythe,http://data.ordnancesurvey.co.uk/id/7000000000018085,http://data.ordnancesurvey.co.uk/ontology/admingeo/District,Kent,http://data.ordnancesurvey.co.uk/id/7000000000018210,http://data.ordnancesurvey.co.uk/ontology/admingeo/County,South East,http://data.ordnancesurvey.co.uk/id/7000000000041421,England,http://data.ordnancesurvey.co.uk/id/country/england,,,
CT201NB,http://data.ordnancesurvey.co.uk/id/postcodeunit/CT201NB,CT20 1NB,,,,other,Postcode,623233,136459,3500,18000,,,,,,,Folkestone,http://data.ordnancesurvey.co.uk/id/4000000074566736,http://www.ordnancesurvey.co.uk/xml/codelists/localtype.xml#town,Folkestone and Hythe,http://data.ordnancesurvey.co.uk/id/7000000000018085,http://data.ordnancesurvey.co.uk/ontology/admingeo/District,Kent,http://data.ordnancesurvey.co.uk/id/7000000000018210,http://data.ordnancesurvey.co.uk/ontology/admingeo/County,South East,http://data.ordnancesurvey.co.uk/id/7000000000041421,England,http://data.ordnancesurvey.co.uk/id/country/england,,,
CT202NL,http://data.ordnancesurvey.co.uk/id/postcodeunit/CT202NL,CT20 2NL,,,,other,Postcode,621280,136073,3500,18000,,,,,,,Folkestone,http://data.ordnancesurvey.co.uk/id/4000000074566736,http://www.ordnancesurvey.co.uk/xml/codelists/localtype.xml#town,Folkestone and Hythe,http://data.ordnancesurvey.co.uk/id/7000000000018085,http://data.ordnancesurvey.co.uk/ontology/admingeo/District,Kent,http://data.ordnancesurvey.co.uk/id/7000000000018210,http://data.ordnancesurvey.co.uk/ontology/admingeo/County,South East,http://data.ordnancesurvey.co.uk/id/7000000000041421,England,http://data.ordnancesurvey.co.uk/id/country/england,,,
CT203ED,http://data.ordnancesurvey.co.uk/id/postcodeunit/CT203ED,CT20 3ED,,,,other,Postcode,620173,135175,3500,18000,,,,,,,Folkestone,http://data.ordnancesurvey.co.uk/id/4000000074566736,http://www.ordnancesurvey.co.uk/xml/codelists/localtype.xml#town,Folkestone and Hythe,http://data.ordnancesurvey.co.uk/id/7000000000018085,http://data.ordnancesurvey.co.uk/ontology/admingeo/District,Kent,http://data.ordnancesurvey.co.uk/id/7000000000018210,http://data.ordnancesurvey.co.uk/ontology/admingeo/County,South East,http://data.ordnancesurvey.co.uk/id/7000000000041421,England,http://data.ordnancesurvey.co.uk/id/country/england,,,
CT201SF,http://data.ordnancesurvey.co.uk/id/postcodeunit/CT201SF,CT20 1SF,,,,other,Postcode,622995,136003,3500,18000,,,,,,,Folkestone,http://data.ordnancesurvey.co.uk/id/4000000074566736,http://www.ordnancesurvey.co.uk/xml/codelists/localtype.xml#town,Folkestone and Hythe,http://data.ordnancesurvey.co.uk/id/7000000000018085,http://data.ordnancesurvey.co.uk/ontology/admingeo/District,Kent,http://data.ordnancesurvey.co.uk/id/7000000000018210,http://data.ordnancesurvey.co.uk/ontology/admingeo/County,South East,http://data.ordnancesurvey.co.uk/id/7000000000041421,England,http://data.ordnancesurvey.co.uk/id/country/england,,,
CT202LJ,http://data.ordnancesurvey.co.uk/id/postcodeunit/CT202LJ,CT20 2LJ,,,,other,Postcode,621541,135502,3500,18000,,,,,,,Folkestone,http://data.ordnancesurvey.co.uk/id/4000000074566736,http://www.ordnancesurvey.co.uk/xml/codelists/localtype.xml#town,Folkestone and Hythe,http://data.ordnancesurvey.co.uk/id/7000000000018085,http://data.ordnancesurvey.co.uk/ontology/admingeo/District,Kent,http://data.ordnancesurvey.co.uk/id/7000000000018210,http://data.ordnancesurvey.co.uk/ontology/admingeo/County,South East,http://data.ordnancesurvey.co.uk/id/7000000000041421,England,http://data.ordnancesurvey.co.uk/id/country/england,,,
CT196QS,http://data.ordnancesurvey.co.uk/id/postcodeunit/CT196QS,CT19 6QS,,,,other,Postcode,623229,137427,3500,18000,,,,,,,Folkestone,http://data.ordnancesurvey.co.uk/id/4000000074566736,http://www.ordnancesurvey.co.uk/xml/codelists/localtype.xml#town,Folkestone and Hythe,http://data.ordnancesurvey.co.uk/id/7000000000018085,http://data.ordnancesurvey.co.uk/ontology/admingeo/District,Kent,http://data.ordnancesurvey.co.uk/id/7000000000018210,http://data.ordnancesurvey.co.uk/ontology/admingeo/County,South East,http://data.ordnancesurvey.co.uk/id/7000000000041421,England,http://data.ordnancesurvey.co.uk/id/country/england,,,
CT202HS,http://data.ordnancesurvey.co.uk/id/postcodeunit/CT202HS,CT20 2HS,,,,other,Postcode,621783,135567,3500,18000,,,,,,,Folkestone,http://data.ordnancesurvey.co.uk/id/4000000074566736,http://www.ordnancesurvey.co.uk/xml/codelists/localtype.xml#town,Folkestone and Hythe,http://data.ordnancesurvey.co.uk/id/7000000000018085,http://data.ordnancesurvey.co.uk/ontology/admingeo/District,Kent,http://data.ordnancesurvey.co.uk/id/7000000000018210,http://data.ordnancesurvey.co.uk/ontology/admingeo/County,South East,http://data.ordnancesurvey.co.uk/id/7000000000041421,England,http://data.ordnancesurvey.co.uk/id/country/england,,,
CT187QF,http://data.ordnancesurvey.co.uk/id/postcodeunit/CT187QF,CT18 7QF,,,,other,Postcode,620811,139467,3500,18000,,,,,,,Hawkinge,http://data.ordnancesurvey.co.uk/id/4000000074566747,http://www.ordnancesurvey.co.uk/xml/codelists/localtype.xml#village,Folkestone and Hythe,http://data.ordnancesurvey.co.uk/id/7000000000018085,http://data.ordnancesurvey.co.uk/ontology/admingeo/District,Kent,http://data.ordnancesurvey.co.uk/id/7000000000018210,http://data.ordnancesurvey.co.uk/ontology/admingeo/County,South East,http://data.ordnancesurvey.co.uk/id/7000000000041421,England,http://data.ordnancesurvey.co.uk/id/country/england,,,
CT179HH,http://data.ordnancesurvey.co.uk/id/postcodeunit/CT179HH,CT17 9HH,,,,other,Postcode,630202,139816,3500,18000,,,,,,,Dover,http://data.ordnancesurvey.co.uk/id/4000000074568379,http://www.ordnancesurvey.co.uk/xml/codelists/localtype.xml#town,Dover,http://data.ordnancesurvey.co.uk/id/7000000000017977,http://data.ordnancesurvey.co.uk/ontology/admingeo/District,Kent,http://data.ordnancesurvey.co.uk/id/7000000000018210,http://data.ordnancesurvey.co.uk/ontology/admingeo/County,South East,http://data.ordnancesurvey.co.uk/id/7000000000041421,England,http://data.ordnancesurvey.co.uk/id/country/england,,,
CT209NS,http://data.ordnancesurvey.co.uk/id/postcodeunit/CT209NS,CT20 9NS,,,,other,Postcode,622641,135834,3500,18000,,,,,,,Folkestone,http://data.ordnancesurvey.co.uk/id/4000000074566736,http://www.ordnancesurvey.co.uk/xml/codelists/localtype.xml#town,Folkestone and Hythe,http://data.ordnancesurvey.co.uk/id/7000000000018085,http://data.ordnancesurvey.co.uk/ontology/admingeo/District,Kent,http://data.ordnancesurvey.co.uk/id/7000000000018210,http://data.ordnancesurvey.co.uk/ontology/admingeo/County,South East,http://data.ordnancesurvey.co.uk/id/7000000000041421,England,http://data.ordnancesurvey.co.uk/id/country/england,,,
CT194PH,http://data.ordnancesurvey.co.uk/id/postcodeunit/CT194PH,CT19 4PH,,,,other,Postcode,620481,137106,3500,18000,,,,,,,Folkestone,http://data.ordnancesurvey.co.uk/id/4000000074566736,http://www.ordnancesurvey.co.uk/xml/codelists/localtype.xml#town,Folkestone and Hythe,http://data.ordnancesurvey.co.uk/id/7000000000018085,http://data.ordnancesurvey.co.uk/ontology/admingeo/District,Kent,http://data.ordnancesurvey.co.uk/id/7000000000018210,http://data.ordnancesurvey.co.uk/ontology/admingeo/County,South East,http://data.ordnancesurvey.co.uk/id/7000000000041421,England,http://data.ordnancesurvey.co.uk/id/country/england,,,
CT201PW,http://data.ordnancesurvey.co.uk/id/postcodeunit/CT201PW,CT20 1PW,,,,other,Postcode,623433,136697,3500,18000,,,,,,,Folkestone,http://data.ordnancesurvey.co.uk/id/4000000074566736,http://www.ordnancesurvey.co.uk/xml/codelists/localtype.xml#town,Folkestone and Hythe,http://data.ordnancesurvey.co.uk/id/7000000000018085,http://data.ordnancesurvey.co.uk/ontology/admingeo/District,Kent,http://data.ordnancesurvey.co.uk/id/7000000000018210,http://data.ordnancesurvey.co.uk/ontology/admingeo/County,South East,http://data.ordnancesurvey.co.uk/id/7000000000041421,England,http://data.ordnancesurvey.co.uk/id/country/england,,,
CT201PP,http://data.ordnancesurvey.co.uk/id/postcodeunit/CT201PP,CT20 1PP,,,,other,Postcode,623452,136673,3500,18000,,,,,,,Folkestone,http://data.ordnancesurvey.co.uk/id/4000000074566736,http://www.ordnancesurvey.co.uk/xml/codelists/localtype.xml#town,Folkestone and Hythe,http://data.ordnancesurvey.co.uk/id/7000000000018085,http://data.ordnancesurvey.co.uk/ontology/admingeo/District,Kent,http://data.ordnancesurvey.co.uk/id/7000000000018210,http://data.ordnancesurvey.co.uk/ontology/admingeo/County,South East,http://data.ordnancesurvey.co.uk/id/7000000000041421,England,http://data.ordnancesurvey.co.uk/id/country/england,,,
CT194ES,http://data.ordnancesurvey.co.uk/id/postcodeunit/CT194ES,CT19 4ES,,,,other,Postcode,620393,136728,3500,18000,,,,,,,Folkestone,http://data.ordnancesurvey.co.uk/id/4000000074566736,http://www.ordnancesurvey.co.uk/xml/codelists/localtype.xml#town,Folkestone and Hythe,http://data.ordnancesurvey.co.uk/id/7000000000018085,http://data.ordnancesurvey.co.uk/ontology/admingeo/District,Kent,http://data.ordnancesurvey.co.uk/id/7000000000018210,http://data.ordnancesurvey.co.uk/ontology/admingeo/County,South East,http://data.ordnancesurvey.co.uk/id/7000000000041421,England,http://data.ordnancesurvey.co.uk/id/country/england,,,
CT194NW,http://data.ordnancesurvey.co.uk/id/postcodeunit/CT194NW,CT19 4NW,,,,other,Postcode,620201,136917,3500,18000,,,,,,,Folkestone,http://data.ordnancesurvey.co.uk/id/4000000074566736,http://www.ordnancesurvey.co.uk/xml/codelists/localtype.xml#town,Folkestone and Hythe,http://data.ordnancesurvey.co.uk/id/7000000000018085,http://data.ordnancesurvey.co.uk/ontology/admingeo/District,Kent,http://data.ordnancesurvey.co.uk/id/7000000000018210,http://data.ordnancesurvey.co.uk/ontology/admingeo/County,South East,http://data.ordnancesurvey.co.uk/id/7000000000041421,England,http://data.ordnancesurvey.co.uk/id/country/england,,,
CT201DL,http://data.ordnancesurvey.co.uk/id/postcodeunit/CT201DL,CT20 1DL,,,,other,Postcode,622358,136206,3500,18000,,,,,,,Folkestone,http://data.ordnancesurvey.co.uk/id/4000000074566736,http://www.ordnancesurvey.co.uk/xml/codelists/localtype.xml#town,Folkestone and Hythe,http://data.ordnancesurvey.co.uk/id/7000000000018085,http://data.ordnancesurvey.co.uk/ontology/admingeo/District,Kent,http://data.ordnancesurvey.co.uk/id/7000000000018210,http://data.ordnancesurvey.co.uk/ontology/admingeo/County,South East,http://data.ordnancesurvey.co.uk/id/7000000000041421,England,http://data.ordnancesurvey.co.uk/id/country/england,,,
CT209GP,http://data.ordnancesurvey.co.uk/id/postcodeunit/CT209GP,CT20 9GP,,,,other,Postcode,622641,135834,3500,18000,,,,,,,Folkestone,http://data.ordnancesurvey.co.uk/id/4000000074566736,http://www.ordnancesurvey.co.uk/xml/codelists/localtype.xml#town,Folkestone and Hythe,http://data.ordnancesurvey.co.uk/id/7000000000018085,http://data.ordnancesurvey.co.uk/ontology/admingeo/District,Kent,http://data.ordnancesurvey.co.uk/id/7000000000018210,http://data.ordnancesurvey.co.uk/ontology/admingeo/County,South East,http://data.ordnancesurvey.co.uk/id/7000000000041421,England,http://data.ordnancesurvey.co.uk/id/country/england,,,
osgb4000000032996186,http://data.ordnancesurvey.co.uk/id/4000000032996186,Wilton Road,,,,transportNetwork,Named Road,621812,136556,2000,20000,621681,136503,621993,136608,CT19,http://data.ordnancesurvey.co.uk/id/postcodedistrict/CT19,Folkestone,http://data.ordnancesurvey.co.uk/id/4000000074566736,http://www.ordnancesurvey.co.uk/xml/codelists/localtype.xml#town,Folkestone and Hythe,http://data.ordnancesurvey.co.uk/id/7000000000018085,http://data.ordnancesurvey.co.uk/ontology/admingeo/District,Kent,http://data.ordnancesurvey.co.uk/id/7000000000018210,http://data.ordnancesurvey.co.uk/ontology/admingeo/County,South East,http://data.ordnancesurvey.co.uk/id/7000000000041421,England,http://data.ordnancesurvey.co.uk/id/country/england,,,
osgb4000000032996159,http://data.ordnancesurvey.co.uk/id/4000000032996159,Mackenzie Drive,,,,transportNetwork,Named Road,620034,136275,2000,20000,619879,136146,620070,136394,CT20,http://data.ordnancesurvey.co.uk/id/postcodedistrict/CT20,Folkestone,http://data.ordnancesurvey.co.uk/id/4000000074566736,http://www.ordnancesurvey.co.uk/xml/codelists/localtype.xml#town,Folkestone and Hythe,http://data.ordnancesurvey.co.uk/id/7000000000018085,http://data.ordnancesurvey.co.uk/ontology/admingeo/District,Kent,http://data.ordnancesurvey.co.uk/id/7000000000018210,http://data.ordnancesurvey.co.uk/ontology/admingeo/County,South East,http://data.ordnancesurvey.co.uk/id/7000000000041421,England,http://data.ordnancesurvey.co.uk/id/country/england,,,
osgb4000000032999616,http://data.ordnancesurvey.co.uk/id/4000000032999616,Foord Road South,,,,transportNetwork,Named Road,622859,136233,1000,20000,622795,136232,622923,136250,CT20,http://data.ordnancesurvey.co.uk/id/postcodedistrict/CT20,Folkestone,http://data.ordnancesurvey.co.uk/id/4000000074566736,http://www.ordnancesurvey.co.uk/xml/codelists/localtype.xml#town,Folkestone and Hythe,http://data.ordnancesurvey.co.uk/id/7000000000018085,http://data.ordnancesurvey.co.uk/ontology/admingeo/District,Kent,http://data.ordnancesurvey.co.uk/id/7000000000018210,http://data.ordnancesurvey.co.uk/ontology/admingeo/County,South East,http://data.ordnancesurvey.co.uk/id/7000000000041421,England,http://data.ordnancesurvey.co.uk/id/country/england,,,
osgb4000000032999652,http://data.ordnancesurvey.co.uk/id/4000000032999652,Rossendale Gardens,,,,transportNetwork,Named Road,623310,136665,1000,20000,623273,136641,623356,136677,CT20,http://data.ordnancesurvey.co.uk/id/postcodedistrict/CT20,Folkestone,http://data.ordnancesurvey.co.uk/id/4000000074566736,http://www.ordnancesurvey.co.uk/xml/codelists/localtype.xml#town,Folkestone and Hythe,http://data.ordnancesurvey.co.uk/id/7000000000018085,http://data.ordnancesurvey.co.uk/ontology/admingeo/District,Kent,http://data.ordnancesurvey.co.uk/id/7000000000018210,http://data.ordnancesurvey.co.uk/ontology/admingeo/County,South East,http://data.ordnancesurvey.co.uk/id/7000000000041421,England,http://data.ordnancesurvey.co.uk/id/country/england,,,
osgb5000005290482130,http://data.ordnancesurvey.co.uk/id/5000005290482130,Terlingham Gardens,,,,transportNetwork,Named Road,621427,139279,1000,20000,621422,139234,621476,139311,CT18,http://data.ordnancesurvey.co.uk/id/postcodedistrict/CT18,Hawkinge,http://data.ordnancesurvey.co.uk/id/4000000074566747,http://www.ordnancesurvey.co.uk/xml/codelists/localtype.xml#village,Folkestone and Hythe,http://data.ordnancesurvey.co.uk/id/7000000000018085,http://data.ordnancesurvey.co.uk/ontology/admingeo/District,Kent,http://data.ordnancesurvey.co.uk/id/7000000000018210,http://data.ordnancesurvey.co.uk/ontology/admingeo/County,South East,http://data.ordnancesurvey.co.uk/id/7000000000041421,England,http://data.ordnancesurvey.co.uk/id/country/england,,,
osgb4000000033001199,http://data.ordnancesurvey.co.uk/id/4000000033001199,Foster Close,,,,transportNetwork,Named Road,620428,137237,1000,20000,620423,137201,620463,137266,CT19,http://data.ordnancesurvey.co.uk/id/postcodedistrict/CT19,Folkestone,http://data.ordnancesurvey.co.uk/id/4000000074566736,http://www.ordnancesurvey.co.uk/xml/codelists/localtype.xml#town,Folkestone and Hythe,http://data.ordnancesurvey.co.uk/id/7000000000018085,http://data.ordnancesurvey.co.uk/ontology/admingeo/District,Kent,http://data.ordnancesurvey.co.uk/id/7000000000018210,http://data.ordnancesurvey.co.uk/ontology/admingeo/County,South East,http://data.ordnancesurvey.co.uk/id/7000000000041421,England,http://data.ordnancesurvey.co.uk/id/country/england,,,
osgb4000000032997648,http://data.ordnancesurvey.co.uk/id/4000000032997648,St John's Street,,,,transportNetwork,Named Road,622967,136453,1000,20000,622851,136360,623027,136453,CT20,http://data.ordnancesurvey.co.uk/id/postcodedistrict/CT20,Folkestone,http://data.ordnancesurvey.co.uk/id/4000000074566736,http://www.ordnancesurvey.co.uk/xml/codelists/localtype.xml#town,Folkestone and Hythe,http://data.ordnancesurvey.co.uk/id/7000000000018085,http://data.ordnancesurvey.co.uk/ontology/admingeo/District,Kent,http://data.ordnancesurvey.co.uk/id/7000000000018210,http://data.ordnancesurvey.co.uk/ontology/admingeo/County,South East,http://data.ordnancesurvey.co.uk/id/7000000000041421,England,http://data.ordnancesurvey.co.uk/id/country/england,,,
osgb4000000032996243,http://data.ordnancesurvey.co.uk/id/4000000032996243,Avondale Road,,,,transportNetwork,Named Road,625196,138616,2000,20000,625116,138452,625320,138722,CT18,http://data.ordnancesurvey.co.uk/id/postcodedistrict/CT18,Capel-le-Ferne,http://data.ordnancesurvey.co.uk/id/4000000074568384,http://www.ordnancesurvey.co.uk/xml/codelists/localtype.xml#village,Dover,http://data.ordnancesurvey.co.uk/id/7000000000017977,http://data.ordnancesurvey.co.uk/ontology/admingeo/District,Kent,http://data.ordnancesurvey.co.uk/id/7000000000018210,http://data.ordnancesurvey.co.uk/ontology/admingeo/County,South East,http://data.ordnancesurvey.co.uk/id/7000000000041421,England,http://data.ordnancesurvey.co.uk/id/country/england,,,
osgb4000000032997671,http://data.ordnancesurvey.co.uk/id/4000000032997671,Bradstone Avenue,,,,transportNetwork,Named Road,622712,136554,1000,20000,622661,136446,622754,136650,CT19,http://data.ordnancesurvey.co.uk/id/postcodedistrict/CT19,Folkestone,http://data.ordnancesurvey.co.uk/id/4000000074566736,http://www.ordnancesurvey.co.uk/xml/codelists/localtype.xml#town,Folkestone and Hythe,http://data.ordnancesurvey.co.uk/id/7000000000018085,http://data.ordnancesurvey.co.uk/ontology/admingeo/District,Kent,http://data.ordnancesurvey.co.uk/id/7000000000018210,http://data.ordnancesurvey.co.uk/ontology/admingeo/County,South East,http://data.ordnancesurvey.co.uk/id/7000000000041421,England,http://data.ordnancesurvey.co.uk/id/country/england,,,
osgb4000000032997630,http://data.ordnancesurvey.co.uk/id/4000000032997630,Claremont Road,,,,transportNetwork,Named Road,622331,136130,1000,20000,622325,136124,622469,136214,CT20,http://data.ordnancesurvey.co.uk/id/postcodedistrict/CT20,Folkestone,http://data.ordnancesurvey.co.uk/id/4000000074566736,http://www.ordnancesurvey.co.uk/xml/codelists/localtype.xml#town,Folkestone and Hythe,http://data.ordnancesurvey.co.uk/id/7000000000018085,http://data.ordnancesurvey.co.uk/ontology/admingeo/District,Kent,http://data.ordnancesurvey.co.uk/id/7000000000018210,http://data.ordnancesurvey.co.uk/ontology/admingeo/County,South East,http://data.ordnancesurvey.co.uk/id/7000000000041421,England,http://data.ordnancesurvey.co.uk/id/country/england,,,
osgb4000000033001194,http://data.ordnancesurvey.co.uk/id/4000000033001194,Myrtle Road,,,,transportNetwork,Named Road,623257,136913,1000,20000,623257,136893,623297,136913,CT19,http://data.ordnancesurvey.co.uk/id/postcodedistrict/CT19,Folkestone,http://data.ordnancesurvey.co.uk/id/4000000074566736,http://www.ordnancesurvey.co.uk/xml/codelists/localtype.xml#town,Folkestone and Hythe,http://data.ordnancesurvey.co.uk/id/7000000000018085,http://data.ordnancesurvey.co.uk/ontology/admingeo/District,Kent,http://data.ordnancesurvey.co.uk/id/7000000000018210,http://data.ordnancesurvey.co.uk/ontology/admingeo/County,South East,http://data.ordnancesurvey.co.uk/id/7000000000041421,England,http://data.ordnancesurvey.co.uk/id/country/england,,,
e7a2c9c9-a94b-4c8d-9201-9a8981db7d8b,http://data.ordnancesurvey.co.uk/id/e7a2c9c9-a94b-4c8d-9201-9a8981db7d8b,Terlingham Lane,,,,transportNetwork,Section Of Named Road,621185,138930,1000,25000,621148,138858,621249,139025,CT18,http://data.ordnancesurvey.co.uk/id/postcodedistrict/CT18,Hawkinge,http://data.ordnancesurvey.co.uk/id/4000000074566747,http://www.ordnancesurvey.co.uk/xml/codelists/localtype.xml#village,Folkestone and Hythe,http://data.ordnancesurvey.co.uk/id/7000000000018085,http://data.ordnancesurvey.co.uk/ontology/admingeo/District,Kent,http://data.ordnancesurvey.co.uk/id/7000000000018210,http://data.ordnancesurvey.co.uk/ontology/admingeo/County,South East,http://data.ordnancesurvey.co.uk/id/7000000000041421,England,http://data.ordnancesurvey.co.uk/id/country/england,osgb5000005125445778,,
4416039a-cb75-4362-8eb6-e11d98282332,http://data.ordnancesurvey.co.uk/id/4416039a-cb75-4362-8eb6-e11d98282332,New Dover Road,,,,transportNetwork,Section Of Named Road,625053,138561,13000,25000,624086,137872,626141,138733,CT18,http://data.ordnancesurvey.co.uk/id/postcodedistrict/CT18,Capel-le-Ferne,http://data.ordnancesurvey.co.uk/id/4000000074568384,http://www.ordnancesurvey.co.uk/xml/codelists/localtype.xml#village,Dover,http://data.ordnancesurvey.co.uk/id/7000000000017977,http://data.ordnancesurvey.co.uk/ontology/admingeo/District,Kent,http://data.ordnancesurvey.co.uk/id/7000000000018210,http://data.ordnancesurvey.co.uk/ontology/admingeo/County,South East,http://data.ordnancesurvey.co.uk/id/7000000000041421,England,http://data.ordnancesurvey.co.uk/id/country/england,osgb4000000032994906,,
osgb4000000073337006,http://data.ordnancesurvey.co.uk/id/4000000073337006,The Harvey Grammar School,,,,other,Secondary Education,620934,136878,3000,50000,620792,136525,621292,137025,CT19,http://data.ordnancesurvey.co.uk/id/postcodedistrict/CT19,Folkestone,http://data.ordnancesurvey.co.uk/id/4000000074566736,http://www.ordnancesurvey.co.uk/xml/codelists/localtype.xml#town,Folkestone and Hythe,http://data.ordnancesurvey.co.uk/id/7000000000018085,http://data.ordnancesurvey.co.uk/ontology/admingeo/District,Kent,http://data.ordnancesurvey.co.uk/id/7000000000018210,http://data.ordnancesurvey.co.uk/ontology/admingeo/County,South East,http://data.ordnancesurvey.co.uk/id/7000000000041421,England,http://data.ordnancesurvey.co.uk/id/country/england,,,
osgb4000000073332107,http://data.ordnancesurvey.co.uk/id/4000000073332107,The Churchill School,,,,other,Primary Education,621283,139616,2000,50000,621007,139366,621507,139866,CT18,http://data.ordnancesurvey.co.uk/id/postcodedistrict/CT18,Hawkinge,http://data.ordnancesurvey.co.uk/id/4000000074566747,http://www.ordnancesurvey.co.uk/xml/codelists/localtype.xml#village,Folkestone and Hythe,http://data.ordnancesurvey.co.uk/id/7000000000018085,http://data.ordnancesurvey.co.uk/ontology/admingeo/District,Kent,http://data.ordnancesurvey.co.uk/id/7000000000018210,http://data.ordnancesurvey.co.uk/ontology/admingeo/County,South East,http://data.ordnancesurvey.co.uk/id/7000000000041421,England,http://data.ordnancesurvey.co.uk/id/country/england,,,
osgb4000000033032069,http://data.ordnancesurvey.co.uk/id/4000000033032069,Green Court,,,,transportNetwork,Named Road,623235,137362,1000,20000,623202,137355,623245,137381,CT19,http://data.ordnancesurvey.co.uk/id/postcodedistrict/CT19,Folkestone,http://data.ordnancesurvey.co.uk/id/4000000074566736,http://www.ordnancesurvey.co.uk/xml/codelists/localtype.xml#town,Folkestone and Hythe,http://data.ordnancesurvey.co.uk/id/7000000000018085,http://data.ordnancesurvey.co.uk/ontology/admingeo/District,Kent,http://data.ordnancesurvey.co.uk/id/7000000000018210,http://data.ordnancesurvey.co.uk/ontology/admingeo/County,South East,http://data.ordnancesurvey.co.uk/id/7000000000041421,England,http://data.ordnancesurvey.co.uk/id/country/england,,,
bf32235f-849b-46b0-9cc3-1f5aab52f7bb,http://data.ordnancesurvey.co.uk/id/bf32235f-849b-46b0-9cc3-1f5aab52f7bb,Winehouse Lane,,,,transportNetwork,Section Of Named Road,625496,139206,1000,25000,625445,139140,625549,139273,CT18,http://data.ordnancesurvey.co.uk/id/postcodedistrict/CT18,Satmar,http://data.ordnancesurvey.co.uk/id/4000000074568382,http://www.ordnancesurvey.co.uk/xml/codelists/localtype.xml#hamlet,Dover,http://data.ordnancesurvey.co.uk/id/7000000000017977,http://data.ordnancesurvey.co.uk/ontology/admingeo/District,Kent,http://data.ordnancesurvey.co.uk/id/7000000000018210,http://data.ordnancesurvey.co.uk/ontology/admingeo/County,South East,http://data.ordnancesurvey.co.uk/id/7000000000041421,England,http://data.ordnancesurvey.co.uk/id/country/england,osgb4000000032995470,,
osgb4000000073330357,http://data.ordnancesurvey.co.uk/id/4000000073330357,Capel-le-Ferne Primary School,,,,other,Primary Education,625017,139061,1000,50000,624767,138811,625267,139311,CT18,http://data.ordnancesurvey.co.uk/id/postcodedistrict/CT18,Capel-le-Ferne,http://data.ordnancesurvey.co.uk/id/4000000074568384,http://www.ordnancesurvey.co.uk/xml/codelists/localtype.xml#village,Dover,http://data.ordnancesurvey.co.uk/id/7000000000017977,http://data.ordnancesurvey.co.uk/ontology/admingeo/District,Kent,http://data.ordnancesurvey.co.uk/id/7000000000018210,http://data.ordnancesurvey.co.uk/ontology/admingeo/County,South East,http://data.ordnancesurvey.co.uk/id/7000000000041421,England,http://data.ordnancesurvey.co.uk/id/country/england,,,
osgb5000005332765344,http://data.ordnancesurvey.co.uk/id/5000005332765344,Shoreline Crescent,,,,transportNetwork,Named Road,622841,135597,1000,20000,622758,135593,622896,135683,CT20,http://data.ordnancesurvey.co.uk/id/postcodedistrict/CT20,Folkestone,http://data.ordnancesurvey.co.uk/id/4000000074566736,http://www.ordnancesurvey.co.uk/xml/codelists/localtype.xml#town,Folkestone and Hythe,http://data.ordnancesurvey.co.uk/id/7000000000018085,http://data.ordnancesurvey.co.uk/ontology/admingeo/District,Kent,http://data.ordnancesurvey.co.uk/id/7000000000018210,http://data.ordnancesurvey.co.uk/ontology/admingeo/County,South East,http://data.ordnancesurvey.co.uk/id/7000000000041421,England,http://data.ordnancesurvey.co.uk/id/country/england,,,
CT201SR,http://data.ordnancesurvey.co.uk/id/postcodeunit/CT201SR,CT20 1SR,,,,other,Postcode,623097,136033,3500,18000,,,,,,,Folkestone,http://data.ordnancesurvey.co.uk/id/4000000074566736,http://www.ordnancesurvey.co.uk/xml/codelists/localtype.xml#town,Folkestone and Hythe,http://data.ordnancesurvey.co.uk/id/7000000000018085,http://data.ordnancesurvey.co.uk/ontology/admingeo/District,Kent,http://data.ordnancesurvey.co.uk/id/7000000000018210,http://data.ordnancesurvey.co.uk/ontology/admingeo/County,South East,http://data.ordnancesurvey.co.uk/id/7000000000041421,England,http://data.ordnancesurvey.co.uk/id/country/england,,,
CT194DZ,http://data.ordnancesurvey.co.uk/id/postcodeunit/CT194DZ,CT19 4DZ,,,,other,Postcode,620621,136799,3500,18000,,,,,,,Folkestone,http://data.ordnancesurvey.co.uk/id/4000000074566736,http://www.ordnancesurvey.co.uk/xml/codelists/localtype.xml#town,Folkestone and Hythe,http://data.ordnancesurvey.co.uk/id/7000000000018085,http://data.ordnancesurvey.co.uk/ontology/admingeo/District,Kent,http://data.ordnancesurvey.co.uk/id/7000000000018210,http://data.ordnancesurvey.co.uk/ontology/admingeo/County,South East,http://data.ordnancesurvey.co.uk/id/7000000000041421,England,http://data.ordnancesurvey.co.uk/id/country/england,,,
CT202JG,http://data.ordnancesurvey.co.uk/id/postcodeunit/CT202JG,CT20 2JG,,,,other,Postcode,621064,135436,3500,18000,,,,,,,Folkestone,http://data.ordnancesurvey.co.uk/id/4000000074566736,http://www.ordnancesurvey.co.uk/xml/codelists/localtype.xml#town,Folkestone and Hythe,http://data.ordnancesurvey.co.uk/id/7000000000018085,http://data.ordnancesurvey.co.uk/ontology/admingeo/District,Kent,http://data.ordnancesurvey.co.uk/id/7000000000018210,http://data.ordnancesurvey.co.uk/ontology/admingeo/County,South East,http://data.ordnancesurvey.co.uk/id/7000000000041421,England,http://data.ordnancesurvey.co.uk/id/country/england,,,
CT195UY,http://data.ordnancesurvey.co.uk/id/postcodeunit/CT195UY,CT19 5UY,,,,other,Postcode,622225,136997,3500,18000,,,,,,,Folkestone,http://data.ordnancesurvey.co.uk/id/4000000074566736,http://www.ordnancesurvey.co.uk/xml/codelists/localtype.xml#town,Folkestone and Hythe,http://data.ordnancesurvey.co.uk/id/7000000000018085,http://data.ordnancesurvey.co.uk/ontology/admingeo/District,Kent,http://data.ordnancesurvey.co.uk/id/7000000000018210,http://data.ordnancesurvey.co.uk/ontology/admingeo/County,South East,http://data.ordnancesurvey.co.uk/id/7000000000041421,England,http://data.ordnancesurvey.co.uk/id/country/england,,,
CT202DH,http://data.ordnancesurvey.co.uk/id/postcodeunit/CT202DH,CT20 2DH,,,,other,Postcode,622085,135836,3500,18000,,,,,,,Folkestone,http://data.ordnancesurvey.co.uk/id/4000000074566736,http://www.ordnancesurvey.co.uk/xml/codelists/localtype.xml#town,Folkestone and Hythe,http://data.ordnancesurvey.co.uk/id/7000000000018085,http://data.ordnancesurvey.co.uk/ontology/admingeo/District,Kent,http://data.ordnancesurvey.co.uk/id/7000000000018210,http://data.ordnancesurvey.co.uk/ontology/admingeo/County,South East,http://data.ordnancesurvey.co.uk/id/7000000000041421,England,http://data.ordnancesurvey.co.uk/id/country/england,,,
CT187JH,http://data.ordnancesurvey.co.uk/id/postcodeunit/CT187JH,CT18 7JH,,,,other,Postcode,624052,137879,3500,18000,,,,,,,Capel-le-Ferne,http://data.ordnancesurvey.co.uk/id/4000000074568384,http://www.ordnancesurvey.co.uk/xml/codelists/localtype.xml#village,Folkestone and Hythe,http://data.ordnancesurvey.co.uk/id/7000000000018085,http://data.ordnancesurvey.co.uk/ontology/admingeo/District,Kent,http://data.ordnancesurvey.co.uk/id/7000000000018210,http://data.ordnancesurvey.co.uk/ontology/admingeo/County,South East,http://data.ordnancesurvey.co.uk/id/7000000000041421,England,http://data.ordnancesurvey.co.uk/id/country/england,,,
CT202LP,http://data.ordnancesurvey.co.uk/id/postcodeunit/CT202LP,CT20 2LP,,,,other,Postcode,621400,135496,3500,18000,,,,,,,Folkestone,http://data.ordnancesurvey.co.uk/id/4000000074566736,http://www.ordnancesurvey.co.uk/xml/codelists/localtype.xml#town,Folkestone and Hythe,http://data.ordnancesurvey.co.uk/id/7000000000018085,http://data.ordnancesurvey.co.uk/ontology/admingeo/District,Kent,http://data.ordnancesurvey.co.uk/id/7000000000018210,http://data.ordnancesurvey.co.uk/ontology/admingeo/County,South East,http://data.ordnancesurvey.co.uk/id/7000000000041421,England,http://data.ordnancesurvey.co.uk/id/country/england,,,
CT194EZ,http://data.ordnancesurvey.co.uk/id/postcodeunit/CT194EZ,CT19 4EZ,,,,other,Postcode,620241,136769,3500,18000,,,,,,,Folkestone,http://data.ordnancesurvey.co.uk/id/4000000074566736,http://www.ordnancesurvey.co.uk/xml/codelists/localtype.xml#town,Folkestone and Hythe,http://data.ordnancesurvey.co.uk/id/7000000000018085,http://data.ordnancesurvey.co.uk/ontology/admingeo/District,Kent,http://data.ordnancesurvey.co.uk/id/7000000000018210,http://data.ordnancesurvey.co.uk/ontology/admingeo/County,South East,http://data.ordnancesurvey.co.uk/id/7000000000041421,England,http://data.ordnancesurvey.co.uk/id/country/england,,,
CT203AD,http://data.ordnancesurvey.co.uk/id/postcodeunit/CT203AD,CT20 3AD,,,,other,Postcode,620848,135262,3500,18000,,,,,,,Folkestone,http://data.ordnancesurvey.co.uk/id/4000000074566736,http://www.ordnancesurvey.co.uk/xml/codelists/localtype.xml#town,Folkestone and Hythe,http://data.ordnancesurvey.co.uk/id/7000000000018085,http://data.ordnancesurvey.co.uk/ontology/admingeo/District,Kent,http://data.ordnancesurvey.co.uk/id/7000000000018210,http://data.ordnancesurvey.co.uk/ontology/admingeo/County,South East,http://data.ordnancesurvey.co.uk/id/7000000000041421,England,http://data.ordnancesurvey.co.uk/id/country/england,,,
osgb5000005325049429,http://data.ordnancesurvey.co.uk/id/5000005325049429,South Street,,,,transportNetwork,Named Road,623210,136013,1000,20000,623187,135965,623224,136055,CT20,http://data.ordnancesurvey.co.uk/id/postcodedistrict/CT20,Folkestone,http://data.ordnancesurvey.co.uk/id/4000000074566736,http://www.ordnancesurvey.co.uk/xml/codelists/localtype.xml#town,Folkestone and Hythe,http://data.ordnancesurvey.co.uk/id/7000000000018085,http://data.ordnancesurvey.co.uk/ontology/admingeo/District,Kent,http://data.ordnancesurvey.co.uk/id/7000000000018210,http://data.ordnancesurvey.co.uk/ontology/admingeo/County,South East,http://data.ordnancesurvey.co.uk/id/7000000000041421,England,http://data.ordnancesurvey.co.uk/id/country/england,,,
CT195UP,http://data.ordnancesurvey.co.uk/id/postcodeunit/CT195UP,CT19 5UP,,,,other,Postcode,622794,137606,3500,18000,,,,,,,Folkestone,http://data.ordnancesurvey.co.uk/id/4000000074566736,http://www.ordnancesurvey.co.uk/xml/codelists/localtype.xml#town,Folkestone and Hythe,http://data.ordnancesurvey.co.uk/id/7000000000018085,http://data.ordnancesurvey.co.uk/ontology/admingeo/District,Kent,http://data.ordnancesurvey.co.uk/id/7000000000018210,http://data.ordnancesurvey.co.uk/ontology/admingeo/County,South East,http://data.ordnancesurvey.co.uk/id/7000000000041421,England,http://data.ordnancesurvey.co.uk/id/country/england,,,
osgb4000000032997614,http://data.ordnancesurvey.co.uk/id/4000000032997614,Fairway Avenue,,,,transportNetwork,Named Road,621286,137051,1000,20000,621191,136971,621411,137096,CT19,http://data.ordnancesurvey.co.uk/id/postcodedistrict/CT19,Folkestone,http://data.ordnancesurvey.co.uk/id/4000000074566736,http://www.ordnancesurvey.co.uk/xml/codelists/localtype.xml#town,Folkestone and Hythe,http://data.ordnancesurvey.co.uk/id/7000000000018085,http://data.ordnancesurvey.co.uk/ontology/admingeo/District,Kent,http://data.ordnancesurvey.co.uk/id/7000000000018210,http://data.ordnancesurvey.co.uk/ontology/admingeo/County,South East,http://data.ordnancesurvey.co.uk/id/7000000000041421,England,http://data.ordnancesurvey.co.uk/id/country/england,,,
osgb4000000032999612,http://data.ordnancesurvey.co.uk/id/4000000032999612,North Street,,,,transportNetwork,Named Road,623283,136113,1000,20000,623283,136084,623293,136196,CT19,http://data.ordnancesurvey.co.uk/id/postcodedistrict/CT19,Folkestone,http://data.ordnancesurvey.co.uk/id/4000000074566736,http://www.ordnancesurvey.co.uk/xml/codelists/localtype.xml#town,Folkestone and Hythe,http://data.ordnancesurvey.co.uk/id/7000000000018085,http://data.ordnancesurvey.co.uk/ontology/admingeo/District,Kent,http://data.ordnancesurvey.co.uk/id/7000000000018210,http://data.ordnancesurvey.co.uk/ontology/admingeo/County,South East,http://data.ordnancesurvey.co.uk/id/7000000000041421,England,http://data.ordnancesurvey.co.uk/id/country/england,,,
osgb4000000033001167,http://data.ordnancesurvey.co.uk/id/4000000033001167,Martha Close,,,,transportNetwork,Named Road,621522,137044,1000,20000,621520,137022,621533,137068,CT19,http://data.ordnancesurvey.co.uk/id/postcodedistrict/CT19,Folkestone,http://data.ordnancesurvey.co.uk/id/4000000074566736,http://www.ordnancesurvey.co.uk/xml/codelists/localtype.xml#town,Folkestone and Hythe,http://data.ordnancesurvey.co.uk/id/7000000000018085,http://data.ordnancesurvey.co.uk/ontology/admingeo/District,Kent,http://data.ordnancesurvey.co.uk/id/7000000000018210,http://data.ordnancesurvey.co.uk/ontology/admingeo/County,South East,http://data.ordnancesurvey.co.uk/id/7000000000041421,England,http://data.ordnancesurvey.co.uk/id/country/england,,,
osgb5000005134001819,http://data.ordnancesurvey.co.uk/id/5000005134001819,Castle Mews,,,,transportNetwork,Named Road,622120,135985,1000,20000,622067,135942,622135,136035,CT20,http://data.ordnancesurvey.co.uk/id/postcodedistrict/CT20,Folkestone,http://data.ordnancesurvey.co.uk/id/4000000074566736,http://www.ordnancesurvey.co.uk/xml/codelists/localtype.xml#town,Folkestone and Hythe,http://data.ordnancesurvey.co.uk/id/7000000000018085,http://data.ordnancesurvey.co.uk/ontology/admingeo/District,Kent,http://data.ordnancesurvey.co.uk/id/7000000000018210,http://data.ordnancesurvey.co.uk/ontology/admingeo/County,South East,http://data.ordnancesurvey.co.uk/id/7000000000041421,England,http://data.ordnancesurvey.co.uk/id/country/england,,,
osgb4000000033001189,http://data.ordnancesurvey.co.uk/id/4000000033001189,Elm Road,,,,transportNetwork,Named Road,623227,136836,1000,20000,623227,136818,623264,136836,CT19,http://data.ordnancesurvey.co.uk/id/postcodedistrict/CT19,Folkestone,http://data.ordnancesurvey.co.uk/id/4000000074566736,http://www.ordnancesurvey.co.uk/xml/codelists/localtype.xml#town,Folkestone and Hythe,http://data.ordnancesurvey.co.uk/id/7000000000018085,http://data.ordnancesurvey.co.uk/ontology/admingeo/District,Kent,http://data.ordnancesurvey.co.uk/id/7000000000018210,http://data.ordnancesurvey.co.uk/ontology/admingeo/County,South East,http://data.ordnancesurvey.co.uk/id/7000000000041421,England,http://data.ordnancesurvey.co.uk/id/country/england,,,
osgb4000000032996198,http://data.ordnancesurvey.co.uk/id/4000000032996198,Guildhall Street North,,,,transportNetwork,Named Road,622666,136230,2000,20000,622580,136123,622749,136370,CT20,http://data.ordnancesurvey.co.uk/id/postcodedistrict/CT20,Folkestone,http://data.ordnancesurvey.co.uk/id/4000000074566736,http://www.ordnancesurvey.co.uk/xml/codelists/localtype.xml#town,Folkestone and Hythe,http://data.ordnancesurvey.co.uk/id/7000000000018085,http://data.ordnancesurvey.co.uk/ontology/admingeo/District,Kent,http://data.ordnancesurvey.co.uk/id/7000000000018210,http://data.ordnancesurvey.co.uk/ontology/admingeo/County,South East,http://data.ordnancesurvey.co.uk/id/7000000000041421,England,http://data.ordnancesurvey.co.uk/id/country/england,,,
osgb4000000032997665,http://data.ordnancesurvey.co.uk/id/4000000032997665,Walton Road,,,,transportNetwork,Named Road,622690,136819,1000,20000,622669,136722,622766,136883,CT19,http://data.ordnancesurvey.co.uk/id/postcodedistrict/CT19,Folkestone,http://data.ordnancesurvey.co.uk/id/4000000074566736,http://www.ordnancesurvey.co.uk/xml/codelists/localtype.xml#town,Folkestone and Hythe,http://data.ordnancesurvey.co.uk/id/7000000000018085,http://data.ordnancesurvey.co.uk/ontology/admingeo/District,Kent,http://data.ordnancesurvey.co.uk/id/7000000000018210,http://data.ordnancesurvey.co.uk/ontology/admingeo/County,South East,http://data.ordnancesurvey.co.uk/id/7000000000041421,England,http://data.ordnancesurvey.co.uk/id/country/england,,,
osgb4000000032995460,http://data.ordnancesurvey.co.uk/id/4000000032995460,Joyes Road,,,,transportNetwork,Named Road,623169,137218,4000,20000,622896,137086,623443,137348,CT19,http://data.ordnancesurvey.co.uk/id/postcodedistrict/CT19,Folkestone,http://data.ordnancesurvey.co.uk/id/4000000074566736,http://www.ordnancesurvey.co.uk/xml/codelists/localtype.xml#town,Folkestone and Hythe,http://data.ordnancesurvey.co.uk/id/7000000000018085,http://data.ordnancesurvey.co.uk/ontology/admingeo/District,Kent,http://data.ordnancesurvey.co.uk/id/7000000000018210,http://data.ordnancesurvey.co.uk/ontology/admingeo/County,South East,http://data.ordnancesurvey.co.uk/id/7000000000041421,England,http://data.ordnancesurvey.co.uk/id/country/england,,,
CT201PY,http://data.ordnancesurvey.co.uk/id/postcodeunit/CT201PY,CT20 1PY,,,,other,Postcode,623095,135797,3500,18000,,,,,,,Folkestone,http://data.ordnancesurvey.co.uk/id/4000000074566736,http://www.ordnancesurvey.co.uk/xml/codelists/localtype.xml#town,Folkestone and Hythe,http://data.ordnancesurvey.co.uk/id/7000000000018085,http://data.ordnancesurvey.co.uk/ontology/admingeo/District,Kent,http://data.ordnancesurvey.co.uk/id/7000000000018210,http://data.ordnancesurvey.co.uk/ontology/admingeo/County,South East,http://data.ordnancesurvey.co.uk/id/7000000000041421,England,http://data.ordnancesurvey.co.uk/id/country/england,,,
CT187AZ,http://data.ordnancesurvey.co.uk/id/postcodeunit/CT187AZ,CT18 7AZ,,,,other,Postcode,625615,138649,3500,18000,,,,,,,Capel-le-Ferne,http://data.ordnancesurvey.co.uk/id/4000000074568384,http://www.ordnancesurvey.co.uk/xml/codelists/localtype.xml#village,Dover,http://data.ordnancesurvey.co.uk/id/7000000000017977,http://data.ordnancesurvey.co.uk/ontology/admingeo/District,Kent,http://data.ordnancesurvey.co.uk/id/7000000000018210,http://data.ordnancesurvey.co.uk/ontology/admingeo/County,South East,http://data.ordnancesurvey.co.uk/id/7000000000041421,England,http://data.ordnancesurvey.co.uk/id/country/england,,,
CT195JH,http://data.ordnancesurvey.co.uk/id/postcodeunit/CT195JH,CT19 5JH,,,,other,Postcode,621909,136967,3500,18000,,,,,,,Folkestone,http://data.ordnancesurvey.co.uk/id/4000000074566736,http://www.ordnancesurvey.co.uk/xml/codelists/localtype.xml#town,Folkestone and Hythe,http://data.ordnancesurvey.co.uk/id/7000000000018085,http://data.ordnancesurvey.co.uk/ontology/admingeo/District,Kent,http://data.ordnancesurvey.co.uk/id/7000000000018210,http://data.ordnancesurvey.co.uk/ontology/admingeo/County,South East,http://data.ordnancesurvey.co.uk/id/7000000000041421,England,http://data.ordnancesurvey.co.uk/id/country/england,,,
CT202AY,http://data.ordnancesurvey.co.uk/id/postcodeunit/CT202AY,CT20 2AY,,,,other,Postcode,622552,135844,3500,18000,,,,,,,Folkestone,http://data.ordnancesurvey.co.uk/id/4000000074566736,http://www.ordnancesurvey.co.uk/xml/codelists/localtype.xml#town,Folkestone and Hythe,http://data.ordnancesurvey.co.uk/id/7000000000018085,http://data.ordnancesurvey.co.uk/ontology/admingeo/District,Kent,http://data.ordnancesurvey.co.uk/id/7000000000018210,http://data.ordnancesurvey.co.uk/ontology/admingeo/County,South East,http://data.ordnancesurvey.co.uk/id/7000000000041421,England,http://data.ordnancesurvey.co.uk/id/country/england,,,
CT195HQ,http://data.ordnancesurvey.co.uk/id/postcodeunit/CT195HQ,CT19 5HQ,,,,other,Postcode,621826,136381,3500,18000,,,,,,,Folkestone,http://data.ordnancesurvey.co.uk/id/4000000074566736,http://www.ordnancesurvey.co.uk/xml/codelists/localtype.xml#town,Folkestone and Hythe,http://data.ordnancesurvey.co.uk/id/7000000000018085,http://data.ordnancesurvey.co.uk/ontology/admingeo/District,Kent,http://data.ordnancesurvey.co.uk/id/7000000000018210,http://data.ordnancesurvey.co.uk/ontology/admingeo/County,South East,http://data.ordnancesurvey.co.uk/id/7000000000041421,England,http://data.ordnancesurvey.co.uk/id/country/england,,,
CT196JH,http://data.ordnancesurvey.co.uk/id/postcodeunit/CT196JH,CT19 6JH,,,,other,Postcode,623195,137361,3500,18000,,,,,,,Folkestone,http://data.ordnancesurvey.co.uk/id/4000000074566736,http://www.ordnancesurvey.co.uk/xml/codelists/localtype.xml#town,Folkestone and Hythe,http://data.ordnancesurvey.co.uk/id/7000000000018085,http://data.ordnancesurvey.co.uk/ontology/admingeo/District,Kent,http://data.ordnancesurvey.co.uk/id/7000000000018210,http://data.ordnancesurvey.co.uk/ontology/admingeo/County,South East,http://data.ordnancesurvey.co.uk/id/7000000000041421,England,http://data.ordnancesurvey.co.uk/id/country/england,,,
CT195TD,http://data.ordnancesurvey.co.uk/id/postcodeunit/CT195TD,CT19 5TD,,,,other,Postcode,621405,137375,3500,18000,,,,,,,Folkestone,http://data.ordnancesurvey.co.uk/id/4000000074566736,http://www.ordnancesurvey.co.uk/xml/codelists/localtype.xml#town,Folkestone and Hythe,http://data.ordnancesurvey.co.uk/id/7000000000018085,http://data.ordnancesurvey.co.uk/ontology/admingeo/District,Kent,http://data.ordnancesurvey.co.uk/id/7000000000018210,http://data.ordnancesurvey.co.uk/ontology/admingeo/County,South East,http://data.ordnancesurvey.co.uk/id/7000000000041421,England,http://data.ordnancesurvey.co.uk/id/country/england,,,
CT202US,http://data.ordnancesurvey.co.uk/id/postcodeunit/CT202US,CT20 2US,,,,other,Postcode,621990,136030,3500,18000,,,,,,,Folkestone,http://data.ordnancesurvey.co.uk/id/4000000074566736,http://www.ordnancesurvey.co.uk/xml/codelists/localtype.xml#town,Folkestone and Hythe,http://data.ordnancesurvey.co.uk/id/7000000000018085,http://data.ordnancesurvey.co.uk/ontology/admingeo/District,Kent,http://data.ordnancesurvey.co.uk/id/7000000000018210,http://data.ordnancesurvey.co.uk/ontology/admingeo/County,South East,http://data.ordnancesurvey.co.uk/id/7000000000041421,England,http://data.ordnancesurvey.co.uk/id/country/england,,,
CT194NS,http://data.ordnancesurvey.co.uk/id/postcodeunit/CT194NS,CT19 4NS,,,,other,Postcode,620182,137156,3500,18000,,,,,,,Folkestone,http://data.ordnancesurvey.co.uk/id/4000000074566736,http://www.ordnancesurvey.co.uk/xml/codelists/localtype.xml#town,Folkestone and Hythe,http://data.ordnancesurvey.co.uk/id/7000000000018085,http://data.ordnancesurvey.co.uk/ontology/admingeo/District,Kent,http://data.ordnancesurvey.co.uk/id/7000000000018210,http://data.ordnancesurvey.co.uk/ontology/admingeo/County,South East,http://data.ordnancesurvey.co.uk/id/7000000000041421,England,http://data.ordnancesurvey.co.uk/id/country/england,,,
osgb4000000032999655,http://data.ordnancesurvey.co.uk/id/4000000032999655,Southbourne Road,,,,transportNetwork,Named Road,623470,136500,1000,20000,623445,136444,623492,136545,CT19,http://data.ordnancesurvey.co.uk/id/postcodedistrict/CT19,Folkestone,http://data.ordnancesurvey.co.uk/id/4000000074566736,http://www.ordnancesurvey.co.uk/xml/codelists/localtype.xml#town,Folkestone and Hythe,http://data.ordnancesurvey.co.uk/id/7000000000018085,http://data.ordnancesurvey.co.uk/ontology/admingeo/District,Kent,http://data.ordnancesurvey.co.uk/id/7000000000018210,http://data.ordnancesurvey.co.uk/ontology/admingeo/County,South East,http://data.ordnancesurvey.co.uk/id/7000000000041421,England,http://data.ordnancesurvey.co.uk/id/country/england,,,
osgb4000000032997578,http://data.ordnancesurvey.co.uk/id/4000000032997578,Darnley Close,,,,transportNetwork,Named Road,620541,135850,1000,20000,620475,135820,620575,135908,CT20,http://data.ordnancesurvey.co.uk/id/postcodedistrict/CT20,Folkestone,http://data.ordnancesurvey.co.uk/id/4000000074566736,http://www.ordnancesurvey.co.uk/xml/codelists/localtype.xml#town,Folkestone and Hythe,http://data.ordnancesurvey.co.uk/id/7000000000018085,http://data.ordnancesurvey.co.uk/ontology/admingeo/District,Kent,http://data.ordnancesurvey.co.uk/id/7000000000018210,http://data.ordnancesurvey.co.uk/ontology/admingeo/County,South East,http://data.ordnancesurvey.co.uk/id/7000000000041421,England,http://data.ordnancesurvey.co.uk/id/country/england,,,
osgb4000000032996207,http://data.ordnancesurvey.co.uk/id/4000000032996207,Harbour Way,,,,transportNetwork,Named Road,623190,136269,3000,20000,623184,136062,623251,136493,CT20,http://data.ordnancesurvey.co.uk/id/postcodedistrict/CT20,Folkestone,http://data.ordnancesurvey.co.uk/id/4000000074566736,http://www.ordnancesurvey.co.uk/xml/codelists/localtype.xml#town,Folkestone and Hythe,http://data.ordnancesurvey.co.uk/id/7000000000018085,http://data.ordnancesurvey.co.uk/ontology/admingeo/District,Kent,http://data.ordnancesurvey.co.uk/id/7000000000018210,http://data.ordnancesurvey.co.uk/ontology/admingeo/County,South East,http://data.ordnancesurvey.co.uk/id/7000000000041421,England,http://data.ordnancesurvey.co.uk/id/country/england,,,
osgb5000005208368484,http://data.ordnancesurvey.co.uk/id/5000005208368484,Muddles Passage,,,,transportNetwork,Named Road,622273,135843,1000,20000,622254,135778,622297,135894,CT20,http://data.ordnancesurvey.co.uk/id/postcodedistrict/CT20,Folkestone,http://data.ordnancesurvey.co.uk/id/4000000074566736,http://www.ordnancesurvey.co.uk/xml/codelists/localtype.xml#town,Folkestone and Hythe,http://data.ordnancesurvey.co.uk/id/7000000000018085,http://data.ordnancesurvey.co.uk/ontology/admingeo/District,Kent,http://data.ordnancesurvey.co.uk/id/7000000000018210,http://data.ordnancesurvey.co.uk/ontology/admingeo/County,South East,http://data.ordnancesurvey.co.uk/id/7000000000041421,England,http://data.ordnancesurvey.co.uk/id/country/england,,,
osgb4000000033001179,http://data.ordnancesurvey.co.uk/id/4000000033001179,Bradstone New Road,,,,transportNetwork,Named Road,622792,136333,1000,20000,622765,136316,622810,136350,CT20,http://data.ordnancesurvey.co.uk/id/postcodedistrict/CT20,Folkestone,http://data.ordnancesurvey.co.uk/id/4000000074566736,http://www.ordnancesurvey.co.uk/xml/codelists/localtype.xml#town,Folkestone and Hythe,http://data.ordnancesurvey.co.uk/id/7000000000018085,http://data.ordnancesurvey.co.uk/ontology/admingeo/District,Kent,http://data.ordnancesurvey.co.uk/id/7000000000018210,http://data.ordnancesurvey.co.uk/ontology/admingeo/County,South East,http://data.ordnancesurvey.co.uk/id/7000000000041421,England,http://data.ordnancesurvey.co.uk/id/country/england,,,
osgb4000000068752616,http://data.ordnancesurvey.co.uk/id/4000000068752616,The Close,,,,transportNetwork,Named Road,623054,137692,1000,20000,622990,137685,623056,137714,CT19,http://data.ordnancesurvey.co.uk/id/postcodedistrict/CT19,Folkestone,http://data.ordnancesurvey.co.uk/id/4000000074566736,http://www.ordnancesurvey.co.uk/xml/codelists/localtype.xml#town,Folkestone and Hythe,http://data.ordnancesurvey.co.uk/id/7000000000018085,http://data.ordnancesurvey.co.uk/ontology/admingeo/District,Kent,http://data.ordnancesurvey.co.uk/id/7000000000018210,http://data.ordnancesurvey.co.uk/ontology/admingeo/County,South East,http://data.ordnancesurvey.co.uk/id/7000000000041421,England,http://data.ordnancesurvey.co.uk/id/country/england,,,
osgb4000000032999691,http://data.ordnancesurvey.co.uk/id/4000000032999691,St Michael's Walk,,,,transportNetwork,Named Road,620604,139644,1000,20000,620582,139613,620612,139725,CT18,http://data.ordnancesurvey.co.uk/id/postcodedistrict/CT18,Hawkinge,http://data.ordnancesurvey.co.uk/id/4000000074566747,http://www.ordnancesurvey.co.uk/xml/codelists/localtype.xml#village,Folkestone and Hythe,http://data.ordnancesurvey.co.uk/id/7000000000018085,http://data.ordnancesurvey.co.uk/ontology/admingeo/District,Kent,http://data.ordnancesurvey.co.uk/id/7000000000018210,http://data.ordnancesurvey.co.uk/ontology/admingeo/County,South East,http://data.ordnancesurvey.co.uk/id/7000000000041421,England,http://data.ordnancesurvey.co.uk/id/country/england,,,
CT194EG,http://data.ordnancesurvey.co.uk/id/postcodeunit/CT194EG,CT19 4EG,,,,other,Postcode,620877,136730,3500,18000,,,,,,,Folkestone,http://data.ordnancesurvey.co.uk/id/4000000074566736,http://www.ordnancesurvey.co.uk/xml/codelists/localtype.xml#town,Folkestone and Hythe,http://data.ordnancesurvey.co.uk/id/7000000000018085,http://data.ordnancesurvey.co.uk/ontology/admingeo/District,Kent,http://data.ordnancesurvey.co.uk/id/7000000000018210,http://data.ordnancesurvey.co.uk/ontology/admingeo/County,South East,http://data.ordnancesurvey.co.uk/id/7000000000041421,England,http://data.ordnancesurvey.co.uk/id/country/england,,,
CT196NZ,http://data.ordnancesurvey.co.uk/id/postcodeunit/CT196NZ,CT19 6NZ,,,,other,Postcode,623568,137453,3500,18000,,,,,,,Folkestone,http://data.ordnancesurvey.co.uk/id/4000000074566736,http://www.ordnancesurvey.co.uk/xml/codelists/localtype.xml#town,Folkestone and Hythe,http://data.ordnancesurvey.co.uk/id/7000000000018085,http://data.ordnancesurvey.co.uk/ontology/admingeo/District,Kent,http://data.ordnancesurvey.co.uk/id/7000000000018210,http://data.ordnancesurvey.co.uk/ontology/admingeo/County,South East,http://data.ordnancesurvey.co.uk/id/7000000000041421,England,http://data.ordnancesurvey.co.uk/id/country/england,,,
CT202EW,http://data.ordnancesurvey.co.uk/id/postcodeunit/CT202EW,CT20 2EW,,,,other,Postcode,622042,135489,3500,18000,,,,,,,Folkestone,http://data.ordnancesurvey.co.uk/id/4000000074566736,http://www.ordnancesurvey.co.uk/xml/codelists/localtype.xml#town,Folkestone and Hythe,http://data.ordnancesurvey.co.uk/id/7000000000018085,http://data.ordnancesurvey.co.uk/ontology/admingeo/District,Kent,http://data.ordnancesurvey.co.uk/id/7000000000018210,http://data.ordnancesurvey.co.uk/ontology/admingeo/County,South East,http://data.ordnancesurvey.co.uk/id/7000000000041421,England,http://data.ordnancesurvey.co.uk/id/country/england,,,
CT196LD,http://data.ordnancesurvey.co.uk/id/postcodeunit/CT196LD,CT19 6LD,,,,other,Postcode,622451,137745,3500,18000,,,,,,,Folkestone,http://data.ordnancesurvey.co.uk/id/4000000074566736,http://www.ordnancesurvey.co.uk/xml/codelists/localtype.xml#town,Folkestone and Hythe,http://data.ordnancesurvey.co.uk/id/7000000000018085,http://data.ordnancesurvey.co.uk/ontology/admingeo/District,Kent,http://data.ordnancesurvey.co.uk/id/7000000000018210,http://data.ordnancesurvey.co.uk/ontology/admingeo/County,South East,http://data.ordnancesurvey.co.uk/id/7000000000041421,England,http://data.ordnancesurvey.co.uk/id/country/england,,,
CT201JD,http://data.ordnancesurvey.co.uk/id/postcodeunit/CT201JD,CT20 1JD,,,,other,Postcode,623023,136389,3500,18000,,,,,,,Folkestone,http://data.ordnancesurvey.co.uk/id/4000000074566736,http://www.ordnancesurvey.co.uk/xml/codelists/localtype.xml#town,Folkestone and Hythe,http://data.ordnancesurvey.co.uk/id/7000000000018085,http://data.ordnancesurvey.co.uk/ontology/admingeo/District,Kent,http://data.ordnancesurvey.co.uk/id/7000000000018210,http://data.ordnancesurvey.co.uk/ontology/admingeo/County,South East,http://data.ordnancesurvey.co.uk/id/7000000000041421,England,http://data.ordnancesurvey.co.uk/id/country/england,,,
CT196JD,http://data.ordnancesurvey.co.uk/id/postcodeunit/CT196JD,CT19 6JD,,,,other,Postcode,623142,137508,3500,18000,,,,,,,Folkestone,http://data.ordnancesurvey.co.uk/id/4000000074566736,http://www.ordnancesurvey.co.uk/xml/codelists/localtype.xml#town,Folkestone and Hythe,http://data.ordnancesurvey.co.uk/id/7000000000018085,http://data.ordnancesurvey.co.uk/ontology/admingeo/District,Kent,http://data.ordnancesurvey.co.uk/id/7000000000018210,http://data.ordnancesurvey.co.uk/ontology/admingeo/County,South East,http://data.ordnancesurvey.co.uk/id/7000000000041421,England,http://data.ordnancesurvey.co.uk/id/country/england,,,
CT157AL,http://data.ordnancesurvey.co.uk/id/postcodeunit/CT157AL,CT15 7AL,,,,other,Postcode,627954,139995,3500,18000,,,,,,,Church Hougham,http://data.ordnancesurvey.co.uk/id/4000000074568381,http://www.ordnancesurvey.co.uk/xml/codelists/localtype.xml#hamlet,Dover,http://data.ordnancesurvey.co.uk/id/7000000000017977,http://data.ordnancesurvey.co.uk/ontology/admingeo/District,Kent,http://data.ordnancesurvey.co.uk/id/7000000000018210,http://data.ordnancesurvey.co.uk/ontology/admingeo/County,South East,http://data.ordnancesurvey.co.uk/id/7000000000041421,England,http://data.ordnancesurvey.co.uk/id/country/england,,,
CT202FF,http://data.ordnancesurvey.co.uk/id/postcodeunit/CT202FF,CT20 2FF,,,,other,Postcode,622002,135610,3500,18000,,,,,,,Folkestone,http://data.ordnancesurvey.co.uk/id/4000000074566736,http://www.ordnancesurvey.co.uk/xml/codelists/localtype.xml#town,Folkestone and Hythe,http://data.ordnancesurvey.co.uk/id/7000000000018085,http://data.ordnancesurvey.co.uk/ontology/admingeo/District,Kent,http://data.ordnancesurvey.co.uk/id/7000000000018210,http://data.ordnancesurvey.co.uk/ontology/admingeo/County,South East,http://data.ordnancesurvey.co.uk/id/7000000000041421,England,http://data.ordnancesurvey.co.uk/id/country/england,,,
CT195UZ,http://data.ordnancesurvey.co.uk/id/postcodeunit/CT195UZ,CT19 5UZ,,,,other,Postcode,622327,137030,3500,18000,,,,,,,Folkestone,http://data.ordnancesurvey.co.uk/id/4000000074566736,http://www.ordnancesurvey.co.uk/xml/codelists/localtype.xml#town,Folkestone and Hythe,http://data.ordnancesurvey.co.uk/id/7000000000018085,http://data.ordnancesurvey.co.uk/ontology/admingeo/District,Kent,http://data.ordnancesurvey.co.uk/id/7000000000018210,http://data.ordnancesurvey.co.uk/ontology/admingeo/County,South East,http://data.ordnancesurvey.co.uk/id/7000000000041421,England,http://data.ordnancesurvey.co.uk/id/country/england,,,
CT195QR,http://data.ordnancesurvey.co.uk/id/postcodeunit/CT195QR,CT19 5QR,,,,other,Postcode,622678,136762,3500,18000,,,,,,,Folkestone,http://data.ordnancesurvey.co.uk/id/4000000074566736,http://www.ordnancesurvey.co.uk/xml/codelists/localtype.xml#town,Folkestone and Hythe,http://data.ordnancesurvey.co.uk/id/7000000000018085,http://data.ordnancesurvey.co.uk/ontology/admingeo/District,Kent,http://data.ordnancesurvey.co.uk/id/7000000000018210,http://data.ordnancesurvey.co.uk/ontology/admingeo/County,South East,http://data.ordnancesurvey.co.uk/id/7000000000041421,England,http://data.ordnancesurvey.co.uk/id/country/england,,,
CT195HH,http://data.ordnancesurvey.co.uk/id/postcodeunit/CT195HH,CT19 5HH,,,,other,Postcode,621955,136453,3500,18000,,,,,,,Folkestone,http://data.ordnancesurvey.co.uk/id/4000000074566736,http://www.ordnancesurvey.co.uk/xml/codelists/localtype.xml#town,Folkestone and Hythe,http://data.ordnancesurvey.co.uk/id/7000000000018085,http://data.ordnancesurvey.co.uk/ontology/admingeo/District,Kent,http://data.ordnancesurvey.co.uk/id/7000000000018210,http://data.ordnancesurvey.co.uk/ontology/admingeo/County,South East,http://data.ordnancesurvey.co.uk/id/7000000000041421,England,http://data.ordnancesurvey.co.uk/id/country/england,,,
osgb4000000067705374,http://data.ordnancesurvey.co.uk/id/4000000067705374,Green Lane,,,,transportNetwork,Named Road,625211,138832,2000,20000,625063,138674,625321,138948,CT18,http://data.ordnancesurvey.co.uk/id/postcodedistrict/CT18,Capel-le-Ferne,http://data.ordnancesurvey.co.uk/id/4000000074568384,http://www.ordnancesurvey.co.uk/xml/codelists/localtype.xml#village,Dover,http://data.ordnancesurvey.co.uk/id/7000000000017977,http://data.ordnancesurvey.co.uk/ontology/admingeo/District,Kent,http://data.ordnancesurvey.co.uk/id/7000000000018210,http://data.ordnancesurvey.co.uk/ontology/admingeo/County,South East,http://data.ordnancesurvey.co.uk/id/7000000000041421,England,http://data.ordnancesurvey.co.uk/id/country/england,,,
osgb4000000032996249,http://data.ordnancesurvey.co.uk/id/4000000032996249,Plough Hill,,,,transportNetwork,Named Road,628074,139789,3000,20000,627923,139683,628313,139997,CT15,http://data.ordnancesurvey.co.uk/id/postcodedistrict/CT15,,,,Dover,http://data.ordnancesurvey.co.uk/id/7000000000017977,http://data.ordnancesurvey.co.uk/ontology/admingeo/District,Kent,http://data.ordnancesurvey.co.uk/id/7000000000018210,http://data.ordnancesurvey.co.uk/ontology/admingeo/County,South East,http://data.ordnancesurvey.co.uk/id/7000000000041421,England,http://data.ordnancesurvey.co.uk/id/country/england,,,
osgb5000005260247900,http://data.ordnancesurvey.co.uk/id/5000005260247900,Ingles Yard,,,,transportNetwork,Named Road,622006,135959,1000,20000,621951,135930,622067,135989,CT20,http://data.ordnancesurvey.co.uk/id/postcodedistrict/CT20,Folkestone,http://data.ordnancesurvey.co.uk/id/4000000074566736,http://www.ordnancesurvey.co.uk/xml/codelists/localtype.xml#town,Folkestone and Hythe,http://data.ordnancesurvey.co.uk/id/7000000000018085,http://data.ordnancesurvey.co.uk/ontology/admingeo/District,Kent,http://data.ordnancesurvey.co.uk/id/7000000000018210,http://data.ordnancesurvey.co.uk/ontology/admingeo/County,South East,http://data.ordnancesurvey.co.uk/id/7000000000041421,England,http://data.ordnancesurvey.co.uk/id/country/england,,,
osgb4000000032996151,http://data.ordnancesurvey.co.uk/id/4000000032996151,Undercliff,,,,transportNetwork,Named Road,620312,135263,2000,20000,620152,135190,620430,135316,CT20,http://data.ordnancesurvey.co.uk/id/postcodedistrict/CT20,Folkestone,http://data.ordnancesurvey.co.uk/id/4000000074566736,http://www.ordnancesurvey.co.uk/xml/codelists/localtype.xml#town,Folkestone and Hythe,http://data.ordnancesurvey.co.uk/id/7000000000018085,http://data.ordnancesurvey.co.uk/ontology/admingeo/District,Kent,http://data.ordnancesurvey.co.uk/id/7000000000018210,http://data.ordnancesurvey.co.uk/ontology/admingeo/County,South East,http://data.ordnancesurvey.co.uk/id/7000000000041421,England,http://data.ordnancesurvey.co.uk/id/country/england,,,
osgb4000000033032062,http://data.ordnancesurvey.co.uk/id/4000000033032062,Park Farm Close,,,,transportNetwork,Named Road,622201,137562,1000,20000,622106,137476,622231,137581,CT19,http://data.ordnancesurvey.co.uk/id/postcodedistrict/CT19,Folkestone,http://data.ordnancesurvey.co.uk/id/4000000074566736,http://www.ordnancesurvey.co.uk/xml/codelists/localtype.xml#town,Folkestone and Hythe,http://data.ordnancesurvey.co.uk/id/7000000000018085,http://data.ordnancesurvey.co.uk/ontology/admingeo/District,Kent,http://data.ordnancesurvey.co.uk/id/7000000000018210,http://data.ordnancesurvey.co.uk/ontology/admingeo/County,South East,http://data.ordnancesurvey.co.uk/id/7000000000041421,England,http://data.ordnancesurvey.co.uk/id/country/england,,,
osgb4000000032994907,http://data.ordnancesurvey.co.uk/id/4000000032994907,Old Dover Road,,,,transportNetwork,Named Road,625362,138466,10000,20000,624584,138281,626159,138651,CT18,http://data.ordnancesurvey.co.uk/id/postcodedistrict/CT18,Capel-le-Ferne,http://data.ordnancesurvey.co.uk/id/4000000074568384,http://www.ordnancesurvey.co.uk/xml/codelists/localtype.xml#village,Dover,http://data.ordnancesurvey.co.uk/id/7000000000017977,http://data.ordnancesurvey.co.uk/ontology/admingeo/District,Kent,http://data.ordnancesurvey.co.uk/id/7000000000018210,http://data.ordnancesurvey.co.uk/ontology/admingeo/County,South East,http://data.ordnancesurvey.co.uk/id/7000000000041421,England,http://data.ordnancesurvey.co.uk/id/country/england,,,
osgb4000000032999674,http://data.ordnancesurvey.co.uk/id/4000000032999674,Dean Mead,,,,transportNetwork,Named Road,621665,137265,1000,20000,621665,137265,621719,137283,CT19,http://data.ordnancesurvey.co.uk/id/postcodedistrict/CT19,Folkestone,http://data.ordnancesurvey.co.uk/id/4000000074566736,http://www.ordnancesurvey.co.uk/xml/codelists/localtype.xml#town,Folkestone and Hythe,http://data.ordnancesurvey.co.uk/id/7000000000018085,http://data.ordnancesurvey.co.uk/ontology/admingeo/District,Kent,http://data.ordnancesurvey.co.uk/id/7000000000018210,http://data.ordnancesurvey.co.uk/ontology/admingeo/County,South East,http://data.ordnancesurvey.co.uk/id/7000000000041421,England,http://data.ordnancesurvey.co.uk/id/country/england,,,
osgb4000000033001217,http://data.ordnancesurvey.co.uk/id/4000000033001217,Tennyson Place,,,,transportNetwork,Named Road,623310,137235,1000,20000,623310,137235,623330,137278,CT19,http://data.ordnancesurvey.co.uk/id/postcodedistrict/CT19,Folkestone,http://data.ordnancesurvey.co.uk/id/4000000074566736,http://www.ordnancesurvey.co.uk/xml/codelists/localtype.xml#town,Folkestone and Hythe,http://data.ordnancesurvey.co.uk/id/7000000000018085,http://data.ordnancesurvey.co.uk/ontology/admingeo/District,Kent,http://data.ordnancesurvey.co.uk/id/7000000000018210,http://data.ordnancesurvey.co.uk/ontology/admingeo/County,South East,http://data.ordnancesurvey.co.uk/id/7000000000041421,England,http://data.ordnancesurvey.co.uk/id/country/england,,,
osgb4000000033057085,http://data.ordnancesurvey.co.uk/id/4000000033057085,Westbourne Court,,,,transportNetwork,Named Road,620969,135725,1000,20000,620930,135715,621000,135734,CT20,http://data.ordnancesurvey.co.uk/id/postcodedistrict/CT20,Folkestone,http://data.ordnancesurvey.co.uk/id/4000000074566736,http://www.ordnancesurvey.co.uk/xml/codelists/localtype.xml#town,Folkestone and Hythe,http://data.ordnancesurvey.co.uk/id/7000000000018085,http://data.ordnancesurvey.co.uk/ontology/admingeo/District,Kent,http://data.ordnancesurvey.co.uk/id/7000000000018210,http://data.ordnancesurvey.co.uk/ontology/admingeo/County,South East,http://data.ordnancesurvey.co.uk/id/7000000000041421,England,http://data.ordnancesurvey.co.uk/id/country/england,,,
osgb5000005151732694,http://data.ordnancesurvey.co.uk/id/5000005151732694,Eversley Park,,,,transportNetwork,Named Road,620733,136040,1000,20000,620677,135943,620821,136115,CT20,http://data.ordnancesurvey.co.uk/id/postcodedistrict/CT20,Folkestone,http://data.ordnancesurvey.co.uk/id/4000000074566736,http://www.ordnancesurvey.co.uk/xml/codelists/localtype.xml#town,Folkestone and Hythe,http://data.ordnancesurvey.co.uk/id/7000000000018085,http://data.ordnancesurvey.co.uk/ontology/admingeo/District,Kent,http://data.ordnancesurvey.co.uk/id/7000000000018210,http://data.ordnancesurvey.co.uk/ontology/admingeo/County,South East,http://data.ordnancesurvey.co.uk/id/7000000000041421,England,http://data.ordnancesurvey.co.uk/id/country/england,,,
osgb4000000032997692,http://data.ordnancesurvey.co.uk/id/4000000032997692,Varne Place,,,,transportNetwork,Named Road,623840,136494,1000,20000,623824,136403,623859,136576,CT19,http://data.ordnancesurvey.co.uk/id/postcodedistrict/CT19,Folkestone,http://data.ordnancesurvey.co.uk/id/4000000074566736,http://www.ordnancesurvey.co.uk/xml/codelists/localtype.xml#town,Folkestone and Hythe,http://data.ordnancesurvey.co.uk/id/7000000000018085,http://data.ordnancesurvey.co.uk/ontology/admingeo/District,Kent,http://data.ordnancesurvey.co.uk/id/7000000000018210,http://data.ordnancesurvey.co.uk/ontology/admingeo/County,South East,http://data.ordnancesurvey.co.uk/id/7000000000041421,England,http://data.ordnancesurvey.co.uk/id/country/england,,,
osgb4000000032999698,http://data.ordnancesurvey.co.uk/id/4000000032999698,Kipping Close,,,,transportNetwork,Named Road,621195,139645,1000,20000,621141,139617,621204,139691,CT18,http://data.ordnancesurvey.co.uk/id/postcodedistrict/CT18,Hawkinge,http://data.ordnancesurvey.co.uk/id/4000000074566747,http://www.ordnancesurvey.co.uk/xml/codelists/localtype.xml#village,Folkestone and Hythe,http://data.ordnancesurvey.co.uk/id/7000000000018085,http://data.ordnancesurvey.co.uk/ontology/admingeo/District,Kent,http://data.ordnancesurvey.co.uk/id/7000000000018210,http://data.ordnancesurvey.co.uk/ontology/admingeo/County,South East,http://data.ordnancesurvey.co.uk/id/7000000000041421,England,http://data.ordnancesurvey.co.uk/id/country/england,,,
osgb4000000033001210,http://data.ordnancesurvey.co.uk/id/4000000033001210,Sassoon Close,,,,transportNetwork,Named Road,621013,139510,1000,20000,620991,139497,621032,139534,CT18,http://data.ordnancesurvey.co.uk/id/postcodedistrict/CT18,Hawkinge,http://data.ordnancesurvey.co.uk/id/4000000074566747,http://www.ordnancesurvey.co.uk/xml/codelists/localtype.xml#village,Folkestone and Hythe,http://data.ordnancesurvey.co.uk/id/7000000000018085,http://data.ordnancesurvey.co.uk/ontology/admingeo/District,Kent,http://data.ordnancesurvey.co.uk/id/7000000000018210,http://data.ordnancesurvey.co.uk/ontology/admingeo/County,South East,http://data.ordnancesurvey.co.uk/id/7000000000041421,England,http://data.ordnancesurvey.co.uk/id/country/england,,,
osgb4000000032996215,http://data.ordnancesurvey.co.uk/id/4000000032996215,Shaftesbury Avenue,,,,transportNetwork,Named Road,620051,137152,4000,20000,619743,137114,620383,137232,CT19,http://data.ordnancesurvey.co.uk/id/postcodedistrict/CT19,Folkestone,http://data.ordnancesurvey.co.uk/id/4000000074566736,http://www.ordnancesurvey.co.uk/xml/codelists/localtype.xml#town,Folkestone and Hythe,http://data.ordnancesurvey.co.uk/id/7000000000018085,http://data.ordnancesurvey.co.uk/ontology/admingeo/District,Kent,http://data.ordnancesurvey.co.uk/id/7000000000018210,http://data.ordnancesurvey.co.uk/ontology/admingeo/County,South East,http://data.ordnancesurvey.co.uk/id/7000000000041421,England,http://data.ordnancesurvey.co.uk/id/country/england,,,
osgb4000000033002013,http://data.ordnancesurvey.co.uk/id/4000000033002013,A2033,,,,transportNetwork,Numbered Road,622639,136048,9000,1000000,621849,135553,623294,136739,CT20,http://data.ordnancesurvey.co.uk/id/postcodedistrict/CT20,Folkestone,http://data.ordnancesurvey.co.uk/id/4000000074566736,http://www.ordnancesurvey.co.uk/xml/codelists/localtype.xml#town,Folkestone and Hythe,http://data.ordnancesurvey.co.uk/id/7000000000018085,http://data.ordnancesurvey.co.uk/ontology/admingeo/District,Kent,http://data.ordnancesurvey.co.uk/id/7000000000018210,http://data.ordnancesurvey.co.uk/ontology/admingeo/County,South East,http://data.ordnancesurvey.co.uk/id/7000000000041421,England,http://data.ordnancesurvey.co.uk/id/country/england,,,
osgb4000000032999578,http://data.ordnancesurvey.co.uk/id/4000000032999578,Redmill Close,,,,transportNetwork,Named Road,620367,136150,1000,20000,620288,136145,620394,136174,CT20,http://data.ordnancesurvey.co.uk/id/postcodedistrict/CT20,Folkestone,http://data.ordnancesurvey.co.uk/id/4000000074566736,http://www.ordnancesurvey.co.uk/xml/codelists/localtype.xml#town,Folkestone and Hythe,http://data.ordnancesurvey.co.uk/id/7000000000018085,http://data.ordnancesurvey.co.uk/ontology/admingeo/District,Kent,http://data.ordnancesurvey.co.uk/id/7000000000018210,http://data.ordnancesurvey.co.uk/ontology/admingeo/County,South East,http://data.ordnancesurvey.co.uk/id/7000000000041421,England,http://data.ordnancesurvey.co.uk/id/country/england,,,
osgb4000000032996180,http://data.ordnancesurvey.co.uk/id/4000000032996180,Grimston Gardens,,,,transportNetwork,Named Road,621670,135863,2000,20000,621555,135771,621809,135957,CT20,http://data.ordnancesurvey.co.uk/id/postcodedistrict/CT20,Folkestone,http://data.ordnancesurvey.co.uk/id/4000000074566736,http://www.ordnancesurvey.co.uk/xml/codelists/localtype.xml#town,Folkestone and Hythe,http://data.ordnancesurvey.co.uk/id/7000000000018085,http://data.ordnancesurvey.co.uk/ontology/admingeo/District,Kent,http://data.ordnancesurvey.co.uk/id/7000000000018210,http://data.ordnancesurvey.co.uk/ontology/admingeo/County,South East,http://data.ordnancesurvey.co.uk/id/7000000000041421,England,http://data.ordnancesurvey.co.uk/id/country/england,,,
osgb4000000032999668,http://data.ordnancesurvey.co.uk/id/4000000032999668,Gainsborough Close,,,,transportNetwork,Named Road,621229,137201,1000,20000,621211,137149,621262,137231,CT19,http://data.ordnancesurvey.co.uk/id/postcodedistrict/CT19,Folkestone,http://data.ordnancesurvey.co.uk/id/4000000074566736,http://www.ordnancesurvey.co.uk/xml/codelists/localtype.xml#town,Folkestone and Hythe,http://data.ordnancesurvey.co.uk/id/7000000000018085,http://data.ordnancesurvey.co.uk/ontology/admingeo/District,Kent,http://data.ordnancesurvey.co.uk/id/7000000000018210,http://data.ordnancesurvey.co.uk/ontology/admingeo/County,South East,http://data.ordnancesurvey.co.uk/id/7000000000041421,England,http://data.ordnancesurvey.co.uk/id/country/england,,,
osgb4000000032999675,http://data.ordnancesurvey.co.uk/id/4000000032999675,St Andrews Close,,,,transportNetwork,Named Road,621697,137447,1000,20000,621656,137398,621729,137452,CT19,http://data.ordnancesurvey.co.uk/id/postcodedistrict/CT19,Folkestone,http://data.ordnancesurvey.co.uk/id/4000000074566736,http://www.ordnancesurvey.co.uk/xml/codelists/localtype.xml#town,Folkestone and Hythe,http://data.ordnancesurvey.co.uk/id/7000000000018085,http://data.ordnancesurvey.co.uk/ontology/admingeo/District,Kent,http://data.ordnancesurvey.co.uk/id/7000000000018210,http://data.ordnancesurvey.co.uk/ontology/admingeo/County,South East,http://data.ordnancesurvey.co.uk/id/7000000000041421,England,http://data.ordnancesurvey.co.uk/id/country/england,,,
osgb4000000033001225,http://data.ordnancesurvey.co.uk/id/4000000033001225,Downs Close,,,,transportNetwork,Named Road,621045,139684,1000,20000,621035,139652,621067,139695,CT18,http://data.ordnancesurvey.co.uk/id/postcodedistrict/CT18,Hawkinge,http://data.ordnancesurvey.co.uk/id/4000000074566747,http://www.ordnancesurvey.co.uk/xml/codelists/localtype.xml#village,Folkestone and Hythe,http://data.ordnancesurvey.co.uk/id/7000000000018085,http://data.ordnancesurvey.co.uk/ontology/admingeo/District,Kent,http://data.ordnancesurvey.co.uk/id/7000000000018210,http://data.ordnancesurvey.co.uk/ontology/admingeo/County,South East,http://data.ordnancesurvey.co.uk/id/7000000000041421,England,http://data.ordnancesurvey.co.uk/id/country/england,,,
osgb4000000032997691,http://data.ordnancesurvey.co.uk/id/4000000032997691,Warren Road,,,,transportNetwork,Named Road,623576,136712,1000,20000,623479,136710,623672,136713,CT19,http://data.ordnancesurvey.co.uk/id/postcodedistrict/CT19,Folkestone,http://data.ordnancesurvey.co.uk/id/4000000074566736,http://www.ordnancesurvey.co.uk/xml/codelists/localtype.xml#town,Folkestone and Hythe,http://data.ordnancesurvey.co.uk/id/7000000000018085,http://data.ordnancesurvey.co.uk/ontology/admingeo/District,Kent,http://data.ordnancesurvey.co.uk/id/7000000000018210,http://data.ordnancesurvey.co.uk/ontology/admingeo/County,South East,http://data.ordnancesurvey.co.uk/id/7000000000041421,England,http://data.ordnancesurvey.co.uk/id/country/england,,,
osgb5000005222161319,http://data.ordnancesurvey.co.uk/id/5000005222161319,Memorial Mews,,,,transportNetwork,Named Road,620836,139756,1000,20000,620820,139720,620845,139774,CT18,http://data.ordnancesurvey.co.uk/id/postcodedistrict/CT18,Hawkinge,http://data.ordnancesurvey.co.uk/id/4000000074566747,http://www.ordnancesurvey.co.uk/xml/codelists/localtype.xml#village,Folkestone and Hythe,http://data.ordnancesurvey.co.uk/id/7000000000018085,http://data.ordnancesurvey.co.uk/ontology/admingeo/District,Kent,http://data.ordnancesurvey.co.uk/id/7000000000018210,http://data.ordnancesurvey.co.uk/ontology/admingeo/County,South East,http://data.ordnancesurvey.co.uk/id/7000000000041421,England,http://data.ordnancesurvey.co.uk/id/country/england,,,
e96fb3d4-5e26-4af5-8a56-ed6f0eaa7fdf,http://data.ordnancesurvey.co.uk/id/e96fb3d4-5e26-4af5-8a56-ed6f0eaa7fdf,Green Lane,,,,transportNetwork,Section Of Named Road,625211,138832,2000,25000,625063,138674,625321,138948,CT18,http://data.ordnancesurvey.co.uk/id/postcodedistrict/CT18,Capel-le-Ferne,http://data.ordnancesurvey.co.uk/id/4000000074568384,http://www.ordnancesurvey.co.uk/xml/codelists/localtype.xml#village,Dover,http://data.ordnancesurvey.co.uk/id/7000000000017977,http://data.ordnancesurvey.co.uk/ontology/admingeo/District,Kent,http://data.ordnancesurvey.co.uk/id/7000000000018210,http://data.ordnancesurvey.co.uk/ontology/admingeo/County,South East,http://data.ordnancesurvey.co.uk/id/7000000000041421,England,http://data.ordnancesurvey.co.uk/id/country/england,osgb4000000067705374,,
7b0f2b68-8a1b-4a6a-a4c3-c4daecf7b78c,http://data.ordnancesurvey.co.uk/id/7b0f2b68-8a1b-4a6a-a4c3-c4daecf7b78c,Crete Road East,,,,transportNetwork,Section Of Named Road,624053,137865,1000,25000,624025,137852,624086,137875,CT18,http://data.ordnancesurvey.co.uk/id/postcodedistrict/CT18,Capel-le-Ferne,http://data.ordnancesurvey.co.uk/id/4000000074568384,http://www.ordnancesurvey.co.uk/xml/codelists/localtype.xml#village,Folkestone and Hythe,http://data.ordnancesurvey.co.uk/id/7000000000018085,http://data.ordnancesurvey.co.uk/ontology/admingeo/District,Kent,http://data.ordnancesurvey.co.uk/id/7000000000018210,http://data.ordnancesurvey.co.uk/ontology/admingeo/County,South East,http://data.ordnancesurvey.co.uk/id/7000000000041421,England,http://data.ordnancesurvey.co.uk/id/country/england,osgb4000000032995078,,
7e599231-8540-4899-9c6d-a2c47ca5f6fd,http://data.ordnancesurvey.co.uk/id/7e599231-8540-4899-9c6d-a2c47ca5f6fd,Winehouse Lane,,,,transportNetwork,Section Of Named Road,625637,138855,6000,25000,625068,138546,625731,139433,CT18,http://data.ordnancesurvey.co.uk/id/postcodedistrict/CT18,,,,Dover,http://data.ordnancesurvey.co.uk/id/7000000000017977,http://data.ordnancesurvey.co.uk/ontology/admingeo/District,Kent,http://data.ordnancesurvey.co.uk/id/7000000000018210,http://data.ordnancesurvey.co.uk/ontology/admingeo/County,South East,http://data.ordnancesurvey.co.uk/id/7000000000041421,England,http://data.ordnancesurvey.co.uk/id/country/england,osgb4000000032995470,,
osgb4000000032995454,http://data.ordnancesurvey.co.uk/id/4000000032995454,Castle Hill,,,,transportNetwork,Named Road,621124,137770,1000,20000,621033,137720,621195,137881,CT19,http://data.ordnancesurvey.co.uk/id/postcodedistrict/CT19,,,,Folkestone and Hythe,http://data.ordnancesurvey.co.uk/id/7000000000018085,http://data.ordnancesurvey.co.uk/ontology/admingeo/District,Kent,http://data.ordnancesurvey.co.uk/id/7000000000018210,http://data.ordnancesurvey.co.uk/ontology/admingeo/County,South East,http://data.ordnancesurvey.co.uk/id/7000000000041421,England,http://data.ordnancesurvey.co.uk/id/country/england,,,
osgb5000005273060008,http://data.ordnancesurvey.co.uk/id/5000005273060008,Bluebell Gardens,,,,transportNetwork,Named Road,622039,136030,1000,20000,621972,136010,622100,136047,CT20,http://data.ordnancesurvey.co.uk/id/postcodedistrict/CT20,Folkestone,http://data.ordnancesurvey.co.uk/id/4000000074566736,http://www.ordnancesurvey.co.uk/xml/codelists/localtype.xml#town,Folkestone and Hythe,http://data.ordnancesurvey.co.uk/id/7000000000018085,http://data.ordnancesurvey.co.uk/ontology/admingeo/District,Kent,http://data.ordnancesurvey.co.uk/id/7000000000018210,http://data.ordnancesurvey.co.uk/ontology/admingeo/County,South East,http://data.ordnancesurvey.co.uk/id/7000000000041421,England,http://data.ordnancesurvey.co.uk/id/country/england,,,
osgb4000000032999631,http://data.ordnancesurvey.co.uk/id/4000000032999631,Russell Road,,,,transportNetwork,Named Road,622501,136790,1000,20000,622477,136787,622557,136798,CT19,http://data.ordnancesurvey.co.uk/id/postcodedistrict/CT19,Folkestone,http://data.ordnancesurvey.co.uk/id/4000000074566736,http://www.ordnancesurvey.co.uk/xml/codelists/localtype.xml#town,Folkestone and Hythe,http://data.ordnancesurvey.co.uk/id/7000000000018085,http://data.ordnancesurvey.co.uk/ontology/admingeo/District,Kent,http://data.ordnancesurvey.co.uk/id/7000000000018210,http://data.ordnancesurvey.co.uk/ontology/admingeo/County,South East,http://data.ordnancesurvey.co.uk/id/7000000000041421,England,http://data.ordnancesurvey.co.uk/id/country/england,,,
osgb4000000032996202,http://data.ordnancesurvey.co.uk/id/4000000032996202,Radnor Park West,,,,transportNetwork,Named Road,621995,136507,2000,20000,621966,136346,622076,136647,CT19,http://data.ordnancesurvey.co.uk/id/postcodedistrict/CT19,Folkestone,http://data.ordnancesurvey.co.uk/id/4000000074566736,http://www.ordnancesurvey.co.uk/xml/codelists/localtype.xml#town,Folkestone and Hythe,http://data.ordnancesurvey.co.uk/id/7000000000018085,http://data.ordnancesurvey.co.uk/ontology/admingeo/District,Kent,http://data.ordnancesurvey.co.uk/id/7000000000018210,http://data.ordnancesurvey.co.uk/ontology/admingeo/County,South East,http://data.ordnancesurvey.co.uk/id/7000000000041421,England,http://data.ordnancesurvey.co.uk/id/country/england,,,
osgb4000000032999679,http://data.ordnancesurvey.co.uk/id/4000000032999679,Stempe Close,,,,transportNetwork,Named Road,621668,139377,1000,20000,621596,139343,621702,139424,CT18,http://data.ordnancesurvey.co.uk/id/postcodedistrict/CT18,Hawkinge,http://data.ordnancesurvey.co.uk/id/4000000074566747,http://www.ordnancesurvey.co.uk/xml/codelists/localtype.xml#village,Folkestone and Hythe,http://data.ordnancesurvey.co.uk/id/7000000000018085,http://data.ordnancesurvey.co.uk/ontology/admingeo/District,Kent,http://data.ordnancesurvey.co.uk/id/7000000000018210,http://data.ordnancesurvey.co.uk/ontology/admingeo/County,South East,http://data.ordnancesurvey.co.uk/id/7000000000041421,England,http://data.ordnancesurvey.co.uk/id/country/england,,,
osgb5000005333259990,http://data.ordnancesurvey.co.uk/id/5000005333259990,Merlin Court,,,,transportNetwork,Named Road,620491,139362,1000,20000,620456,139362,620491,139385,CT18,http://data.ordnancesurvey.co.uk/id/postcodedistrict/CT18,Hawkinge,http://data.ordnancesurvey.co.uk/id/4000000074566747,http://www.ordnancesurvey.co.uk/xml/codelists/localtype.xml#village,Folkestone and Hythe,http://data.ordnancesurvey.co.uk/id/7000000000018085,http://data.ordnancesurvey.co.uk/ontology/admingeo/District,Kent,http://data.ordnancesurvey.co.uk/id/7000000000018210,http://data.ordnancesurvey.co.uk/ontology/admingeo/County,South East,http://data.ordnancesurvey.co.uk/id/7000000000041421,England,http://data.ordnancesurvey.co.uk/id/country/england,,,
osgb4000000033001204,http://data.ordnancesurvey.co.uk/id/4000000033001204,Harriot Close,,,,transportNetwork,Named Road,621646,137323,1000,20000,621646,137323,621708,137344,CT19,http://data.ordnancesurvey.co.uk/id/postcodedistrict/CT19,Folkestone,http://data.ordnancesurvey.co.uk/id/4000000074566736,http://www.ordnancesurvey.co.uk/xml/codelists/localtype.xml#town,Folkestone and Hythe,http://data.ordnancesurvey.co.uk/id/7000000000018085,http://data.ordnancesurvey.co.uk/ontology/admingeo/District,Kent,http://data.ordnancesurvey.co.uk/id/7000000000018210,http://data.ordnancesurvey.co.uk/ontology/admingeo/County,South East,http://data.ordnancesurvey.co.uk/id/7000000000041421,England,http://data.ordnancesurvey.co.uk/id/country/england,,,
osgb4000000073332120,http://data.ordnancesurvey.co.uk/id/4000000073332120,Stella Maris Roman Catholic Primary School,,,,other,Primary Education,622210,136793,1000,50000,621960,136544,622460,137044,CT19,http://data.ordnancesurvey.co.uk/id/postcodedistrict/CT19,Folkestone,http://data.ordnancesurvey.co.uk/id/4000000074566736,http://www.ordnancesurvey.co.uk/xml/codelists/localtype.xml#town,Folkestone and Hythe,http://data.ordnancesurvey.co.uk/id/7000000000018085,http://data.ordnancesurvey.co.uk/ontology/admingeo/District,Kent,http://data.ordnancesurvey.co.uk/id/7000000000018210,http://data.ordnancesurvey.co.uk/ontology/admingeo/County,South East,http://data.ordnancesurvey.co.uk/id/7000000000041421,England,http://data.ordnancesurvey.co.uk/id/country/england,,,
osgb4000000032996189,http://data.ordnancesurvey.co.uk/id/4000000032996189,Marine Parade,,,,transportNetwork,Named Road,623067,135740,2000,20000,622889,135683,623237,135800,CT20,http://data.ordnancesurvey.co.uk/id/postcodedistrict/CT20,Folkestone,http://data.ordnancesurvey.co.uk/id/4000000074566736,http://www.ordnancesurvey.co.uk/xml/codelists/localtype.xml#town,Folkestone and Hythe,http://data.ordnancesurvey.co.uk/id/7000000000018085,http://data.ordnancesurvey.co.uk/ontology/admingeo/District,Kent,http://data.ordnancesurvey.co.uk/id/7000000000018210,http://data.ordnancesurvey.co.uk/ontology/admingeo/County,South East,http://data.ordnancesurvey.co.uk/id/7000000000041421,England,http://data.ordnancesurvey.co.uk/id/country/england,,,
osgb4000000032997666,http://data.ordnancesurvey.co.uk/id/4000000032997666,Denmark Street,,,,transportNetwork,Named Road,623211,136975,1000,20000,623157,136837,623234,137024,CT19,http://data.ordnancesurvey.co.uk/id/postcodedistrict/CT19,Folkestone,http://data.ordnancesurvey.co.uk/id/4000000074566736,http://www.ordnancesurvey.co.uk/xml/codelists/localtype.xml#town,Folkestone and Hythe,http://data.ordnancesurvey.co.uk/id/7000000000018085,http://data.ordnancesurvey.co.uk/ontology/admingeo/District,Kent,http://data.ordnancesurvey.co.uk/id/7000000000018210,http://data.ordnancesurvey.co.uk/ontology/admingeo/County,South East,http://data.ordnancesurvey.co.uk/id/7000000000041421,England,http://data.ordnancesurvey.co.uk/id/country/england,,,
osgb4000000032997625,http://data.ordnancesurvey.co.uk/id/4000000032997625,Trinity Gardens,,,,transportNetwork,Named Road,622060,135642,1000,20000,622026,135582,622083,135734,CT20,http://data.ordnancesurvey.co.uk/id/postcodedistrict/CT20,Folkestone,http://data.ordnancesurvey.co.uk/id/4000000074566736,http://www.ordnancesurvey.co.uk/xml/codelists/localtype.xml#town,Folkestone and Hythe,http://data.ordnancesurvey.co.uk/id/7000000000018085,http://data.ordnancesurvey.co.uk/ontology/admingeo/District,Kent,http://data.ordnancesurvey.co.uk/id/7000000000018210,http://data.ordnancesurvey.co.uk/ontology/admingeo/County,South East,http://data.ordnancesurvey.co.uk/id/7000000000041421,England,http://data.ordnancesurvey.co.uk/id/country/england,,,
osgb4000000032997563,http://data.ordnancesurvey.co.uk/id/4000000032997563,The Crescent,,,,transportNetwork,Named Road,620292,135219,1000,20000,620228,135173,620357,135221,CT20,http://data.ordnancesurvey.co.uk/id/postcodedistrict/CT20,Folkestone,http://data.ordnancesurvey.co.uk/id/4000000074566736,http://www.ordnancesurvey.co.uk/xml/codelists/localtype.xml#town,Folkestone and Hythe,http://data.ordnancesurvey.co.uk/id/7000000000018085,http://data.ordnancesurvey.co.uk/ontology/admingeo/District,Kent,http://data.ordnancesurvey.co.uk/id/7000000000018210,http://data.ordnancesurvey.co.uk/ontology/admingeo/County,South East,http://data.ordnancesurvey.co.uk/id/7000000000041421,England,http://data.ordnancesurvey.co.uk/id/country/england,,,
osgb4000000032997620,http://data.ordnancesurvey.co.uk/id/4000000032997620,Avereng Gardens,,,,transportNetwork,Named Road,621796,136680,1000,20000,621742,136663,621849,136680,CT19,http://data.ordnancesurvey.co.uk/id/postcodedistrict/CT19,Folkestone,http://data.ordnancesurvey.co.uk/id/4000000074566736,http://www.ordnancesurvey.co.uk/xml/codelists/localtype.xml#town,Folkestone and Hythe,http://data.ordnancesurvey.co.uk/id/7000000000018085,http://data.ordnancesurvey.co.uk/ontology/admingeo/District,Kent,http://data.ordnancesurvey.co.uk/id/7000000000018210,http://data.ordnancesurvey.co.uk/ontology/admingeo/County,South East,http://data.ordnancesurvey.co.uk/id/7000000000041421,England,http://data.ordnancesurvey.co.uk/id/country/england,,,
osgb4000000032999648,http://data.ordnancesurvey.co.uk/id/4000000032999648,East Cliff Gardens,,,,transportNetwork,Named Road,623435,136280,1000,20000,623391,136263,623459,136334,CT19,http://data.ordnancesurvey.co.uk/id/postcodedistrict/CT19,Folkestone,http://data.ordnancesurvey.co.uk/id/4000000074566736,http://www.ordnancesurvey.co.uk/xml/codelists/localtype.xml#town,Folkestone and Hythe,http://data.ordnancesurvey.co.uk/id/7000000000018085,http://data.ordnancesurvey.co.uk/ontology/admingeo/District,Kent,http://data.ordnancesurvey.co.uk/id/7000000000018210,http://data.ordnancesurvey.co.uk/ontology/admingeo/County,South East,http://data.ordnancesurvey.co.uk/id/7000000000041421,England,http://data.ordnancesurvey.co.uk/id/country/england,,,
osgb4000000032996160,http://data.ordnancesurvey.co.uk/id/4000000032996160,Ross Way,,,,transportNetwork,Named Road,620115,136025,2000,20000,619999,135950,620239,136029,CT20,http://data.ordnancesurvey.co.uk/id/postcodedistrict/CT20,Folkestone,http://data.ordnancesurvey.co.uk/id/4000000074566736,http://www.ordnancesurvey.co.uk/xml/codelists/localtype.xml#town,Folkestone and Hythe,http://data.ordnancesurvey.co.uk/id/7000000000018085,http://data.ordnancesurvey.co.uk/ontology/admingeo/District,Kent,http://data.ordnancesurvey.co.uk/id/7000000000018210,http://data.ordnancesurvey.co.uk/ontology/admingeo/County,South East,http://data.ordnancesurvey.co.uk/id/7000000000041421,England,http://data.ordnancesurvey.co.uk/id/country/england,,,
osgb4000000032997639,http://data.ordnancesurvey.co.uk/id/4000000032997639,The Bayle,,,,transportNetwork,Named Road,623044,135947,1000,20000,622988,135896,623058,136012,CT20,http://data.ordnancesurvey.co.uk/id/postcodedistrict/CT20,Folkestone,http://data.ordnancesurvey.co.uk/id/4000000074566736,http://www.ordnancesurvey.co.uk/xml/codelists/localtype.xml#town,Folkestone and Hythe,http://data.ordnancesurvey.co.uk/id/7000000000018085,http://data.ordnancesurvey.co.uk/ontology/admingeo/District,Kent,http://data.ordnancesurvey.co.uk/id/7000000000018210,http://data.ordnancesurvey.co.uk/ontology/admingeo/County,South East,http://data.ordnancesurvey.co.uk/id/7000000000041421,England,http://data.ordnancesurvey.co.uk/id/country/england,,,
osgb4000000032997744,http://data.ordnancesurvey.co.uk/id/4000000032997744,Clarence Road,,,,transportNetwork,Named Road,624980,138536,1000,20000,624939,138433,625026,138646,CT18,http://data.ordnancesurvey.co.uk/id/postcodedistrict/CT18,Capel-le-Ferne,http://data.ordnancesurvey.co.uk/id/4000000074568384,http://www.ordnancesurvey.co.uk/xml/codelists/localtype.xml#village,Dover,http://data.ordnancesurvey.co.uk/id/7000000000017977,http://data.ordnancesurvey.co.uk/ontology/admingeo/District,Kent,http://data.ordnancesurvey.co.uk/id/7000000000018210,http://data.ordnancesurvey.co.uk/ontology/admingeo/County,South East,http://data.ordnancesurvey.co.uk/id/7000000000041421,England,http://data.ordnancesurvey.co.uk/id/country/england,,,
osgb4000000074568133,http://data.ordnancesurvey.co.uk/id/4000000074568133,Morehall,,,,populatedPlace,Suburban Area,620701,136654,6000,25000,620292,136408,621225,137267,CT19,http://data.ordnancesurvey.co.uk/id/postcodedistrict/CT19,,,,Folkestone and Hythe,http://data.ordnancesurvey.co.uk/id/7000000000018085,http://data.ordnancesurvey.co.uk/ontology/admingeo/District,Kent,http://data.ordnancesurvey.co.uk/id/7000000000018210,http://data.ordnancesurvey.co.uk/ontology/admingeo/County,South East,http://data.ordnancesurvey.co.uk/id/7000000000041421,England,http://data.ordnancesurvey.co.uk/id/country/england,,,
